1			-5.8169E+04
5			-5.8182E+04
10			-5.8210E+04
15			-5.8263E+04
20			-5.8262E+04
25			-5.8373E+04
30			-5.8400E+04
35			-5.8426E+04
40			-5.8453E+04
45			-5.8486E+04
50			-5.8498E+04
55			-5.8521E+04
60			-5.8543E+04
65			-5.8579E+04
70			-5.8598E+04
75			-5.8619E+04
80			-5.8640E+04
85			-5.8659E+04
90			-5.8679E+04
95			-5.8698E+04
100			-5.8713E+04
105			-5.8738E+04
110			-5.9069E+04
115			-5.9264E+04
120			-5.9317E+04
125			-5.9400E+04
130			-5.9403E+04
135			-5.9435E+04
140			-5.9475E+04
145			-5.9560E+04
150			-5.9619E+04
155			-5.9621E+04
160			-5.9656E+04
165			-5.9674E+04
170			-5.9726E+04
175			-5.9761E+04
180			-5.9763E+04
185			-5.9792E+04
190			-5.9825E+04
195			-5.9845E+04
200			-5.9885E+04
205			-5.9887E+04
210			-5.9906E+04
215			-5.9921E+04
220			-5.9964E+04
225			-6.0000E+04
230			-6.0001E+04
235			-6.0041E+04
240			-6.0073E+04
245			-6.0091E+04
250			-6.0109E+04
255			-6.0111E+04
260			-6.0128E+04
265			-6.0150E+04
270			-6.0176E+04
275			-6.0213E+04
280			-6.0215E+04
285			-6.0240E+04
290			-6.0260E+04
295			-6.0281E+04
300			-6.0295E+04
305			-6.0297E+04
310			-6.0314E+04
315			-6.0335E+04
320			-6.0356E+04
325			-6.0388E+04
330			-6.0389E+04
335			-6.0412E+04
340			-6.0435E+04
345			-6.0446E+04
350			-6.0468E+04
355			-6.0470E+04
360			-6.0481E+04
365			-6.0496E+04
370			-6.0541E+04
375			-6.0593E+04
380			-6.0595E+04
385			-6.0644E+04
390			-6.0672E+04
395			-6.0686E+04
400			-6.0694E+04
405			-6.0696E+04
410			-6.0704E+04
415			-6.0721E+04
420			-6.0752E+04
425			-6.0796E+04
430			-6.0797E+04
435			-6.0832E+04
440			-6.0851E+04
445			-6.0863E+04
450			-6.0870E+04
455			-6.0871E+04
460			-6.0879E+04
465			-6.0895E+04
470			-6.0917E+04
475			-6.0952E+04
480			-6.0954E+04
485			-6.0983E+04
490			-6.1001E+04
495			-6.1011E+04
500			-6.1017E+04
500			-6.1017E+04
