1			-3.7516E+04
5			-3.7865E+04
10			-3.8624E+04
15			-3.9901E+04
20			-4.1808E+04
25			-4.4205E+04
30			-4.6177E+04
35			-4.7016E+04
40			-4.7482E+04
45			-4.7941E+04
50			-4.8318E+04
55			-4.8589E+04
60			-4.8869E+04
65			-4.9115E+04
70			-4.9350E+04
75			-4.9639E+04
80			-4.9720E+04
85			-5.0026E+04
90			-5.0183E+04
95			-5.0352E+04
100			-5.0519E+04
105			-5.0594E+04
110			-5.2023E+04
115			-5.2416E+04
120			-5.2958E+04
125			-5.3314E+04
130			-5.3317E+04
135			-5.3529E+04
140			-5.3649E+04
145			-5.3932E+04
150			-5.4213E+04
155			-5.4217E+04
160			-5.4409E+04
165			-5.4528E+04
170			-5.4670E+04
175			-5.4794E+04
180			-5.4798E+04
185			-5.4905E+04
190			-5.4952E+04
195			-5.5132E+04
200			-5.5352E+04
205			-5.5356E+04
210			-5.5526E+04
215			-5.5598E+04
220			-5.5694E+04
225			-5.5747E+04
230			-5.5749E+04
235			-5.5803E+04
240			-5.5856E+04
245			-5.5974E+04
250			-5.6061E+04
255			-5.6065E+04
260			-5.6168E+04
265			-5.6221E+04
270			-5.6292E+04
275			-5.6330E+04
280			-5.6333E+04
285			-5.6378E+04
290			-5.6421E+04
295			-5.6506E+04
300			-5.6570E+04
305			-5.6573E+04
310			-5.6652E+04
315			-5.6698E+04
320			-5.6749E+04
325			-5.6781E+04
330			-5.6785E+04
335			-5.6822E+04
340			-5.6855E+04
345			-5.6922E+04
350			-5.6973E+04
355			-5.6975E+04
360			-5.7037E+04
365			-5.7077E+04
370			-5.7117E+04
375			-5.7141E+04
380			-5.7144E+04
385			-5.7175E+04
390			-5.7201E+04
395			-5.7255E+04
400			-5.7297E+04
405			-5.7300E+04
410			-5.7352E+04
415			-5.7386E+04
420			-5.7421E+04
425			-5.7440E+04
430			-5.7442E+04
435			-5.7469E+04
440			-5.7503E+04
445			-5.7534E+04
450			-5.7606E+04
455			-5.7608E+04
460			-5.7640E+04
465			-5.7662E+04
470			-5.7699E+04
475			-5.7725E+04
480			-5.7727E+04
485			-5.7763E+04
490			-5.7785E+04
495			-5.7812E+04
500			-5.7837E+04
500			-5.7837E+04
