#Atom       AtomicFlx
 150.000       1.2931
 171.000       1.2981
 195.000       1.7339
 207.000       1.5571
 226.000       1.3634
 251.000       1.4957
 265.000       1.4124
 271.000       1.4130
 286.000       1.1336
 296.000       1.0157
 320.000       1.1031
 332.000       0.9438
 352.000       0.7906
 371.000       0.9391
 388.000       1.0686
 402.000       0.9755
 421.000       1.2084
 432.000       1.2557
 444.000       1.1144
 451.000       0.8270
 463.000       0.8963
 485.000       0.9000
 499.000       0.7321
 515.000       0.7543
 534.000       0.9434
 556.000       0.9336
 571.000       0.8852
 587.000       1.0822
 607.000       1.3130
 629.000       1.3498
 639.000       1.4659
 654.000       1.7018
 660.000       1.5636
 681.000       2.0065
 703.000       1.6599
 717.000       1.3540
 731.000       1.1413
 746.000       1.1774
 761.000       0.9683
 772.000       0.8045
 791.000       1.0236
 801.000       0.9882
 811.000       0.7659
 830.000       0.9657
 852.000       1.2062
 874.000       1.0751
 896.000       1.0179
 915.000       1.1626
 921.000       1.1702
 936.000       0.9361
 955.000       0.8191
 962.000       0.9828
 972.000       1.0544
 994.000       0.8129
1010.000       0.8123
1025.000       1.0359
1047.000       1.0267
1066.000       0.8370
1083.000       0.8966
1093.000       1.0396
1110.000       1.0286
1126.000       0.9351
1148.000       0.9469
1159.000       0.9736
1181.000       0.9654
1200.000       1.0577
1210.000       1.0879
1220.000       0.9606
1239.000       1.1495
1254.000       1.1744
1260.000       0.8999
1275.000       0.7110
1285.000       0.8662
1307.000       0.9419
1314.000       0.6793
1334.000       0.7387
1344.000       0.9465
1359.000       0.8575
1381.000       0.7054
1392.000       0.8305
1411.000       0.8956
1426.000       0.9361
1445.000       0.9964
1455.000       1.0238
1479.000       1.0669
1486.000       0.8070
1505.000       1.0752
1527.000       1.2690
1537.000       1.4992
1561.000       1.7443
1582.000       2.3803
1603.000       2.7275
1617.000       3.6504
1624.000       2.6540
1638.000       1.6580
1661.000       1.1040
1667.000       1.2690
1681.000       1.2170
1703.000       1.2847
1715.000       1.0835
1727.000       0.8005
1746.000       0.9089
1768.000       0.9918
1778.000       0.8310
1789.000       0.7203
1805.000       0.8575
1827.000       0.8528
1842.000       0.6629
1858.000       0.7852
1877.000       0.9473
1899.000       0.7481
1918.000       0.6418
1939.000       0.9220
1961.000       0.9580
1971.000       0.7622
1988.000       0.8498
1999.000       0.9509
2011.000       0.8858
2021.000       0.6721
2028.000       0.6987
2050.000       0.8877
2060.000       0.8152
2072.000       0.7878
2092.000       0.9788
2099.000       1.1246
2121.000       1.1108
2138.000       1.1117
2166.000       1.2596
2172.000       1.3848
2192.000       1.0651
2211.000       0.9670
2221.000       1.2097
2243.000       1.0165
2259.000       0.9226
2279.000       1.2464
