1			-5.8320E+04
5			-5.8329E+04
10			-5.8351E+04
15			-5.8396E+04
20			-5.8456E+04
25			-5.8468E+04
30			-5.8494E+04
35			-5.8501E+04
40			-5.8526E+04
45			-5.8539E+04
50			-5.8553E+04
55			-5.8565E+04
60			-5.8577E+04
65			-5.8589E+04
70			-5.8598E+04
75			-5.8608E+04
80			-5.8618E+04
85			-5.8626E+04
90			-5.8635E+04
95			-5.8647E+04
100			-5.8651E+04
105			-5.8659E+04
110			-5.8667E+04
115			-5.8680E+04
120			-5.8686E+04
125			-5.8694E+04
130			-5.8701E+04
135			-5.8709E+04
140			-5.8716E+04
145			-5.8723E+04
150			-5.8729E+04
155			-5.8735E+04
160			-5.8741E+04
165			-5.8747E+04
170			-5.8753E+04
175			-5.8759E+04
180			-5.8765E+04
185			-5.8771E+04
190			-5.8777E+04
195			-5.8784E+04
200			-5.8787E+04
205			-5.8844E+04
210			-5.8926E+04
215			-5.8983E+04
220			-5.9007E+04
225			-5.9036E+04
230			-5.9038E+04
235			-5.9054E+04
240			-5.9070E+04
245			-5.9084E+04
250			-5.9109E+04
255			-5.9111E+04
260			-5.9118E+04
265			-5.9129E+04
270			-5.9137E+04
275			-5.9152E+04
280			-5.9154E+04
285			-5.9163E+04
290			-5.9174E+04
295			-5.9180E+04
300			-5.9191E+04
305			-5.9192E+04
310			-5.9200E+04
315			-5.9209E+04
320			-5.9216E+04
325			-5.9226E+04
330			-5.9228E+04
335			-5.9237E+04
340			-5.9247E+04
345			-5.9253E+04
350			-5.9262E+04
355			-5.9264E+04
360			-5.9270E+04
365			-5.9277E+04
370			-5.9286E+04
375			-5.9299E+04
380			-5.9300E+04
385			-5.9312E+04
390			-5.9322E+04
395			-5.9327E+04
400			-5.9334E+04
405			-5.9335E+04
410			-5.9341E+04
415			-5.9349E+04
420			-5.9354E+04
425			-5.9363E+04
430			-5.9364E+04
435			-5.9371E+04
440			-5.9378E+04
445			-5.9383E+04
450			-5.9391E+04
455			-5.9393E+04
460			-5.9398E+04
465			-5.9405E+04
470			-5.9409E+04
475			-5.9417E+04
480			-5.9418E+04
485			-5.9424E+04
490			-5.9431E+04
495			-5.9435E+04
500			-5.9444E+04
505			-5.9445E+04
510			-5.9450E+04
515			-5.9457E+04
520			-5.9461E+04
525			-5.9469E+04
530			-5.9470E+04
535			-5.9476E+04
540			-5.9483E+04
545			-5.9487E+04
550			-5.9495E+04
555			-5.9496E+04
560			-5.9502E+04
565			-5.9508E+04
570			-5.9513E+04
575			-5.9519E+04
580			-5.9520E+04
585			-5.9526E+04
590			-5.9532E+04
595			-5.9537E+04
600			-5.9544E+04
605			-5.9546E+04
610			-5.9550E+04
615			-5.9556E+04
620			-5.9561E+04
625			-5.9567E+04
630			-5.9568E+04
635			-5.9574E+04
640			-5.9581E+04
645			-5.9584E+04
650			-5.9592E+04
655			-5.9594E+04
660			-5.9598E+04
665			-5.9601E+04
670			-5.9611E+04
675			-5.9621E+04
680			-5.9622E+04
685			-5.9632E+04
690			-5.9640E+04
695			-5.9646E+04
700			-5.9653E+04
705			-5.9655E+04
710			-5.9659E+04
715			-5.9662E+04
720			-5.9674E+04
725			-5.9692E+04
730			-5.9693E+04
735			-5.9703E+04
740			-5.9713E+04
745			-5.9719E+04
750			-5.9723E+04
755			-5.9724E+04
760			-5.9727E+04
765			-5.9733E+04
770			-5.9737E+04
775			-5.9745E+04
780			-5.9746E+04
785			-5.9752E+04
790			-5.9757E+04
795			-5.9761E+04
800			-5.9765E+04
805			-5.9766E+04
810			-5.9768E+04
815			-5.9774E+04
820			-5.9778E+04
825			-5.9786E+04
830			-5.9787E+04
835			-5.9794E+04
840			-5.9800E+04
845			-5.9804E+04
850			-5.9806E+04
855			-5.9807E+04
860			-5.9810E+04
865			-5.9815E+04
870			-5.9819E+04
875			-5.9827E+04
880			-5.9829E+04
885			-5.9836E+04
890			-5.9842E+04
895			-5.9845E+04
900			-5.9848E+04
905			-5.9849E+04
910			-5.9851E+04
915			-5.9853E+04
920			-5.9862E+04
925			-5.9870E+04
930			-5.9871E+04
935			-5.9880E+04
940			-5.9886E+04
945			-5.9888E+04
950			-5.9890E+04
955			-5.9891E+04
960			-5.9892E+04
965			-5.9897E+04
970			-5.9903E+04
975			-5.9912E+04
980			-5.9913E+04
985			-5.9922E+04
990			-5.9927E+04
995			-5.9929E+04
1000			-5.9932E+04
1000			-5.9932E+04
