1			-3.4496E+04
5			-3.5712E+04
10			-3.7611E+04
15			-3.9464E+04
20			-4.1597E+04
25			-4.4073E+04
30			-4.6053E+04
35			-4.6859E+04
40			-4.7063E+04
45			-4.7868E+04
50			-4.8254E+04
55			-4.8606E+04
60			-4.8849E+04
65			-4.9109E+04
70			-4.9333E+04
75			-4.9627E+04
80			-4.9724E+04
85			-4.9902E+04
90			-5.0187E+04
95			-5.0326E+04
100			-5.0486E+04
105			-5.0627E+04
110			-5.0771E+04
115			-5.0903E+04
120			-5.1000E+04
125			-5.1117E+04
130			-5.1223E+04
135			-5.1322E+04
140			-5.1426E+04
145			-5.1561E+04
150			-5.1608E+04
155			-5.1698E+04
160			-5.1840E+04
165			-5.1916E+04
170			-5.1941E+04
175			-5.2087E+04
180			-5.2163E+04
185			-5.2233E+04
190			-5.2305E+04
195			-5.2384E+04
200			-5.2445E+04
205			-5.2486E+04
210			-5.3471E+04
215			-5.3797E+04
220			-5.4051E+04
225			-5.4216E+04
230			-5.4220E+04
235			-5.4376E+04
240			-5.4461E+04
245			-5.4561E+04
250			-5.4699E+04
255			-5.4705E+04
260			-5.4813E+04
265			-5.4858E+04
270			-5.4994E+04
275			-5.5127E+04
280			-5.5132E+04
285			-5.5242E+04
290			-5.5309E+04
295			-5.5407E+04
300			-5.5462E+04
305			-5.5465E+04
310			-5.5527E+04
315			-5.5577E+04
320			-5.5669E+04
325			-5.5739E+04
330			-5.5742E+04
335			-5.5816E+04
340			-5.5867E+04
345			-5.5940E+04
350			-5.5982E+04
355			-5.5984E+04
360			-5.6037E+04
365			-5.6083E+04
370			-5.6145E+04
375			-5.6196E+04
380			-5.6199E+04
385			-5.6259E+04
390			-5.6292E+04
395			-5.6358E+04
400			-5.6394E+04
405			-5.6396E+04
410			-5.6445E+04
415			-5.6484E+04
420			-5.6530E+04
425			-5.6572E+04
430			-5.6574E+04
435			-5.6622E+04
440			-5.6650E+04
445			-5.6705E+04
450			-5.6737E+04
455			-5.6740E+04
460			-5.6783E+04
465			-5.6814E+04
470			-5.6855E+04
475			-5.6891E+04
480			-5.6893E+04
485			-5.6932E+04
490			-5.6959E+04
495			-5.7005E+04
500			-5.7033E+04
505			-5.7036E+04
510			-5.7073E+04
515			-5.7099E+04
520			-5.7135E+04
525			-5.7168E+04
530			-5.7170E+04
535			-5.7204E+04
540			-5.7230E+04
545			-5.7268E+04
550			-5.7291E+04
555			-5.7294E+04
560			-5.7327E+04
565			-5.7348E+04
570			-5.7380E+04
575			-5.7412E+04
580			-5.7414E+04
585			-5.7447E+04
590			-5.7472E+04
595			-5.7504E+04
600			-5.7524E+04
605			-5.7527E+04
610			-5.7556E+04
615			-5.7584E+04
620			-5.7599E+04
625			-5.7662E+04
630			-5.7664E+04
635			-5.7687E+04
640			-5.7701E+04
645			-5.7756E+04
650			-5.7801E+04
655			-5.7803E+04
660			-5.7854E+04
665			-5.7882E+04
670			-5.7902E+04
675			-5.7923E+04
680			-5.7925E+04
685			-5.7942E+04
690			-5.7955E+04
695			-5.8006E+04
700			-5.8061E+04
705			-5.8063E+04
710			-5.8124E+04
715			-5.8153E+04
720			-5.8165E+04
725			-5.8177E+04
730			-5.8179E+04
735			-5.8188E+04
740			-5.8209E+04
745			-5.8293E+04
750			-5.8412E+04
755			-5.8414E+04
760			-5.8470E+04
765			-5.8487E+04
770			-5.8504E+04
775			-5.8517E+04
780			-5.8519E+04
785			-5.8528E+04
790			-5.8541E+04
795			-5.8562E+04
800			-5.8601E+04
805			-5.8603E+04
810			-5.8626E+04
815			-5.8639E+04
820			-5.8652E+04
825			-5.8658E+04
830			-5.8659E+04
835			-5.8665E+04
840			-5.8678E+04
845			-5.8701E+04
850			-5.8734E+04
855			-5.8735E+04
860			-5.8761E+04
865			-5.8774E+04
870			-5.8786E+04
875			-5.8791E+04
880			-5.8793E+04
885			-5.8798E+04
890			-5.8810E+04
895			-5.8835E+04
900			-5.8866E+04
905			-5.8868E+04
910			-5.8894E+04
915			-5.8908E+04
920			-5.8912E+04
925			-5.8919E+04
930			-5.8920E+04
935			-5.8924E+04
940			-5.8936E+04
945			-5.8981E+04
950			-5.9025E+04
955			-5.9027E+04
960			-5.9073E+04
965			-5.9086E+04
970			-5.9092E+04
975			-5.9097E+04
980			-5.9098E+04
985			-5.9102E+04
990			-5.9110E+04
995			-5.9128E+04
1000			-5.9162E+04
1000			-5.9162E+04
