       0.000           0.0000
       1.000         162.6178
       2.000         317.2665
       3.000         467.1176
       4.000         628.0707
       5.000         792.5634
       6.000         951.2258
       7.000        1080.0417
       8.000        1257.0214
       9.000        1418.0040
      10.000        1564.1128
      11.000        1748.3528
      12.000        1916.5034
      13.000        2056.2588
      14.000        2203.2083
      15.000        2362.6182
      16.000        2573.6216
      17.000        2660.7991
      18.000        2842.2749
      19.000        2980.1372
      20.000        3200.8770
      21.000        3296.6748
      22.000        3344.6184
      23.000        3384.9790
      24.000        3500.5398
      25.000        3538.0566
      26.000        3675.4863
      27.000        3723.0127
      28.000        3834.2852
      29.000        3935.0811
      30.000        3983.0969
      31.000        4076.2610
      32.000        4089.5098
      33.000        4270.6689
      34.000        4325.9941
      35.000        4364.7007
      36.000        4427.9980
      37.000        4554.2446
      38.000        4596.9263
      39.000        4670.1689
      40.000        4762.8032
      41.000        4893.0845
      42.000        4974.5786
      43.000        4976.7554
      44.000        5029.8872
      45.000        5192.7695
      46.000        5232.3340
      47.000        5314.8950
      48.000        5374.1729
      49.000        5508.3857
      50.000        5528.5107
      51.000        5651.2432
      52.000        5667.4536
      53.000        5885.8760
      54.000        5839.5615
      55.000        5992.0171
      56.000        6144.7490
      57.000        6188.3198
      58.000        6275.4209
      59.000        6196.3511
      60.000        6347.4092
      61.000        6510.4731
      62.000        6451.1885
      63.000        6391.3926
      64.000        6532.1172
      65.000        6496.3213
      66.000        6626.8022
      67.000        6674.1328
      68.000        6686.2266
      69.000        6827.0303
      70.000        6739.8462
      71.000        6847.4800
      72.000        6823.2329
      73.000        6835.0518
      74.000        6952.6021
      75.000        6992.6206
      76.000        6951.3545
      77.000        7062.6455
      78.000        7148.8994
      79.000        7087.0508
      80.000        7185.4551
      81.000        7195.1006
      82.000        7320.0127
      83.000        7184.1885
      84.000        7228.8301
      85.000        7325.7412
      86.000        7467.0186
      87.000        7362.9443
      88.000        7476.2998
      89.000        7534.2427
      90.000        7648.0068
      91.000        7658.6294
      92.000        7635.9292
      93.000        7673.8364
      94.000        7810.9370
      95.000        7722.6333
      96.000        7845.5278
      97.000        7852.4814
      98.000        8022.1099
      99.000        8022.9399
     100.000        7961.0977
     101.000        8089.0342
     102.000        8015.9512
     103.000        8069.7446
     104.000        8153.4424
     105.000        8102.2407
     106.000        8222.5010
     107.000        8256.9160
     108.000        8270.1348
     109.000        8230.6426
     110.000        8383.0859
     111.000        8418.2578
     112.000        8427.7188
     113.000        8469.4512
     114.000        8553.2793
     115.000        8523.9189
     116.000        8502.5625
     117.000        8645.4150
     118.000        8718.5811
     119.000        8759.8643
     120.000        8822.7148
     121.000        8693.4355
     122.000        8788.8672
     123.000        8926.9102
     124.000        9009.2178
     125.000        8953.3291
     126.000        9059.4707
     127.000        9038.0752
     128.000        9038.8213
     129.000        9153.8154
     130.000        9129.2715
     131.000        9082.6719
     132.000        9339.3330
     133.000        9252.5283
     134.000        9355.0957
     135.000        9334.7773
     136.000        9460.1777
     137.000        9424.2383
     138.000        9347.8203
     139.000        9466.9775
     140.000        9512.0039
     141.000        9615.1016
     142.000        9652.8584
     143.000        9668.9092
     144.000        9646.9043
     145.000        9685.8340
     146.000        9485.8809
     147.000        9551.4941
     148.000        9448.1240
     149.000        9671.2559
     150.000        9551.9756
     151.000        9567.0195
     152.000        9533.8203
     153.000        9561.8760
     154.000        9560.1016
     155.000        9601.5117
     156.000        9602.4600
     157.000        9642.3936
     158.000        9530.1318
     159.000        9621.1650
     160.000        9713.7441
     161.000        9559.6875
     162.000        9483.3301
     163.000        9560.3057
     164.000        9627.7969
     165.000        9565.0029
     166.000        9511.4941
     167.000        9726.4326
     168.000        9645.3838
     169.000        9552.4658
     170.000        9616.5615
     171.000        9559.9658
     172.000        9494.1689
     173.000        9410.8398
     174.000        9454.2178
     175.000        9595.7676
     176.000        9334.0049
     177.000        9543.5986
     178.000        9586.7852
     179.000        9535.4629
     180.000        9533.1660
     181.000        9558.0518
     182.000        9373.7432
     183.000        9498.6279
     184.000        9563.5566
     185.000        9557.7939
     186.000        9641.5889
     187.000        9605.6807
     188.000        9481.9473
     189.000        9501.5498
     190.000        9606.4619
     191.000        9619.8711
     192.000        9324.0049
     193.000        9436.2207
     194.000        9630.2627
     195.000        9396.4023
     196.000        9576.4102
     197.000        9386.9443
     198.000        9401.7832
     199.000        9759.9258
     200.000        9484.8594
     201.000        9576.1699
     202.000        9453.8438
     203.000        9545.6826
     204.000        9650.5215
     205.000        9524.4590
     206.000        9453.5322
     207.000        9458.0898
     208.000        9573.6533
     209.000        9538.5879
     210.000        9577.3398
     211.000        9413.1025
     212.000        9455.7021
     213.000        9515.6035
     214.000        9551.0371
     215.000        9635.6582
     216.000        9477.4248
     217.000        9553.0049
     218.000        9606.7178
     219.000        9425.9414
     220.000        9508.2578
     221.000        9442.7334
     222.000        9493.4102
     223.000        9530.5166
     224.000        9618.5371
     225.000        9670.7373
     226.000        9526.4844
     227.000        9524.6514
     228.000        9682.5371
     229.000        9619.0029
     230.000        9603.0713
     231.000        9605.3076
     232.000        9503.1279
     233.000        9537.2432
     234.000        9624.3594
     235.000        9505.3730
     236.000        9493.1396
     237.000        9450.2412
     238.000        9478.7617
     239.000        9481.7334
     240.000        9521.1787
     241.000        9626.3525
     242.000        9527.0273
     243.000        9476.3926
     244.000        9599.8242
     245.000        9558.6992
     246.000        9606.0000
     247.000        9591.5908
     248.000        9672.7598
     249.000        9710.4277
     250.000        9573.2637
     251.000        9503.8242
     252.000        9645.5684
     253.000        9588.7949
     254.000        9621.8379
     255.000        9567.4307
     256.000        9284.4512
     257.000        9542.3145
     258.000        9595.4814
     259.000        9592.0586
     260.000        9528.1816
     261.000        9559.1943
     262.000        9605.9434
     263.000        9415.7363
     264.000        9448.4951
     265.000        9608.0039
     266.000        9505.8125
     267.000        9633.7646
     268.000        9531.4131
     269.000        9650.6777
     270.000        9520.6836
     271.000        9577.7529
     272.000        9386.5967
     273.000        9625.5186
     274.000        9563.3887
     275.000        9428.9434
     276.000        9424.6924
     277.000        9546.3877
     278.000        9614.7314
     279.000        9528.4453
     280.000        9540.9570
     281.000        9511.9766
     282.000        9541.9053
     283.000        9645.1064
     284.000        9484.8584
     285.000        9537.2080
     286.000        9505.7490
     287.000        9479.9219
     288.000        9631.6377
     289.000        9567.2373
     290.000        9525.1025
     291.000        9518.4600
     292.000        9565.6201
     293.000        9619.6729
     294.000        9579.0703
     295.000        9637.9307
     296.000        9690.2324
     297.000        9517.0371
     298.000        9521.5479
     299.000        9618.1016
     300.000        9638.9023
     301.000        9561.9316
     302.000        9535.1172
     303.000        9514.2256
     304.000        9433.3086
     305.000        9720.6836
     306.000        9494.8574
     307.000        9658.0605
     308.000        9547.7383
     309.000        9470.6523
     310.000        9609.0312
     311.000        9638.0479
     312.000        9590.9395
     313.000        9481.7441
     314.000        9465.3672
     315.000        9549.2227
     316.000        9509.7861
     317.000        9511.1025
     318.000        9585.8096
     319.000        9595.3926
     320.000        9489.1006
     321.000        9572.3389
     322.000        9429.1523
     323.000        9618.4893
     324.000        9499.6582
     325.000        9456.1133
     326.000        9550.1758
     327.000        9627.4238
     328.000        9648.0273
     329.000        9660.8770
     330.000        9474.0850
     331.000        9482.5010
     332.000        9578.1523
     333.000        9689.3965
     334.000        9628.6650
     335.000        9545.8164
     336.000        9478.0410
     337.000        9469.5713
     338.000        9493.3682
     339.000        9593.6963
     340.000        9616.8340
     341.000        9622.4727
     342.000        9520.0010
     343.000        9495.2969
     344.000        9665.2441
     345.000        9514.7725
     346.000        9678.4629
     347.000        9614.8906
     348.000        9549.9541
     349.000        9657.8301
     350.000        9422.3213
     351.000        9612.3760
     352.000        9657.8770
     353.000        9560.8242
     354.000        9536.3926
     355.000        9597.9512
     356.000        9661.7998
     357.000        9435.4639
     358.000        9557.9629
     359.000        9548.9736
     360.000        9548.9238
     361.000        9634.0654
     362.000        9553.8174
     363.000        9572.6777
     364.000        9573.7646
     365.000        9605.4805
     366.000        9546.7354
     367.000        9446.8096
     368.000        9508.3379
     369.000        9538.9902
     370.000        9517.3311
     371.000        9622.6133
     372.000        9546.3662
     373.000        9584.8252
     374.000        9521.9375
     375.000        9559.5410
     376.000        9444.3721
     377.000        9454.6445
     378.000        9660.0449
     379.000        9767.0117
     380.000        9621.0635
     381.000        9635.2412
     382.000        9569.8926
     383.000        9558.1299
     384.000        9475.5127
     385.000        9450.0156
     386.000        9613.0732
     387.000        9583.4551
     388.000        9508.3281
     389.000        9400.7061
     390.000        9557.8027
     391.000        9599.3643
     392.000        9334.3242
     393.000        9590.9941
     394.000        9588.7812
     395.000        9590.8340
     396.000        9543.8389
     397.000        9584.7686
     398.000        9746.9648
     399.000        9448.0215
     400.000        9516.1113
