       0.000      -64264.9078
       1.000      -56253.2224
       2.000      -56352.9397
       3.000      -56370.7516
       4.000      -56330.9911
       5.000      -56271.4574
       6.000      -56211.6872
       7.000      -56127.1541
       8.000      -56030.5510
       9.000      -55904.4997
      10.000      -55820.4043
      11.000      -55723.9262
      12.000      -55587.5373
      13.000      -55487.9204
      14.000      -55352.5262
      15.000      -55250.7770
      16.000      -55121.1169
      17.000      -55012.4448
      18.000      -54906.6426
      19.000      -54816.5167
      20.000      -54624.4087
      21.000      -54603.1246
      22.000      -54575.6215
      23.000      -54508.3789
      24.000      -54483.9814
      25.000      -54456.6789
      26.000      -54429.9095
      27.000      -54354.2406
      28.000      -54351.2473
      29.000      -54273.0513
      30.000      -54260.9676
      31.000      -54111.5950
      32.000      -54014.1055
      33.000      -54023.7656
      34.000      -53886.6596
      35.000      -53873.9677
      36.000      -53885.9380
      37.000      -53651.7508
      38.000      -53692.2019
      39.000      -53593.0353
      40.000      -53550.9519
      41.000      -53435.4019
      42.000      -53468.4083
      43.000      -53305.3736
      44.000      -53134.1067
      45.000      -53156.6264
      46.000      -53028.4868
      47.000      -52930.7792
      48.000      -52780.3777
      49.000      -52771.3346
      50.000      -52667.8628
      51.000      -52686.0937
      52.000      -52516.8458
      53.000      -52435.1008
      54.000      -52197.7670
      55.000      -52171.3083
      56.000      -52060.5080
      57.000      -51922.0113
      58.000      -51836.4183
      59.000      -51778.1094
      60.000      -51754.8695
      61.000      -51630.5926
      62.000      -51665.4941
      63.000      -51569.7036
      64.000      -51511.3719
      65.000      -51322.8797
      66.000      -51267.6847
      67.000      -51220.4979
      68.000      -51190.1284
      69.000      -51013.6737
      70.000      -50905.6014
      71.000      -50770.7116
      72.000      -50791.4660
      73.000      -50781.3599
      74.000      -50635.0829
      75.000      -50641.1661
      76.000      -50656.3060
      77.000      -50509.3381
      78.000      -50318.7025
      79.000      -50210.8196
      80.000      -50042.0253
      81.000      -50065.7920
      82.000      -49886.0444
      83.000      -49868.2036
      84.000      -49893.8384
      85.000      -49836.3022
      86.000      -49590.5907
      87.000      -49693.8537
      88.000      -49498.6224
      89.000      -49457.8989
      90.000      -49297.7701
      91.000      -49172.9063
      92.000      -49190.7310
      93.000      -49064.2423
      94.000      -48908.2376
      95.000      -48809.6386
      96.000      -48655.4309
      97.000      -48572.6661
      98.000      -48494.3546
      99.000      -48400.6827
     100.000      -48425.2815
     101.000      -48387.3227
     102.000      -48282.4147
     103.000      -48216.3313
     104.000      -48116.6599
     105.000      -48076.6037
     106.000      -48120.2434
     107.000      -47960.2548
     108.000      -47923.8231
     109.000      -47852.9657
     110.000      -47697.3354
     111.000      -47703.0161
     112.000      -47618.6835
     113.000      -47454.3994
     114.000      -47257.3134
     115.000      -47200.7132
     116.000      -47179.4459
     117.000      -47130.8908
     118.000      -46982.8066
     119.000      -46892.3360
     120.000      -46874.0002
     121.000      -46899.4379
     122.000      -46731.6105
     123.000      -46783.5752
     124.000      -46607.3341
     125.000      -46467.8829
     126.000      -46272.9965
     127.000      -46270.6882
     128.000      -46135.5290
     129.000      -46244.8466
     130.000      -46020.8890
     131.000      -46164.1434
     132.000      -46010.5089
     133.000      -46072.0309
     134.000      -45869.9663
     135.000      -45674.7486
     136.000      -45598.7292
     137.000      -45736.0624
     138.000      -45455.8347
     139.000      -45478.8800
     140.000      -45421.6496
     141.000      -45415.5947
     142.000      -45267.3616
     143.000      -45374.9229
     144.000      -45344.9226
     145.000      -45177.8384
     146.000      -45463.0428
     147.000      -45315.8099
     148.000      -45374.3712
     149.000      -45476.2809
     150.000      -45302.6657
     151.000      -45321.4161
     152.000      -45308.6547
     153.000      -45156.5668
     154.000      -45168.6846
     155.000      -45509.0934
     156.000      -45353.4073
     157.000      -45161.8563
     158.000      -45508.2917
     159.000      -45451.6945
     160.000      -45570.3198
     161.000      -45393.0337
     162.000      -45278.5950
     163.000      -45224.9990
     164.000      -45202.0868
     165.000      -45180.4025
     166.000      -45333.4771
     167.000      -45312.7744
     168.000      -45361.0373
     169.000      -45353.6779
     170.000      -45474.1071
     171.000      -45450.8202
     172.000      -45279.9807
     173.000      -45167.6629
     174.000      -45263.9332
     175.000      -45688.3341
     176.000      -45519.6625
     177.000      -45496.5667
     178.000      -45297.2332
     179.000      -45434.4552
     180.000      -45401.7873
     181.000      -45536.0106
     182.000      -45509.0148
     183.000      -45450.4337
     184.000      -45583.0343
     185.000      -45527.2323
     186.000      -45491.3178
     187.000      -45622.1217
     188.000      -45483.2594
     189.000      -45485.2157
     190.000      -45478.6696
     191.000      -45476.9004
     192.000      -45630.6428
     193.000      -45386.3043
     194.000      -45333.9520
     195.000      -45325.6922
     196.000      -45331.3295
     197.000      -45332.2761
     198.000      -45263.6773
     199.000      -45332.5336
     200.000      -45399.4579
     201.000      -45463.8965
     202.000      -45310.7886
     203.000      -45301.8637
     204.000      -45293.0962
     205.000      -45559.4156
     206.000      -45483.3492
     207.000      -45398.8689
     208.000      -45393.3864
     209.000      -45457.9590
     210.000      -45623.0846
     211.000      -45378.8508
     212.000      -45330.6524
     213.000      -45473.2825
     214.000      -45517.6400
     215.000      -45627.4179
     216.000      -45402.3555
     217.000      -45429.8443
     218.000      -45614.9216
     219.000      -45680.4371
     220.000      -45547.8806
     221.000      -45273.4756
     222.000      -45573.0840
     223.000      -45638.3130
     224.000      -45449.7873
     225.000      -45502.4854
     226.000      -45498.0542
     227.000      -45340.4568
     228.000      -45511.6984
     229.000      -45485.8317
     230.000      -45404.6311
     231.000      -45632.1481
     232.000      -45351.6942
     233.000      -45442.5929
     234.000      -45367.7492
     235.000      -45715.5854
     236.000      -45501.6208
     237.000      -45589.2184
     238.000      -45596.4337
     239.000      -45401.3195
     240.000      -45589.3489
     241.000      -45321.5364
     242.000      -45558.7678
     243.000      -45452.2242
     244.000      -45384.8977
     245.000      -45464.0814
     246.000      -45510.0780
     247.000      -45206.1794
     248.000      -45484.0561
     249.000      -45533.1797
     250.000      -45276.8004
     251.000      -45212.6801
     252.000      -45455.5512
     253.000      -45238.6970
     254.000      -45625.3421
     255.000      -45354.5176
     256.000      -45599.5858
     257.000      -45616.9678
     258.000      -45489.1834
     259.000      -45604.4334
     260.000      -45482.1753
     261.000      -45497.4401
     262.000      -45301.0161
     263.000      -45370.3207
     264.000      -45455.5904
     265.000      -45676.6329
     266.000      -45595.9499
     267.000      -45596.5752
     268.000      -45289.8207
     269.000      -45376.9604
     270.000      -45667.5328
     271.000      -45396.6326
     272.000      -45641.6263
     273.000      -45492.9503
     274.000      -45498.3425
     275.000      -45614.8534
     276.000      -45443.5119
     277.000      -45626.8857
     278.000      -45458.0549
     279.000      -45437.7251
     280.000      -45452.6961
     281.000      -45652.9150
     282.000      -45447.1013
     283.000      -45553.9417
     284.000      -45534.4477
     285.000      -45455.6549
     286.000      -45638.7567
     287.000      -45402.0202
     288.000      -45378.3969
     289.000      -45533.9045
     290.000      -45587.8323
     291.000      -45502.1655
     292.000      -45397.4657
     293.000      -45603.8023
     294.000      -45560.7859
     295.000      -45529.2412
     296.000      -45446.5532
     297.000      -45425.1473
     298.000      -45339.5239
     299.000      -45361.3628
     300.000      -45555.3006
     301.000      -45639.5913
     302.000      -45456.8021
     303.000      -45527.9628
     304.000      -45590.2741
     305.000      -45435.6653
     306.000      -45396.1715
     307.000      -45412.7975
     308.000      -45443.2464
     309.000      -45315.4315
     310.000      -45474.4238
     311.000      -45401.9429
     312.000      -45444.4267
     313.000      -45652.1863
     314.000      -45620.0992
     315.000      -45608.0711
     316.000      -45376.7259
     317.000      -45435.5120
     318.000      -45565.8828
     319.000      -45755.6299
     320.000      -45533.7467
     321.000      -45585.6361
     322.000      -45458.7370
     323.000      -45664.2366
     324.000      -45427.5606
     325.000      -45418.5090
     326.000      -45301.2030
     327.000      -45491.8415
     328.000      -45481.6815
     329.000      -45418.4195
     330.000      -45498.1601
     331.000      -45601.6489
     332.000      -45656.3771
     333.000      -45627.3250
     334.000      -45725.7839
     335.000      -45604.2566
     336.000      -45570.3396
     337.000      -45472.3246
     338.000      -45560.3705
     339.000      -45579.3886
     340.000      -45540.2633
     341.000      -45451.1187
     342.000      -45622.9427
     343.000      -45551.1724
     344.000      -45360.0423
     345.000      -45593.6983
     346.000      -45652.0989
     347.000      -45484.9270
     348.000      -45655.6683
     349.000      -45584.1908
     350.000      -45457.3815
     351.000      -45478.9571
     352.000      -45568.7493
     353.000      -45546.9577
     354.000      -45516.5676
     355.000      -45491.5411
     356.000      -45501.2998
     357.000      -45588.2488
     358.000      -45345.2020
     359.000      -45414.6578
     360.000      -45564.2039
     361.000      -45715.3521
     362.000      -45672.2965
     363.000      -45601.1924
     364.000      -45601.2388
     365.000      -45576.3125
     366.000      -45452.7043
     367.000      -45490.7100
     368.000      -45717.8320
     369.000      -45579.0668
     370.000      -45378.2048
     371.000      -45478.3770
     372.000      -45658.6639
     373.000      -45452.6088
     374.000      -45475.3191
     375.000      -45486.5110
     376.000      -45478.9404
     377.000      -45549.5984
     378.000      -45456.6484
     379.000      -45502.7151
     380.000      -45473.2860
     381.000      -45714.3251
     382.000      -45552.0652
     383.000      -45380.3488
     384.000      -45528.7878
     385.000      -45462.5196
     386.000      -45489.4150
     387.000      -45421.3011
     388.000      -45589.2070
     389.000      -45308.8794
     390.000      -45510.7042
     391.000      -45478.1402
     392.000      -45542.4296
     393.000      -45466.8012
     394.000      -45529.9024
     395.000      -45530.6995
     396.000      -45466.9260
     397.000      -45503.8305
     398.000      -45450.4369
     399.000      -45485.2794
     400.000      -45556.0831
