       0.000      -64264.9078
       1.000      -56090.6046
       2.000      -56035.6732
       3.000      -55903.6341
       4.000      -55702.9204
       5.000      -55478.8939
       6.000      -55260.4613
       7.000      -55047.1123
       8.000      -54773.5296
       9.000      -54486.4957
      10.000      -54256.2915
      11.000      -53975.5735
      12.000      -53671.0339
      13.000      -53431.6616
      14.000      -53149.3180
      15.000      -52888.1588
      16.000      -52547.4953
      17.000      -52351.6457
      18.000      -52064.3677
      19.000      -51836.3795
      20.000      -51423.5317
      21.000      -51306.4498
      22.000      -51231.0031
      23.000      -51123.3999
      24.000      -50983.4416
      25.000      -50918.6223
      26.000      -50754.4232
      27.000      -50631.2279
      28.000      -50516.9621
      29.000      -50337.9702
      30.000      -50277.8706
      31.000      -50035.3340
      32.000      -49924.5957
      33.000      -49753.0967
      34.000      -49560.6654
      35.000      -49509.2670
      36.000      -49457.9399
      37.000      -49097.5062
      38.000      -49095.2756
      39.000      -48922.8664
      40.000      -48788.1487
      41.000      -48542.3175
      42.000      -48493.8297
      43.000      -48328.6182
      44.000      -48104.2195
      45.000      -47963.8569
      46.000      -47796.1528
      47.000      -47615.8842
      48.000      -47406.2048
      49.000      -47262.9489
      50.000      -47139.3521
      51.000      -47034.8506
      52.000      -46849.3921
      53.000      -46549.2248
      54.000      -46358.2054
      55.000      -46179.2912
      56.000      -45915.7590
      57.000      -45733.6915
      58.000      -45560.9974
      59.000      -45581.7583
      60.000      -45407.4603
      61.000      -45120.1194
      62.000      -45214.3056
      63.000      -45178.3111
      64.000      -44979.2547
      65.000      -44826.5584
      66.000      -44640.8824
      67.000      -44546.3651
      68.000      -44503.9019
      69.000      -44186.6435
      70.000      -44165.7552
      71.000      -43923.2316
      72.000      -43968.2331
      73.000      -43946.3081
      74.000      -43682.4808
      75.000      -43648.5455
      76.000      -43704.9515
      77.000      -43446.6926
      78.000      -43169.8031
      79.000      -43123.7688
      80.000      -42856.5702
      81.000      -42870.6914
      82.000      -42566.0317
      83.000      -42684.0152
      84.000      -42665.0084
      85.000      -42510.5610
      86.000      -42123.5721
      87.000      -42330.9093
      88.000      -42022.3226
      89.000      -41923.6562
      90.000      -41649.7632
      91.000      -41514.2769
      92.000      -41554.8018
      93.000      -41390.4059
      94.000      -41097.3006
      95.000      -41087.0053
      96.000      -40809.9030
      97.000      -40720.1846
      98.000      -40472.2447
      99.000      -40377.7428
     100.000      -40464.1838
     101.000      -40298.2885
     102.000      -40266.4635
     103.000      -40146.5867
     104.000      -39963.2175
     105.000      -39974.3630
     106.000      -39897.7424
     107.000      -39703.3387
     108.000      -39653.6883
     109.000      -39622.3231
     110.000      -39314.2495
     111.000      -39284.7583
     112.000      -39190.9648
     113.000      -38984.9483
     114.000      -38704.0341
     115.000      -38676.7943
     116.000      -38676.8834
     117.000      -38485.4758
     118.000      -38264.2255
     119.000      -38132.4717
     120.000      -38051.2853
     121.000      -38206.0024
     122.000      -37942.7433
     123.000      -37856.6651
     124.000      -37598.1163
     125.000      -37514.5538
     126.000      -37213.5258
     127.000      -37232.6130
     128.000      -37096.7077
     129.000      -37091.0311
     130.000      -36891.6175
     131.000      -37081.4716
     132.000      -36671.1759
     133.000      -36819.5025
     134.000      -36514.8706
     135.000      -36339.9712
     136.000      -36138.5514
     137.000      -36311.8241
     138.000      -36108.0143
     139.000      -36011.9025
     140.000      -35909.6457
     141.000      -35800.4932
     142.000      -35614.5032
     143.000      -35706.0137
     144.000      -35698.0183
     145.000      -35492.0045
     146.000      -35977.1620
     147.000      -35764.3158
     148.000      -35926.2472
     149.000      -35805.0251
     150.000      -35750.6901
     151.000      -35754.3965
     152.000      -35774.8344
     153.000      -35594.6908
     154.000      -35608.5830
     155.000      -35907.5817
     156.000      -35750.9473
     157.000      -35519.4628
     158.000      -35978.1599
     159.000      -35830.5295
     160.000      -35856.5757
     161.000      -35833.3462
     162.000      -35795.2649
     163.000      -35664.6933
     164.000      -35574.2899
     165.000      -35615.3996
     166.000      -35821.9830
     167.000      -35586.3417
     168.000      -35715.6535
     169.000      -35801.2121
     170.000      -35857.5455
     171.000      -35890.8544
     172.000      -35785.8117
     173.000      -35756.8230
     174.000      -35809.7154
     175.000      -36092.5665
     176.000      -36185.6576
     177.000      -35952.9681
     178.000      -35710.4481
     179.000      -35898.9923
     180.000      -35868.6213
     181.000      -35977.9588
     182.000      -36135.2716
     183.000      -35951.8058
     184.000      -36019.4776
     185.000      -35969.4384
     186.000      -35849.7289
     187.000      -36016.4410
     188.000      -36001.3121
     189.000      -35983.6659
     190.000      -35872.2076
     191.000      -35857.0293
     192.000      -36306.6379
     193.000      -35950.0836
     194.000      -35703.6893
     195.000      -35929.2899
     196.000      -35754.9193
     197.000      -35945.3318
     198.000      -35861.8941
     199.000      -35572.6078
     200.000      -35914.5985
     201.000      -35887.7266
     202.000      -35856.9449
     203.000      -35756.1811
     204.000      -35642.5747
     205.000      -36034.9566
     206.000      -36029.8170
     207.000      -35940.7790
     208.000      -35819.7331
     209.000      -35919.3711
     210.000      -36045.7447
     211.000      -35965.7483
     212.000      -35874.9503
     213.000      -35957.6789
     214.000      -35966.6028
     215.000      -35991.7597
     216.000      -35924.9307
     217.000      -35876.8394
     218.000      -36008.2038
     219.000      -36254.4957
     220.000      -36039.6228
     221.000      -35830.7422
     222.000      -36079.6738
     223.000      -36107.7964
     224.000      -35831.2502
     225.000      -35831.7481
     226.000      -35971.5698
     227.000      -35815.8055
     228.000      -35829.1613
     229.000      -35866.8288
     230.000      -35801.5598
     231.000      -36026.8405
     232.000      -35848.5663
     233.000      -35905.3497
     234.000      -35743.3898
     235.000      -36210.2123
     236.000      -36008.4811
     237.000      -36138.9772
     238.000      -36117.6720
     239.000      -35919.5861
     240.000      -36068.1702
     241.000      -35695.1839
     242.000      -36031.7404
     243.000      -35975.8316
     244.000      -35785.0735
     245.000      -35905.3822
     246.000      -35904.0780
     247.000      -35614.5886
     248.000      -35811.2963
     249.000      -35822.7519
     250.000      -35703.5367
     251.000      -35708.8559
     252.000      -35809.9828
     253.000      -35649.9021
     254.000      -36003.5042
     255.000      -35787.0870
     256.000      -36315.1346
     257.000      -36074.6534
     258.000      -35893.7019
     259.000      -36012.3748
     260.000      -35953.9937
     261.000      -35938.2458
     262.000      -35695.0727
     263.000      -35954.5843
     264.000      -36007.0953
     265.000      -36068.6290
     266.000      -36090.1374
     267.000      -35962.8105
     268.000      -35758.4076
     269.000      -35726.2827
     270.000      -36146.8492
     271.000      -35818.8796
     272.000      -36255.0296
     273.000      -35867.4318
     274.000      -35934.9539
     275.000      -36185.9101
     276.000      -36018.8195
     277.000      -36080.4981
     278.000      -35843.3234
     279.000      -35909.2798
     280.000      -35911.7391
     281.000      -36140.9384
     282.000      -35905.1960
     283.000      -35908.8353
     284.000      -36049.5893
     285.000      -35918.4469
     286.000      -36133.0077
     287.000      -35922.0983
     288.000      -35746.7592
     289.000      -35966.6672
     290.000      -36062.7298
     291.000      -35983.7055
     292.000      -35831.8456
     293.000      -35984.1294
     294.000      -35981.7156
     295.000      -35891.3106
     296.000      -35756.3208
     297.000      -35908.1102
     298.000      -35817.9761
     299.000      -35743.2612
     300.000      -35916.3983
     301.000      -36077.6596
     302.000      -35921.6849
     303.000      -36013.7372
     304.000      -36156.9655
     305.000      -35714.9817
     306.000      -35901.3141
     307.000      -35754.7369
     308.000      -35895.5081
     309.000      -35844.7791
     310.000      -35865.3925
     311.000      -35763.8950
     312.000      -35853.4872
     313.000      -36170.4422
     314.000      -36154.7320
     315.000      -36058.8484
     316.000      -35866.9397
     317.000      -35924.4094
     318.000      -35980.0732
     319.000      -36160.2373
     320.000      -36044.6461
     321.000      -36013.2973
     322.000      -36029.5847
     323.000      -36045.7473
     324.000      -35927.9024
     325.000      -35962.3957
     326.000      -35751.0272
     327.000      -35864.4176
     328.000      -35833.6541
     329.000      -35757.5426
     330.000      -36024.0751
     331.000      -36119.1480
     332.000      -36078.2248
     333.000      -35937.9286
     334.000      -36097.1189
     335.000      -36058.4402
     336.000      -36092.2985
     337.000      -36002.7533
     338.000      -36067.0023
     339.000      -35985.6923
     340.000      -35923.4293
     341.000      -35828.6460
     342.000      -36102.9417
     343.000      -36055.8756
     344.000      -35694.7982
     345.000      -36078.9258
     346.000      -35973.6361
     347.000      -35870.0364
     348.000      -36105.7142
     349.000      -35926.3608
     350.000      -36035.0602
     351.000      -35866.5812
     352.000      -35910.8724
     353.000      -35986.1335
     354.000      -35980.1750
     355.000      -35893.5899
     356.000      -35839.5000
     357.000      -36152.7850
     358.000      -35787.2391
     359.000      -35865.6842
     360.000      -36015.2800
     361.000      -36081.2867
     362.000      -36118.4791
     363.000      -36028.5147
     364.000      -36027.4741
     365.000      -35970.8321
     366.000      -35905.9689
     367.000      -36043.9004
     368.000      -36209.4941
     369.000      -36040.0765
     370.000      -35860.8737
     371.000      -35855.7638
     372.000      -36112.2977
     373.000      -35867.7836
     374.000      -35953.3816
     375.000      -35926.9700
     376.000      -36034.5683
     377.000      -36094.9539
     378.000      -35796.6035
     379.000      -35735.7034
     380.000      -35852.2226
     381.000      -36079.0839
     382.000      -35982.1726
     383.000      -35822.2189
     384.000      -36053.2751
     385.000      -36012.5040
     386.000      -35876.3417
     387.000      -35837.8461
     388.000      -36080.8789
     389.000      -35908.1733
     390.000      -35952.9014
     391.000      -35878.7760
     392.000      -36208.1054
     393.000      -35875.8070
     394.000      -35941.1211
     395.000      -35939.8655
     396.000      -35923.0872
     397.000      -35919.0619
     398.000      -35703.4720
     399.000      -36037.2579
     400.000      -36039.9718
