       0.000       0.00
       1.000       5.01
       2.000       9.97
       3.000      14.80
       4.000      19.79
       5.000      24.81
       6.000      29.42
       7.000      34.84
       8.000      39.75
       9.000      45.20
      10.000      49.50
      11.000      54.60
      12.000      59.84
      13.000      64.96
      14.000      70.11
      15.000      75.04
      16.000      80.63
      17.000      84.16
      18.000      89.63
      19.000      93.29
      20.000     101.31
      21.000     103.01
      22.000     104.86
      23.000     105.12
      24.000     110.28
      25.000     112.84
      26.000     114.82
      27.000     116.34
      28.000     119.22
      29.000     122.44
      30.000     123.55
      31.000     127.94
      32.000     129.55
      33.000     131.99
      34.000     136.19
      35.000     136.80
      36.000     140.93
      37.000     141.99
      38.000     146.36
      39.000     148.49
      40.000     150.01
      41.000     154.63
      42.000     153.94
      43.000     156.80
      44.000     160.47
      45.000     163.90
      46.000     166.36
      47.000     170.14
      48.000     170.49
      49.000     172.44
      50.000     173.93
      51.000     179.33
      52.000     179.46
      53.000     179.96
      54.000     182.22
      55.000     187.54
      56.000     190.07
      57.000     190.46
      58.000     195.13
      59.000     194.63
      60.000     199.25
      61.000     203.69
      62.000     202.19
      63.000     204.19
      64.000     207.26
      65.000     204.70
      66.000     206.50
      67.000     208.87
      68.000     209.06
      69.000     209.59
      70.000     215.23
      71.000     214.01
      72.000     214.40
      73.000     212.31
      74.000     218.26
      75.000     219.56
      76.000     219.98
      77.000     222.08
      78.000     222.52
      79.000     224.67
      80.000     224.22
      81.000     224.27
      82.000     228.92
      83.000     227.45
      84.000     226.71
      85.000     229.96
      86.000     231.11
      87.000     233.46
      88.000     233.97
      89.000     239.05
      90.000     237.90
      91.000     241.45
      92.000     239.06
      93.000     244.23
      94.000     241.03
      95.000     242.04
      96.000     245.98
      97.000     242.68
      98.000     245.10
      99.000     248.37
     100.000     250.05
     101.000     253.15
     102.000     251.23
     103.000     255.81
     104.000     253.50
     105.000     257.57
     106.000     257.61
     107.000     257.80
     108.000     257.53
     109.000     263.41
     110.000     265.13
     111.000     267.60
     112.000     265.17
     113.000     268.10
     114.000     265.43
     115.000     268.60
     116.000     271.46
     117.000     273.77
     118.000     272.65
     119.000     275.78
     120.000     275.70
     121.000     275.48
     122.000     280.34
     123.000     278.15
     124.000     279.95
     125.000     281.73
     126.000     283.14
     127.000     284.54
     128.000     287.65
     129.000     283.28
     130.000     287.94
     131.000     289.74
     132.000     286.57
     133.000     287.21
     134.000     292.17
     135.000     294.90
     136.000     295.46
     137.000     297.84
     138.000     296.63
     139.000     299.12
     140.000     300.20
     141.000     297.33
     142.000     300.86
     143.000     297.12
     144.000     300.28
     145.000     303.73
     146.000     300.88
     147.000     298.23
     148.000     301.15
     149.000     302.71
     150.000     303.24
     151.000     301.05
     152.000     297.82
     153.000     298.42
     154.000     297.53
     155.000     297.49
     156.000     298.70
     157.000     301.69
     158.000     298.73
     159.000     299.37
     160.000     299.36
     161.000     298.63
     162.000     296.76
     163.000     304.20
     164.000     298.98
     165.000     299.49
     166.000     297.66
     167.000     300.04
     168.000     300.27
     169.000     301.44
     170.000     299.26
     171.000     299.37
     172.000     303.01
     173.000     297.91
     174.000     299.34
     175.000     299.79
     176.000     297.30
     177.000     299.91
     178.000     302.44
     179.000     300.20
     180.000     300.52
     181.000     301.25
     182.000     297.21
     183.000     296.09
     184.000     299.55
     185.000     296.18
     186.000     299.86
     187.000     297.61
     188.000     302.28
     189.000     297.75
     190.000     301.52
     191.000     299.58
     192.000     296.70
     193.000     298.60
     194.000     299.31
     195.000     302.49
     196.000     301.32
     197.000     296.20
     198.000     302.60
     199.000     298.05
     200.000     299.67
     201.000     299.62
     202.000     297.42
     203.000     301.25
     204.000     297.46
     205.000     303.35
     206.000     297.38
     207.000     299.77
     208.000     298.95
     209.000     298.27
     210.000     295.40
     211.000     307.32
     212.000     301.88
     213.000     299.00
     214.000     302.81
     215.000     299.56
     216.000     299.62
     217.000     298.72
     218.000     299.92
     219.000     301.96
     220.000     301.63
     221.000     300.32
     222.000     301.63
     223.000     305.19
     224.000     300.66
     225.000     297.86
     226.000     297.98
     227.000     299.09
     228.000     301.21
     229.000     301.02
     230.000     302.56
     231.000     302.27
     232.000     301.99
     233.000     302.16
     234.000     301.00
     235.000     299.06
     236.000     303.80
     237.000     299.75
     238.000     301.11
     239.000     301.67
     240.000     301.07
     241.000     300.87
     242.000     299.46
     243.000     299.10
     244.000     301.06
     245.000     301.12
     246.000     299.19
     247.000     301.40
     248.000     302.85
     249.000     299.88
     250.000     301.44
     251.000     300.33
     252.000     297.61
     253.000     303.47
     254.000     298.02
     255.000     302.87
     256.000     298.95
     257.000     299.06
     258.000     299.82
     259.000     302.22
     260.000     302.12
     261.000     301.82
     262.000     303.76
     263.000     300.74
     264.000     300.68
     265.000     300.09
     266.000     297.44
     267.000     296.75
     268.000     297.32
     269.000     304.02
     270.000     297.85
     271.000     302.56
     272.000     301.18
     273.000     300.46
     274.000     295.68
     275.000     301.31
     276.000     298.71
     277.000     299.18
     278.000     302.36
     279.000     297.78
     280.000     299.42
     281.000     302.88
     282.000     299.93
     283.000     300.55
     284.000     300.30
     285.000     300.58
     286.000     301.80
     287.000     297.58
     288.000     299.27
     289.000     298.74
     290.000     301.08
     291.000     305.19
     292.000     297.16
     293.000     297.86
     294.000     298.64
     295.000     300.42
     296.000     297.97
     297.000     300.51
     298.000     300.13
     299.000     302.02
     300.000     303.23
     301.000     298.92
     302.000     297.39
     303.000     298.82
     304.000     300.33
     305.000     301.16
     306.000     301.41
     307.000     297.85
     308.000     298.32
     309.000     300.62
     310.000     300.80
     311.000     304.93
     312.000     294.93
     313.000     297.93
     314.000     300.11
     315.000     304.40
     316.000     298.20
     317.000     302.41
     318.000     300.89
     319.000     301.09
     320.000     299.62
     321.000     301.15
     322.000     296.95
     323.000     303.81
     324.000     295.70
     325.000     303.33
     326.000     299.83
     327.000     300.89
     328.000     295.42
     329.000     303.12
     330.000     298.94
     331.000     297.62
     332.000     297.62
     333.000     303.08
     334.000     302.79
     335.000     296.39
     336.000     300.07
     337.000     303.93
     338.000     299.18
     339.000     303.13
     340.000     297.85
     341.000     300.53
     342.000     300.15
     343.000     300.55
     344.000     303.02
     345.000     304.07
     346.000     301.71
     347.000     299.22
     348.000     301.93
     349.000     295.50
     350.000     297.82
     351.000     296.21
     352.000     302.30
     353.000     299.47
     354.000     303.47
     355.000     299.65
     356.000     300.75
     357.000     299.45
     358.000     301.17
     359.000     299.50
     360.000     301.64
     361.000     300.17
     362.000     299.56
     363.000     297.51
     364.000     301.31
     365.000     303.97
     366.000     298.16
     367.000     300.36
     368.000     303.85
     369.000     298.26
     370.000     298.76
     371.000     305.13
     372.000     302.35
     373.000     302.92
     374.000     303.34
     375.000     298.65
     376.000     302.31
     377.000     303.29
     378.000     300.86
     379.000     295.61
     380.000     301.61
     381.000     299.77
     382.000     300.91
     383.000     298.67
     384.000     304.20
     385.000     298.85
     386.000     302.19
     387.000     299.18
     388.000     295.84
     389.000     299.17
     390.000     303.42
     391.000     299.20
     392.000     297.91
     393.000     299.00
     394.000     302.53
     395.000     300.09
     396.000     301.69
     397.000     297.93
     398.000     300.70
     399.000     298.24
     400.000     296.76
