# Contacts: lig_prt
# Native contacts determined from mask ':10-144&!@H*' and mask '@2427-2444'
#                     Contact  Nframes    Frac.      Avg    Stdev
       1       :92@CB_:155@C9      135     0.45      4.3     0.42
       2       :10@OH_:155@C7      116    0.387      4.2    0.459
       3       :10@OH_:155@C8      115    0.383     4.18    0.475
       4       :10@OH_:155@C9      114     0.38     4.22    0.473
       5       :92@CB_:155@C8      105     0.35     4.41    0.421
       6       :15@CD_:155@C7       84     0.28      4.4    0.377
       7       :92@CB_:155@C7       83    0.277     4.43    0.387
       8       :15@CD_:155@C6       83    0.277     4.49    0.368
       9       :15@CD_:155@C8       76    0.253     4.44    0.353
      10       :92@CB_:155@C4       65    0.217     4.46    0.361
      11       :92@CB_:155@C5       61    0.203     4.44      0.4
      12       :15@CG_:155@C6       57     0.19     4.44    0.342
      13       :18@CB_:155@C8       42     0.14     4.41    0.371
      14       :92@CA_:155@C9       35    0.117     4.66    0.242
      15     :139@CD1_:155@C6       34    0.113     4.49    0.346
      16       :14@CG_:155@C8       32    0.107     4.48    0.386
      17       :18@CB_:155@CA       27     0.09     4.47    0.319
      18     :139@CD1_:155@C5       25   0.0833     4.37     0.37
      19     :139@CD1_:155@C3       25   0.0833     4.43    0.346
      20       :14@CE_:155@CA       24     0.08     4.46    0.279
      21       :14@CG_:155@CA       23   0.0767     4.47    0.375
      22     :139@CD2_:155@C6       22   0.0733     4.41    0.262
      23     :139@CD1_:155@C4       19   0.0633      4.4    0.465
      24      :22@CD1_:155@CG       16   0.0533     4.11    0.418
      25       :96@CG_:155@CB       16   0.0533     4.23    0.378
      26       :96@CG_:155@CD       16   0.0533      4.4    0.365
      27      :22@CD1_:155@CF       16   0.0533      4.4    0.472
      28       :96@CG_:155@CC       15     0.05     4.49    0.476
      29      :95@CG2_:155@C9       15     0.05     4.53    0.324
      30       :96@CG_:155@CF       14   0.0467     4.36    0.335
      31     :139@CD2_:155@C5       13   0.0433     4.24    0.381
      32       :96@CG_:155@CE       13   0.0433     4.38    0.417
      33       :96@CD_:155@CC       12     0.04     4.57    0.257
      34       :13@CB_:155@O1       11   0.0367     4.19    0.502
      35      :22@CD1_:155@CE       11   0.0367     4.24    0.447
      36        :92@O_:155@C9       11   0.0367     4.76    0.317
      37     :100@CE1_:155@CF       10   0.0333     4.26    0.341
      38     :139@CD2_:155@C3       10   0.0333     4.41      0.4
      39     :117@CG1_:155@O2       10   0.0333     4.43    0.477
      40       :96@CD_:155@CB       10   0.0333     4.43    0.297
      41       :96@CE_:155@CA       10   0.0333     4.55    0.411
      42     :117@CG2_:155@O2        9     0.03     4.09     0.51
      43      :99@CD2_:155@CE        9     0.03     4.22    0.404
      44     :100@CE1_:155@CG        9     0.03     4.23    0.279
      45     :114@CG2_:155@O2        9     0.03     4.23    0.257
      46      :99@CD2_:155@CD        9     0.03     4.33    0.258
      47     :100@CD1_:155@CF        9     0.03     4.34    0.487
      48       :96@CA_:155@CF        9     0.03     4.41    0.315
      49       :99@CB_:155@CG        9     0.03     4.52    0.348
      50       :96@CB_:155@CF        9     0.03     4.71    0.166
      51     :100@CD1_:155@CG        8   0.0267     4.21    0.463
      52       :99@CB_:155@CF        8   0.0267     4.36    0.409
      53       :99@CG_:155@CE        8   0.0267     4.38    0.391
      54       :99@CB_:155@CD        8   0.0267     4.43    0.387
      55      :95@CG2_:155@CB        8   0.0267     4.69    0.278
      56       :96@CE_:155@CF        8   0.0267     4.72    0.172
      57       :99@CB_:155@CE        7   0.0233     4.07    0.287
      58       :88@CB_:155@C4        7   0.0233     4.27    0.408
      59     :114@CG2_:155@C1        7   0.0233      4.4    0.384
      60      :99@CE2_:155@CD        7   0.0233     4.53    0.246
      61      :13@CD1_:155@O1        7   0.0233     4.63    0.264
      62     :139@CD2_:155@C4        7   0.0233     4.69    0.243
      63     :114@CG2_:155@O1        6     0.02        4    0.369
      64      :95@CG2_:155@CD        6     0.02     4.42    0.238
      65       :99@CG_:155@CD        6     0.02     4.43    0.239
      66       :88@CB_:155@C3        6     0.02     4.53    0.379
      67       :96@CE_:155@CB        6     0.02     4.69    0.218
      68      :99@CD1_:155@CE        6     0.02     4.76    0.232
      69      :143@CZ_:155@O1        5   0.0167     3.85    0.385
      70      :117@CB_:155@O2        5   0.0167     4.11    0.463
      71      :21@CE1_:155@CG        5   0.0167      4.2    0.367
      72       :96@CE_:155@CD        5   0.0167     4.31     0.35
      73     :117@CG1_:155@C3        5   0.0167     4.38    0.288
      74       :96@CA_:155@CD        5   0.0167     4.45    0.362
      75     :117@CG1_:155@C1        5   0.0167     4.56    0.208
      76        :96@N_:155@CD        5   0.0167     4.59    0.232
      77      :33@CD1_:155@CG        5   0.0167     4.61    0.311
      78      :25@CD1_:155@CF        5   0.0167     4.65     0.32
      79      :100@CZ_:155@CF        5   0.0167     4.66    0.254
      80        :96@N_:155@CB        5   0.0167     4.73    0.218
      81      :114@CB_:155@O2        5   0.0167     4.78    0.189
      82     :143@CE1_:155@O1        4   0.0133     4.05    0.439
      83      :143@CZ_:155@O2        4   0.0133     4.26    0.225
      84       :96@CB_:155@CD        4   0.0133     4.27    0.432
      85     :117@CG2_:155@C3        4   0.0133      4.3    0.381
      86      :143@CZ_:155@C1        4   0.0133     4.35    0.183
      87       :96@CE_:155@CC        4   0.0133      4.4    0.285
      88      :114@CA_:155@O2        4   0.0133     4.44    0.275
      89      :117@CB_:155@C3        4   0.0133     4.82    0.159
      90      :25@CD1_:155@CG        3     0.01     3.97    0.497
      91      :114@CB_:155@O1        3     0.01     4.32    0.121
      92      :114@CA_:155@O1        3     0.01     4.35     0.57
      93        :92@O_:155@CB        3     0.01     4.47    0.391
      94       :113@O_:155@O2        3     0.01     4.57    0.151
      95     :143@CE1_:155@C1        3     0.01     4.74   0.0565
      96      :139@CG_:155@C5        3     0.01     4.82    0.123
      97        :95@C_:155@CD        3     0.01     4.94   0.0338
      98     :114@CG1_:155@O1        2  0.00667     4.07   0.0927
      99     :114@CG1_:155@O2        2  0.00667     4.13    0.187
     100       :21@CZ_:155@CG        2  0.00667     4.29    0.474
     101       :21@CZ_:155@CF        2  0.00667     4.36    0.347
     102      :21@CE2_:155@CG        2  0.00667     4.38    0.253
     103      :143@CZ_:155@C3        2  0.00667     4.55    0.244
     104      :117@CB_:155@C1        2  0.00667     4.56  0.00341
     105     :143@CE1_:155@O2        2  0.00667     4.61    0.378
     106      :114@CA_:155@C1        2  0.00667     4.64    0.137
     107       :95@CB_:155@CB        2  0.00667     4.73   0.0142
     108      :114@CB_:155@C1        2  0.00667     4.78   0.0177
     109     :114@CG1_:155@C1        2  0.00667     4.82    0.168
     110        :88@C_:155@C4        2  0.00667     4.86  0.00107
     111      :21@CE2_:155@CF        1  0.00333     4.07        0
     112      :21@CE2_:155@CC        1  0.00333     4.18        0
     113        :88@O_:155@C4        1  0.00333     4.23 5.96e-08
     114       :114@O_:155@O2        1  0.00333     4.37 5.96e-08
     115      :21@CE2_:155@CE        1  0.00333     4.58 5.96e-08
     116     :142@CG1_:155@O1        1  0.00333     4.61 5.96e-08
     117      :117@CA_:155@O2        1  0.00333     4.71        0
     118        :95@O_:155@CD        1  0.00333      4.8 5.96e-08
     119       :114@C_:155@O2        1  0.00333     4.83        0
     120       :21@CZ_:155@CE        1  0.00333     4.96        0
     121       :21@CZ_:155@CC        1  0.00333     4.96        0
     122      :21@CE2_:155@CD        1  0.00333     4.98 5.96e-08
