#Frame   lig_prt[native] lig_prt[nonnative]
       1             122                  0
       2              33                123
       3               9                111
       4               7                172
       5              28                128
       6              19                122
       7              30                 95
       8              12                155
       9              28                 86
      10              31                 86
      11              19                 90
      12              16                122
      13              14                 95
      14              22                123
      15               2                130
      16              29                129
      17               5                160
      18               0                164
      19               7                121
      20              11                160
      21              13                130
      22               9                116
      23               9                161
      24               9                139
      25               3                161
      26               4                173
      27               9                171
      28               6                106
      29               7                166
      30               6                157
      31               7                140
      32               7                114
      33              10                136
      34               7                123
      35               7                165
      36               6                143
      37               7                152
      38               7                167
      39              11                132
      40              10                121
      41               8                149
      42               6                116
      43               6                163
      44               7                186
      45              10                175
      46               6                141
      47               3                127
      48               7                124
      49               7                142
      50               8                148
      51               4                156
      52               8                142
      53               5                159
      54               7                154
      55               4                148
      56               7                180
      57               4                144
      58               5                140
      59               7                123
      60               9                158
      61               7                186
      62               3                126
      63               4                164
      64              10                139
      65               7                157
      66               6                124
      67               4                124
      68               5                146
      69               7                159
      70               4                152
      71               7                158
      72               6                171
      73               6                163
      74               2                112
      75               6                152
      76               6                109
      77               6                147
      78               3                157
      79               1                139
      80               1                151
      81               1                135
      82              22                113
      83              18                 86
      84              13                116
      85               2                135
      86              10                134
      87              10                 84
      88              28                109
      89               6                 99
      90               6                143
      91               2                120
      92               5                113
      93               3                131
      94               7                110
      95               9                116
      96               3                118
      97               6                116
      98              12                110
      99               7                 98
     100               8                139
     101               5                186
     102               5                167
     103               4                132
     104               3                125
     105               4                121
     106               9                162
     107               7                117
     108               5                167
     109               6                121
     110               7                117
     111               8                140
     112               7                135
     113               7                121
     114               7                131
     115               8                157
     116               6                154
     117               6                161
     118               6                126
     119               9                132
     120               4                155
     121               3                123
     122               4                127
     123               7                142
     124               5                122
     125               8                 99
     126               7                128
     127               5                103
     128               5                134
     129               6                138
     130               4                149
     131               5                153
     132               3                113
     133               6                 97
     134               3                130
     135               8                121
     136               6                151
     137               2                137
     138               6                128
     139               6                163
     140               6                120
     141               0                157
     142               6                129
     143               5                109
     144               3                138
     145               5                130
     146               7                153
     147               7                157
     148               3                134
     149               6                132
     150               9                159
     151               8                153
     152               6                146
     153               6                157
     154               8                133
     155               8                143
     156               4                181
     157               6                166
     158               6                158
     159               4                130
     160               7                119
     161               4                177
     162               7                143
     163               9                189
     164               5                117
     165               2                143
     166               7                139
     167               5                147
     168               6                167
     169               2                121
     170               5                114
     171              14                 94
     172              13                107
     173              10                155
     174               5                145
     175               5                129
     176               5                131
     177               5                 84
     178               6                112
     179               3                115
     180               5                108
     181               5                 81
     182               7                105
     183               6                121
     184               7                137
     185               8                132
     186               2                109
     187               5                 99
     188               7                135
     189               5                138
     190               5                107
     191               3                166
     192               7                149
     193               7                141
     194               6                147
     195               5                127
     196               4                130
     197               5                145
     198               9                166
     199               3                139
     200               4                162
     201               6                113
     202               2                132
     203               2                115
     204               2                 86
     205               3                137
     206               2                125
     207               4                107
     208               2                120
     209               2                142
     210               3                126
     211               2                112
     212               3                143
     213               5                104
     214               4                131
     215               2                147
     216               2                134
     217               6                106
     218               1                106
     219               1                112
     220               3                140
     221               2                132
     222               3                143
     223               0                104
     224              14                128
     225              11                128
     226               4                142
     227               2                163
     228               1                138
     229               3                123
     230               0                141
     231               3                122
     232               3                125
     233               2                137
     234               2                142
     235               4                149
     236               3                146
     237               4                144
     238               2                136
     239               3                138
     240               2                126
     241               7                131
     242               2                134
     243               8                148
     244               4                163
     245               4                107
     246               8                109
     247               1                149
     248               3                147
     249               2                146
     250               3                143
     251               3                125
     252               4                118
     253               4                140
     254               4                166
     255               3                129
     256               3                140
     257               2                163
     258               4                108
     259               4                139
     260               5                173
     261               4                153
     262               6                128
     263               5                 99
     264               4                133
     265               5                126
     266               5                127
     267               4                140
     268               4                141
     269               4                127
     270               2                140
     271               3                158
     272               1                110
     273               4                143
     274               5                122
     275               2                126
     276              25                102
     277              26                161
     278              27                134
     279              11                118
     280              10                 81
     281               2                137
     282               1                190
     283               1                215
     284               0                208
     285               1                215
     286               1                153
     287               1                207
     288               0                235
     289               0                178
     290               5                158
     291               5                163
     292               2                133
     293               4                172
     294               4                144
     295               2                119
     296               4                111
     297               5                151
     298               8                177
     299               5                152
     300               6                162
