#Res1       #Res2  TotalFrac   Contacts
92            155       1.66          8
10            155       1.15          3
15            155          1          4
96            155   0.553333         18
139           155   0.526667          9
14            155   0.263333          3
99            155   0.256667         10
18            155       0.23          2
114           155   0.163333         14
117           155       0.15          9
22            155   0.143333          3
100           155   0.136667          5
95            155   0.116667          6
143           155       0.08          7
13            155       0.06          2
21            155  0.0566667         10
88            155  0.0533333          4
25            155  0.0266667          2
33            155  0.0166667          1
113           155       0.01          1
142           155 0.00333333          1
