1			-5.8102E+04
5			-5.8550E+04
10			-5.9368E+04
15			-6.0702E+04
20			-6.2808E+04
25			-6.5464E+04
30			-6.8427E+04
35			-6.9218E+04
40			-7.0133E+04
45			-7.0343E+04
50			-7.1239E+04
55			-7.1632E+04
60			-7.2048E+04
65			-7.2445E+04
70			-7.2712E+04
75			-7.3005E+04
80			-7.3263E+04
85			-7.3605E+04
90			-7.3725E+04
95			-7.3941E+04
100			-7.4281E+04
105			-7.4380E+04
110			-7.6130E+04
115			-7.6703E+04
120			-7.7369E+04
125			-7.8039E+04
130			-7.8043E+04
135			-7.8302E+04
140			-7.8551E+04
145			-7.8800E+04
150			-7.9006E+04
155			-7.9010E+04
160			-7.9178E+04
165			-7.9266E+04
170			-7.9555E+04
175			-7.9783E+04
180			-7.9788E+04
185			-8.0010E+04
190			-8.0113E+04
195			-8.0275E+04
200			-8.0352E+04
205			-8.0356E+04
210			-8.0443E+04
215			-8.0521E+04
220			-8.0704E+04
225			-8.0891E+04
230			-8.0903E+04
235			-8.1075E+04
240			-8.1171E+04
245			-8.1271E+04
250			-8.1325E+04
255			-8.1327E+04
260			-8.1398E+04
265			-8.1477E+04
270			-8.1578E+04
275			-8.1685E+04
280			-8.1690E+04
285			-8.1807E+04
290			-8.1848E+04
295			-8.1955E+04
300			-8.2004E+04
305			-8.2007E+04
310			-8.2079E+04
315			-8.2137E+04
320			-8.2209E+04
325			-8.2275E+04
330			-8.2279E+04
335			-8.2361E+04
340			-8.2412E+04
345			-8.2485E+04
350			-8.2524E+04
355			-8.2526E+04
360			-8.2584E+04
365			-8.2627E+04
370			-8.2697E+04
375			-8.2753E+04
380			-8.2756E+04
385			-8.2825E+04
390			-8.2871E+04
395			-8.2928E+04
400			-8.2962E+04
405			-8.2964E+04
410			-8.3013E+04
415			-8.3048E+04
420			-8.3108E+04
425			-8.3156E+04
430			-8.3159E+04
435			-8.3217E+04
440			-8.3257E+04
445			-8.3305E+04
450			-8.3335E+04
455			-8.3337E+04
460			-8.3381E+04
465			-8.3412E+04
470			-8.3463E+04
475			-8.3504E+04
480			-8.3507E+04
485			-8.3558E+04
490			-8.3591E+04
495			-8.3634E+04
500			-8.3662E+04
500			-8.3662E+04
