1			-8.3861E+04
5			-8.3881E+04
10			-8.3919E+04
15			-8.3983E+04
20			-8.4012E+04
25			-8.4099E+04
30			-8.4122E+04
35			-8.4152E+04
40			-8.4163E+04
45			-8.4184E+04
50			-8.4204E+04
55			-8.4224E+04
60			-8.4256E+04
65			-8.4272E+04
70			-8.4291E+04
75			-8.4310E+04
80			-8.4327E+04
85			-8.4344E+04
90			-8.4361E+04
95			-8.4374E+04
100			-8.4390E+04
105			-8.4412E+04
110			-8.4663E+04
115			-8.4837E+04
120			-8.4934E+04
125			-8.5061E+04
130			-8.5064E+04
135			-8.5177E+04
140			-8.5245E+04
145			-8.5326E+04
150			-8.5369E+04
155			-8.5372E+04
160			-8.5398E+04
165			-8.5420E+04
170			-8.5483E+04
175			-8.5527E+04
180			-8.5529E+04
185			-8.5571E+04
190			-8.5598E+04
195			-8.5627E+04
200			-8.5646E+04
205			-8.5648E+04
210			-8.5667E+04
215			-8.5681E+04
220			-8.5736E+04
225			-8.5770E+04
230			-8.5772E+04
235			-8.5819E+04
240			-8.5848E+04
245			-8.5867E+04
250			-8.5882E+04
255			-8.5884E+04
260			-8.5900E+04
265			-8.5917E+04
270			-8.5973E+04
275			-8.6035E+04
280			-8.6037E+04
285			-8.6078E+04
290			-8.6103E+04
295			-8.6120E+04
300			-8.6131E+04
305			-8.6132E+04
310			-8.6144E+04
315			-8.6161E+04
320			-8.6210E+04
325			-8.6273E+04
330			-8.6274E+04
335			-8.6320E+04
340			-8.6342E+04
345			-8.6356E+04
350			-8.6365E+04
355			-8.6366E+04
360			-8.6375E+04
365			-8.6392E+04
370			-8.6426E+04
375			-8.6479E+04
380			-8.6481E+04
385			-8.6524E+04
390			-8.6545E+04
395			-8.6557E+04
400			-8.6564E+04
405			-8.6565E+04
410			-8.6572E+04
415			-8.6587E+04
420			-8.6623E+04
425			-8.6676E+04
430			-8.6678E+04
435			-8.6721E+04
440			-8.6741E+04
445			-8.6751E+04
450			-8.6758E+04
455			-8.6759E+04
460			-8.6766E+04
465			-8.6778E+04
470			-8.6812E+04
475			-8.6862E+04
480			-8.6864E+04
485			-8.6901E+04
490			-8.6919E+04
495			-8.6927E+04
500			-8.6935E+04
500			-8.6935E+04
