       0.000           0.0000
       1.000         166.3189
       2.000         314.7848
       3.000         470.9461
       4.000         636.6869
       5.000         802.8517
       6.000         963.3779
       7.000        1112.2010
       8.000        1288.8899
       9.000        1450.3671
      10.000        1616.4525
      11.000        1763.8926
      12.000        1933.7015
      13.000        2066.6003
      14.000        2259.6846
      15.000        2408.5767
      16.000        2581.2705
      17.000        2748.7925
      18.000        2911.5022
      19.000        3034.8376
      20.000        3201.8994
      21.000        3312.8586
      22.000        3358.9839
      23.000        3478.7068
      24.000        3552.0469
      25.000        3639.1001
      26.000        3715.0933
      27.000        3764.2334
      28.000        3890.1179
      29.000        3956.4985
      30.000        4038.1028
      31.000        4101.2134
      32.000        4202.6157
      33.000        4224.8267
      34.000        4359.5791
      35.000        4465.3970
      36.000        4496.8149
      37.000        4608.0356
      38.000        4703.2163
      39.000        4817.8545
      40.000        4865.7549
      41.000        4933.1113
      42.000        5044.6196
      43.000        5140.3525
      44.000        5210.2749
      45.000        5189.8301
      46.000        5400.1357
      47.000        5381.0439
      48.000        5518.6372
      49.000        5473.6167
      50.000        5690.4995
      51.000        5721.4897
      52.000        5727.1440
      53.000        5893.2900
      54.000        5958.0176
      55.000        6043.4009
      56.000        6081.3281
      57.000        6209.0068
      58.000        6225.8320
      59.000        6348.9722
      60.000        6415.3706
      61.000        6473.8560
      62.000        6488.9224
      63.000        6614.6558
      64.000        6783.0728
      65.000        6705.6279
      66.000        6665.3433
      67.000        6734.1123
      68.000        6834.6802
      69.000        6792.1592
      70.000        6828.3262
      71.000        6919.8530
      72.000        6937.9966
      73.000        6971.7891
      74.000        7047.3188
      75.000        7054.4409
      76.000        7164.2324
      77.000        7193.5732
      78.000        7183.0532
      79.000        7252.1431
      80.000        7315.1587
      81.000        7269.5601
      82.000        7427.6040
      83.000        7401.5605
      84.000        7344.8359
      85.000        7509.7031
      86.000        7470.1904
      87.000        7574.6177
      88.000        7628.5195
      89.000        7630.3525
      90.000        7640.7783
      91.000        7707.8154
      92.000        7785.1816
      93.000        7753.1924
      94.000        7836.7319
      95.000        7855.0962
      96.000        7930.0034
      97.000        7944.2715
      98.000        7987.0947
      99.000        8092.9131
     100.000        7996.3794
     101.000        8176.7632
     102.000        8195.4229
     103.000        8261.0771
     104.000        8225.0488
     105.000        8433.5127
     106.000        8348.6533
     107.000        8415.7451
     108.000        8343.8232
     109.000        8379.0322
     110.000        8435.8848
     111.000        8583.5137
     112.000        8552.1514
     113.000        8655.6250
     114.000        8605.2490
     115.000        8620.8066
     116.000        8625.9023
     117.000        8925.6123
     118.000        8818.2520
     119.000        8768.9434
     120.000        8923.9902
     121.000        8997.1719
     122.000        9003.2588
     123.000        9069.0293
     124.000        9097.1738
     125.000        9189.0020
     126.000        9020.3086
     127.000        9147.6934
     128.000        9346.4922
     129.000        9193.5674
     130.000        9142.0400
     131.000        9401.1465
     132.000        9387.2568
     133.000        9515.2334
     134.000        9402.2852
     135.000        9469.9971
     136.000        9427.4775
     137.000        9626.6963
     138.000        9523.9824
     139.000        9670.0625
     140.000        9807.8252
     141.000        9713.9160
     142.000        9740.8242
     143.000        9632.3281
     144.000        9666.6191
     145.000        9697.8906
     146.000        9757.5664
     147.000        9635.7637
     148.000        9654.6934
     149.000        9722.2549
     150.000        9779.4014
     151.000        9561.7266
     152.000        9798.1025
     153.000        9638.5850
     154.000        9647.4912
     155.000        9818.3535
     156.000        9777.3975
     157.000        9623.4668
     158.000        9669.7480
     159.000        9741.5850
     160.000        9676.0098
     161.000        9684.1689
     162.000        9791.0059
     163.000        9720.9980
     164.000        9523.5391
     165.000        9524.2959
     166.000        9658.7900
     167.000        9787.1875
     168.000        9612.9619
     169.000        9751.5332
     170.000        9613.2910
     171.000        9779.0244
     172.000        9666.7119
     173.000        9630.4971
     174.000        9777.2109
     175.000        9664.0498
     176.000        9606.3662
     177.000        9659.6748
     178.000        9697.8838
     179.000        9643.1924
     180.000        9769.0498
     181.000        9597.4883
     182.000        9626.9941
     183.000        9691.4121
     184.000        9563.1045
     185.000        9756.2930
     186.000        9662.7959
     187.000        9558.5342
     188.000        9658.2158
     189.000        9709.3467
     190.000        9623.1240
     191.000        9628.7158
     192.000        9730.9551
     193.000        9739.4404
     194.000        9704.6162
     195.000        9843.2109
     196.000        9738.1035
     197.000        9610.0410
     198.000        9587.9404
     199.000        9768.3340
     200.000        9521.5225
     201.000        9713.9980
     202.000        9557.6982
     203.000        9704.8076
     204.000        9755.3359
     205.000        9708.7344
     206.000        9674.5322
     207.000        9631.3125
     208.000        9676.5059
     209.000        9580.3291
     210.000        9487.0684
     211.000        9629.2812
     212.000        9537.1641
     213.000        9758.6465
     214.000        9639.9424
     215.000        9556.5635
     216.000        9511.2812
     217.000        9776.4102
     218.000        9647.3086
     219.000        9543.0342
     220.000        9642.1367
     221.000        9744.0381
     222.000        9631.1514
     223.000        9719.0234
     224.000        9729.6035
     225.000        9601.5967
     226.000        9643.7012
     227.000        9669.0908
     228.000        9669.3682
     229.000        9615.3369
     230.000        9743.8311
     231.000        9837.5811
     232.000        9738.1719
     233.000        9718.0586
     234.000        9658.6162
     235.000        9725.8477
     236.000        9697.4619
     237.000        9707.6611
     238.000        9596.1787
     239.000        9706.3643
     240.000        9749.9609
     241.000        9651.8877
     242.000        9706.7598
     243.000        9715.3613
     244.000        9615.5566
     245.000        9720.2012
     246.000        9714.8154
     247.000        9662.3438
     248.000        9671.2197
     249.000        9544.0645
     250.000        9681.1963
     251.000        9750.8389
     252.000        9804.8555
     253.000        9780.5439
     254.000        9599.0400
     255.000        9708.0879
     256.000        9602.3389
     257.000        9638.8730
     258.000        9721.8174
     259.000        9631.3779
     260.000        9823.9805
     261.000        9696.2432
     262.000        9763.6934
     263.000        9651.8350
     264.000        9639.1357
     265.000        9716.0449
     266.000        9703.8154
     267.000        9708.1104
     268.000        9760.7119
     269.000        9730.4766
     270.000        9697.8242
     271.000        9619.7607
     272.000        9748.0312
     273.000        9680.5127
     274.000        9650.2998
     275.000        9727.4023
     276.000        9654.2676
     277.000        9510.2783
     278.000        9631.9307
     279.000        9744.6406
     280.000        9803.1846
     281.000        9685.8721
     282.000        9719.0439
     283.000        9759.4053
     284.000        9696.8535
     285.000        9650.7656
     286.000        9663.5049
     287.000        9868.7461
     288.000        9507.6582
     289.000        9617.4404
     290.000        9598.6475
     291.000        9774.8740
     292.000        9570.0391
     293.000        9839.4990
     294.000        9736.7607
     295.000        9737.6738
     296.000        9595.2158
     297.000        9752.8604
     298.000        9717.3662
     299.000        9721.2451
     300.000        9721.2100
     301.000        9678.5615
     302.000        9608.8271
     303.000        9715.7939
     304.000        9737.5732
     305.000        9641.5742
     306.000        9757.5654
     307.000        9746.0127
     308.000        9550.1533
     309.000        9600.4648
     310.000        9590.2246
     311.000        9648.4297
     312.000        9626.8057
     313.000        9582.8389
     314.000        9686.2139
     315.000        9542.4355
     316.000        9624.9941
     317.000        9545.2549
     318.000        9751.0820
     319.000        9733.4785
     320.000        9656.4844
     321.000        9702.6953
     322.000        9767.7207
     323.000        9573.6562
     324.000        9727.8516
     325.000        9770.1250
     326.000        9817.5811
     327.000        9588.8643
     328.000        9665.1309
     329.000        9592.0605
     330.000        9680.0156
     331.000        9804.3047
     332.000        9660.9355
     333.000        9552.6289
     334.000        9719.9297
     335.000        9651.8320
     336.000        9719.4404
     337.000        9762.1611
     338.000        9713.9287
     339.000        9542.6514
     340.000        9463.3457
     341.000        9749.9854
     342.000        9685.8018
     343.000        9758.4932
     344.000        9823.2441
     345.000        9716.1445
     346.000        9540.0137
     347.000        9566.7695
     348.000        9586.4824
     349.000        9674.0879
     350.000        9754.0361
     351.000        9625.8379
     352.000        9603.3770
     353.000        9601.1162
     354.000        9756.9033
     355.000        9759.5332
     356.000        9782.5391
     357.000        9787.3818
     358.000        9559.1504
     359.000        9629.2021
     360.000        9598.0078
     361.000        9656.1836
     362.000        9774.5195
     363.000        9742.9834
     364.000        9794.1650
     365.000        9685.5859
     366.000        9593.0508
     367.000        9648.5840
     368.000        9686.3965
     369.000        9607.8291
     370.000        9676.9844
     371.000        9738.4785
     372.000        9589.1016
     373.000        9707.7461
     374.000        9689.8174
     375.000        9632.0674
     376.000        9770.5312
     377.000        9727.3965
     378.000        9669.2441
     379.000        9747.1904
     380.000        9662.0107
     381.000        9663.0605
     382.000        9586.2559
     383.000        9796.9521
     384.000        9595.7920
     385.000        9761.5996
     386.000        9660.4102
     387.000        9671.9219
     388.000        9674.9326
     389.000        9656.2578
     390.000        9638.1846
     391.000        9778.7490
     392.000        9603.8672
     393.000        9653.6396
     394.000        9678.0723
     395.000        9680.5791
     396.000        9632.6348
     397.000        9781.7998
     398.000        9718.3359
     399.000        9655.9668
     400.000        9800.0137
