       0.000      -65181.2476
       1.000      -57167.1018
       2.000      -57295.2883
       3.000      -57303.2196
       4.000      -57257.7040
       5.000      -57207.4147
       6.000      -57110.2327
       7.000      -57042.3184
       8.000      -56971.0001
       9.000      -56916.4330
      10.000      -56790.7563
      11.000      -56678.7570
      12.000      -56589.4043
      13.000      -56447.4590
      14.000      -56326.2054
      15.000      -56214.6661
      16.000      -56122.8769
      17.000      -56001.2926
      18.000      -55863.2299
      19.000      -55761.4321
      20.000      -55616.0076
      21.000      -55579.2887
      22.000      -55452.8745
      23.000      -55453.4022
      24.000      -55338.6737
      25.000      -55343.3492
      26.000      -55341.8293
      27.000      -55214.0840
      28.000      -55190.8776
      29.000      -55082.4716
      30.000      -55012.9655
      31.000      -54959.8082
      32.000      -54956.6414
      33.000      -54909.3790
      34.000      -54776.9718
      35.000      -54788.0789
      36.000      -54633.9388
      37.000      -54537.4646
      38.000      -54560.8551
      39.000      -54465.6108
      40.000      -54253.0886
      41.000      -54185.6610
      42.000      -54184.9326
      43.000      -54108.8498
      44.000      -54078.9288
      45.000      -53896.7511
      46.000      -53878.1804
      47.000      -53721.8398
      48.000      -53598.8500
      49.000      -53585.8867
      50.000      -53397.8669
      51.000      -53308.7814
      52.000      -53290.6344
      53.000      -53098.2218
      54.000      -53078.1660
      55.000      -53068.5501
      56.000      -52896.4822
      57.000      -52879.4767
      58.000      -52707.7051
      59.000      -52514.9329
      60.000      -52412.3164
      61.000      -52501.7526
      62.000      -52327.7197
      63.000      -52249.8850
      64.000      -52266.1427
      65.000      -52093.0323
      66.000      -52137.1487
      67.000      -52026.6432
      68.000      -51930.0557
      69.000      -51858.3516
      70.000      -51771.6993
      71.000      -51836.7218
      72.000      -51664.6245
      73.000      -51594.8717
      74.000      -51600.9407
      75.000      -51283.8433
      76.000      -51357.0859
      77.000      -51331.2156
      78.000      -51182.3849
      79.000      -51154.0585
      80.000      -51123.6513
      81.000      -51000.5888
      82.000      -50827.5104
      83.000      -50608.4088
      84.000      -50483.3856
      85.000      -50569.9323
      86.000      -50400.6279
      87.000      -50432.6522
      88.000      -50206.0193
      89.000      -50099.0616
      90.000      -50061.0958
      91.000      -49884.3764
      92.000      -49709.8773
      93.000      -49789.6221
      94.000      -49747.5202
      95.000      -49539.4458
      96.000      -49532.2700
      97.000      -49534.8931
      98.000      -49315.4546
      99.000      -49295.7981
     100.000      -49081.9901
     101.000      -49119.3759
     102.000      -48956.7140
     103.000      -48907.1993
     104.000      -48831.0049
     105.000      -48934.2726
     106.000      -48736.0260
     107.000      -48743.4656
     108.000      -48629.9935
     109.000      -48590.2025
     110.000      -48501.3870
     111.000      -48458.3384
     112.000      -48259.1394
     113.000      -48339.9236
     114.000      -48027.8345
     115.000      -47942.1696
     116.000      -47953.9231
     117.000      -48022.3862
     118.000      -47843.7028
     119.000      -47675.8200
     120.000      -47560.4659
     121.000      -47537.2229
     122.000      -47416.8003
     123.000      -47275.0297
     124.000      -47392.2717
     125.000      -47341.3691
     126.000      -47178.8539
     127.000      -47188.2136
     128.000      -46923.1468
     129.000      -46915.7180
     130.000      -46814.9286
     131.000      -46866.2633
     132.000      -46594.1125
     133.000      -46785.1785
     134.000      -46403.5283
     135.000      -46425.5803
     136.000      -46462.7415
     137.000      -46489.0980
     138.000      -46217.9071
     139.000      -46308.7457
     140.000      -45931.8846
     141.000      -46020.2922
     142.000      -45947.1153
     143.000      -46047.3652
     144.000      -46017.1879
     145.000      -45950.9512
     146.000      -45958.7867
     147.000      -45967.9152
     148.000      -45851.2774
     149.000      -46125.1745
     150.000      -46074.5827
     151.000      -45930.6710
     152.000      -45937.0095
     153.000      -45971.1376
     154.000      -45909.9565
     155.000      -45918.1173
     156.000      -46077.1599
     157.000      -45957.1851
     158.000      -46118.1938
     159.000      -46045.8350
     160.000      -45962.9913
     161.000      -46058.6411
     162.000      -46238.2895
     163.000      -46265.2998
     164.000      -46124.2780
     165.000      -46184.5533
     166.000      -45898.4752
     167.000      -46090.0877
     168.000      -45967.3777
     169.000      -45967.6963
     170.000      -46208.6493
     171.000      -46134.2247
     172.000      -46061.0869
     173.000      -46054.5787
     174.000      -46049.8896
     175.000      -46109.4986
     176.000      -46349.6534
     177.000      -45988.3619
     178.000      -45990.2620
     179.000      -46038.4712
     180.000      -46084.9453
     181.000      -46020.2860
     182.000      -46145.0734
     183.000      -46146.8076
     184.000      -46345.1865
     185.000      -46203.4908
     186.000      -46286.7828
     187.000      -46288.3008
     188.000      -45979.7761
     189.000      -46107.5400
     190.000      -46327.6992
     191.000      -46203.2573
     192.000      -46326.2282
     193.000      -46475.6422
     194.000      -46281.1912
     195.000      -46427.0289
     196.000      -46253.7492
     197.000      -46235.8065
     198.000      -46105.1218
     199.000      -46233.2052
     200.000      -46177.1090
     201.000      -46401.9941
     202.000      -46282.2371
     203.000      -46470.2527
     204.000      -46337.9608
     205.000      -46224.7819
     206.000      -46349.9451
     207.000      -46313.1425
     208.000      -46253.4892
     209.000      -46419.2712
     210.000      -46303.0120
     211.000      -46272.5040
     212.000      -46258.9494
     213.000      -46272.0807
     214.000      -46313.8157
     215.000      -46302.1138
     216.000      -46187.8049
     217.000      -46327.2898
     218.000      -46323.7729
     219.000      -46276.2417
     220.000      -46389.6111
     221.000      -46386.1478
     222.000      -46333.1491
     223.000      -46132.8102
     224.000      -46546.3981
     225.000      -46512.8389
     226.000      -46435.4220
     227.000      -46303.5436
     228.000      -46317.2628
     229.000      -46273.5607
     230.000      -46330.5704
     231.000      -46606.6221
     232.000      -46402.9968
     233.000      -46516.1032
     234.000      -46330.0398
     235.000      -46338.7247
     236.000      -46261.2410
     237.000      -46347.3488
     238.000      -46443.2524
     239.000      -46388.4046
     240.000      -46496.9854
     241.000      -46240.1068
     242.000      -46229.7532
     243.000      -46298.5939
     244.000      -46476.6841
     245.000      -46292.5471
     246.000      -46414.5170
     247.000      -46265.7130
     248.000      -46201.7634
     249.000      -46406.1843
     250.000      -46396.5133
     251.000      -46351.5940
     252.000      -46325.7624
     253.000      -46411.6744
     254.000      -46398.7365
     255.000      -46468.2848
     256.000      -46523.8710
     257.000      -46252.9308
     258.000      -46391.9577
     259.000      -46423.6595
     260.000      -46446.6148
     261.000      -46470.5411
     262.000      -46334.4674
     263.000      -46396.0821
     264.000      -46510.1869
     265.000      -46445.8485
     266.000      -46308.4750
     267.000      -46368.7241
     268.000      -46438.4199
     269.000      -46342.3599
     270.000      -46466.6154
     271.000      -46241.2284
     272.000      -46432.5018
     273.000      -46481.0252
     274.000      -46262.3776
     275.000      -46421.0119
     276.000      -46580.9808
     277.000      -46227.5520
     278.000      -46384.5135
     279.000      -46521.3258
     280.000      -46493.8132
     281.000      -46502.2120
     282.000      -46436.1993
     283.000      -46368.1010
     284.000      -46549.0772
     285.000      -46432.5820
     286.000      -46590.7721
     287.000      -46407.7985
     288.000      -46351.3300
     289.000      -46376.4529
     290.000      -46405.1519
     291.000      -46059.0528
     292.000      -46507.5292
     293.000      -46427.6435
     294.000      -46421.0187
     295.000      -46518.8114
     296.000      -46323.6047
     297.000      -46340.7847
     298.000      -46386.5806
     299.000      -46411.2537
     300.000      -46591.1222
     301.000      -46342.3390
     302.000      -46418.4462
     303.000      -46355.2793
     304.000      -46469.9643
     305.000      -46406.2790
     306.000      -46455.6114
     307.000      -46393.9974
     308.000      -46467.2752
     309.000      -46411.9992
     310.000      -46520.8187
     311.000      -46545.8713
     312.000      -46287.3758
     313.000      -46551.8347
     314.000      -46606.3286
     315.000      -46435.2088
     316.000      -46328.0303
     317.000      -46327.0790
     318.000      -46521.4317
     319.000      -46475.0034
     320.000      -46658.7301
     321.000      -46358.9732
     322.000      -46503.2940
     323.000      -46438.9598
     324.000      -46508.2193
     325.000      -46630.6123
     326.000      -46446.7818
     327.000      -46517.1590
     328.000      -46470.2893
     329.000      -46529.7651
     330.000      -46391.7371
     331.000      -46337.9977
     332.000      -46557.6903
     333.000      -46453.8673
     334.000      -46425.6071
     335.000      -46601.5805
     336.000      -46566.1277
     337.000      -46413.2445
     338.000      -46329.8719
     339.000      -46463.6297
     340.000      -46530.4152
     341.000      -46488.5693
     342.000      -46519.0767
     343.000      -46385.1779
     344.000      -46448.9060
     345.000      -46333.0376
     346.000      -46385.6542
     347.000      -46561.1559
     348.000      -46372.4267
     349.000      -46534.0317
     350.000      -46461.5233
     351.000      -46209.6264
     352.000      -46403.3339
     353.000      -46494.2375
     354.000      -46552.5929
     355.000      -46444.7492
     356.000      -46511.1895
     357.000      -46461.5166
     358.000      -46306.5384
     359.000      -46346.3153
     360.000      -46411.5079
     361.000      -46634.0590
     362.000      -46502.0947
     363.000      -46498.5422
     364.000      -46461.0202
     365.000      -46232.7287
     366.000      -46564.9490
     367.000      -46508.3556
     368.000      -46433.7038
     369.000      -46707.3391
     370.000      -46704.6390
     371.000      -46512.1443
     372.000      -46568.0645
     373.000      -46400.0182
     374.000      -46555.3891
     375.000      -46445.9526
     376.000      -46575.8609
     377.000      -46473.8200
     378.000      -46374.0736
     379.000      -46522.6560
     380.000      -46423.0160
     381.000      -46524.5725
     382.000      -46584.8196
     383.000      -46464.0654
     384.000      -46395.0274
     385.000      -46269.4182
     386.000      -46597.3116
     387.000      -46509.2787
     388.000      -46569.4487
     389.000      -46609.6326
     390.000      -46438.3481
     391.000      -46536.7929
     392.000      -46451.8983
     393.000      -46440.4185
     394.000      -46466.2922
     395.000      -46530.3198
     396.000      -46517.2726
     397.000      -46340.1566
     398.000      -46268.2116
     399.000      -46432.6728
     400.000      -46524.4407
