       0.000      -65181.2476
       1.000      -57000.7829
       2.000      -56980.5035
       3.000      -56832.2735
       4.000      -56621.0171
       5.000      -56404.5630
       6.000      -56146.8548
       7.000      -55930.1174
       8.000      -55682.1102
       9.000      -55466.0659
      10.000      -55174.3038
      11.000      -54914.8644
      12.000      -54655.7028
      13.000      -54380.8587
      14.000      -54066.5208
      15.000      -53806.0895
      16.000      -53541.6064
      17.000      -53252.5001
      18.000      -52951.7277
      19.000      -52726.5944
      20.000      -52414.1082
      21.000      -52266.4301
      22.000      -52093.8906
      23.000      -51974.6955
      24.000      -51786.6268
      25.000      -51704.2491
      26.000      -51626.7360
      27.000      -51449.8506
      28.000      -51300.7597
      29.000      -51125.9730
      30.000      -50974.8627
      31.000      -50858.5948
      32.000      -50754.0257
      33.000      -50684.5523
      34.000      -50417.3927
      35.000      -50322.6819
      36.000      -50137.1239
      37.000      -49929.4289
      38.000      -49857.6388
      39.000      -49647.7563
      40.000      -49387.3337
      41.000      -49252.5497
      42.000      -49140.3129
      43.000      -48968.4973
      44.000      -48868.6539
      45.000      -48706.9211
      46.000      -48478.0447
      47.000      -48340.7959
      48.000      -48080.2128
      49.000      -48112.2700
      50.000      -47707.3674
      51.000      -47587.2916
      52.000      -47563.4904
      53.000      -47204.9318
      54.000      -47120.1484
      55.000      -47025.1492
      56.000      -46815.1541
      57.000      -46670.4699
      58.000      -46481.8731
      59.000      -46165.9608
      60.000      -45996.9458
      61.000      -46027.8967
      62.000      -45838.7974
      63.000      -45635.2292
      64.000      -45483.0699
      65.000      -45387.4043
      66.000      -45471.8054
      67.000      -45292.5309
      68.000      -45095.3755
      69.000      -45066.1924
      70.000      -44943.3732
      71.000      -44916.8688
      72.000      -44726.6279
      73.000      -44623.0827
      74.000      -44553.6219
      75.000      -44229.4024
      76.000      -44192.8535
      77.000      -44137.6424
      78.000      -43999.3316
      79.000      -43901.9154
      80.000      -43808.4926
      81.000      -43731.0288
      82.000      -43399.9064
      83.000      -43206.8483
      84.000      -43138.5496
      85.000      -43060.2292
      86.000      -42930.4375
      87.000      -42858.0345
      88.000      -42577.4998
      89.000      -42468.7091
      90.000      -42420.3175
      91.000      -42176.5609
      92.000      -41924.6957
      93.000      -42036.4298
      94.000      -41910.7882
      95.000      -41684.3496
      96.000      -41602.2666
      97.000      -41590.6216
      98.000      -41328.3599
      99.000      -41202.8850
     100.000      -41085.6107
     101.000      -40942.6127
     102.000      -40761.2911
     103.000      -40646.1221
     104.000      -40605.9561
     105.000      -40500.7599
     106.000      -40387.3727
     107.000      -40327.7205
     108.000      -40286.1703
     109.000      -40211.1703
     110.000      -40065.5022
     111.000      -39874.8247
     112.000      -39706.9880
     113.000      -39684.2986
     114.000      -39422.5855
     115.000      -39321.3630
     116.000      -39328.0207
     117.000      -39096.7739
     118.000      -39025.4508
     119.000      -38906.8766
     120.000      -38636.4756
     121.000      -38540.0510
     122.000      -38413.5415
     123.000      -38206.0004
     124.000      -38295.0979
     125.000      -38152.3672
     126.000      -38158.5454
     127.000      -38040.5203
     128.000      -37576.6546
     129.000      -37722.1506
     130.000      -37672.8886
     131.000      -37465.1168
     132.000      -37206.8557
     133.000      -37269.9452
     134.000      -37001.2431
     135.000      -36955.5833
     136.000      -37035.2640
     137.000      -36862.4017
     138.000      -36693.9247
     139.000      -36638.6832
     140.000      -36124.0594
     141.000      -36306.3762
     142.000      -36206.2910
     143.000      -36415.0371
     144.000      -36350.5688
     145.000      -36253.0606
     146.000      -36201.2203
     147.000      -36332.1515
     148.000      -36196.5840
     149.000      -36402.9197
     150.000      -36295.1813
     151.000      -36368.9445
     152.000      -36138.9069
     153.000      -36332.5526
     154.000      -36262.4653
     155.000      -36099.7638
     156.000      -36299.7624
     157.000      -36333.7183
     158.000      -36448.4457
     159.000      -36304.2500
     160.000      -36286.9815
     161.000      -36374.4721
     162.000      -36447.2836
     163.000      -36544.3017
     164.000      -36600.7390
     165.000      -36660.2574
     166.000      -36239.6852
     167.000      -36302.9002
     168.000      -36354.4158
     169.000      -36216.1631
     170.000      -36595.3582
     171.000      -36355.2003
     172.000      -36394.3750
     173.000      -36424.0817
     174.000      -36272.6787
     175.000      -36445.4488
     176.000      -36743.2872
     177.000      -36328.6871
     178.000      -36292.3782
     179.000      -36395.2788
     180.000      -36315.8955
     181.000      -36422.7977
     182.000      -36518.0792
     183.000      -36455.3955
     184.000      -36782.0821
     185.000      -36447.1978
     186.000      -36623.9869
     187.000      -36729.7667
     188.000      -36321.5603
     189.000      -36398.1933
     190.000      -36704.5752
     191.000      -36574.5415
     192.000      -36595.2731
     193.000      -36736.2018
     194.000      -36576.5750
     195.000      -36583.8180
     196.000      -36515.6457
     197.000      -36625.7655
     198.000      -36517.1814
     199.000      -36464.8712
     200.000      -36655.5865
     201.000      -36687.9961
     202.000      -36724.5388
     203.000      -36765.4451
     204.000      -36582.6248
     205.000      -36516.0475
     206.000      -36675.4129
     207.000      -36681.8300
     208.000      -36576.9833
     209.000      -36838.9421
     210.000      -36815.9436
     211.000      -36643.2227
     212.000      -36721.7854
     213.000      -36513.4342
     214.000      -36673.8733
     215.000      -36745.5503
     216.000      -36676.5237
     217.000      -36550.8796
     218.000      -36676.4644
     219.000      -36733.2075
     220.000      -36747.4744
     221.000      -36642.1097
     222.000      -36701.9977
     223.000      -36413.7867
     224.000      -36816.7946
     225.000      -36911.2422
     226.000      -36791.7209
     227.000      -36634.4528
     228.000      -36647.8946
     229.000      -36658.2238
     230.000      -36586.7394
     231.000      -36769.0411
     232.000      -36664.8249
     233.000      -36798.0447
     234.000      -36671.4236
     235.000      -36612.8770
     236.000      -36563.7790
     237.000      -36639.6877
     238.000      -36847.0736
     239.000      -36682.0404
     240.000      -36747.0244
     241.000      -36588.2191
     242.000      -36522.9934
     243.000      -36583.2325
     244.000      -36861.1275
     245.000      -36572.3459
     246.000      -36699.7016
     247.000      -36603.3693
     248.000      -36530.5437
     249.000      -36862.1198
     250.000      -36715.3170
     251.000      -36600.7551
     252.000      -36520.9069
     253.000      -36631.1305
     254.000      -36799.6965
     255.000      -36760.1969
     256.000      -36921.5321
     257.000      -36614.0578
     258.000      -36670.1403
     259.000      -36792.2816
     260.000      -36622.6344
     261.000      -36774.2979
     262.000      -36570.7741
     263.000      -36744.2471
     264.000      -36871.0512
     265.000      -36729.8036
     266.000      -36604.6596
     267.000      -36660.6137
     268.000      -36677.7080
     269.000      -36611.8834
     270.000      -36768.7911
     271.000      -36621.4677
     272.000      -36684.4706
     273.000      -36800.5125
     274.000      -36612.0778
     275.000      -36693.6095
     276.000      -36926.7132
     277.000      -36717.2737
     278.000      -36752.5828
     279.000      -36776.6852
     280.000      -36690.6286
     281.000      -36816.3399
     282.000      -36717.1554
     283.000      -36608.6957
     284.000      -36852.2237
     285.000      -36781.8164
     286.000      -36927.2673
     287.000      -36539.0524
     288.000      -36843.6718
     289.000      -36759.0125
     290.000      -36806.5044
     291.000      -36284.1788
     292.000      -36937.4901
     293.000      -36588.1445
     294.000      -36684.2579
     295.000      -36781.1375
     296.000      -36728.3889
     297.000      -36587.9244
     298.000      -36669.2144
     299.000      -36690.0086
     300.000      -36869.9122
     301.000      -36663.7774
     302.000      -36809.6191
     303.000      -36639.4853
     304.000      -36732.3910
     305.000      -36764.7048
     306.000      -36698.0460
     307.000      -36647.9847
     308.000      -36917.1219
     309.000      -36811.5344
     310.000      -36930.5941
     311.000      -36897.4416
     312.000      -36660.5702
     313.000      -36968.9958
     314.000      -36920.1147
     315.000      -36892.7733
     316.000      -36703.0361
     317.000      -36781.8242
     318.000      -36770.3497
     319.000      -36741.5249
     320.000      -37002.2457
     321.000      -36656.2779
     322.000      -36735.5733
     323.000      -36865.3036
     324.000      -36780.3678
     325.000      -36860.4873
     326.000      -36629.2007
     327.000      -36928.2948
     328.000      -36805.1584
     329.000      -36937.7046
     330.000      -36711.7215
     331.000      -36533.6930
     332.000      -36896.7547
     333.000      -36901.2384
     334.000      -36705.6774
     335.000      -36949.7485
     336.000      -36846.6873
     337.000      -36651.0833
     338.000      -36615.9432
     339.000      -36920.9784
     340.000      -37067.0695
     341.000      -36738.5840
     342.000      -36833.2749
     343.000      -36626.6848
     344.000      -36625.6618
     345.000      -36616.8930
     346.000      -36845.6405
     347.000      -36994.3864
     348.000      -36785.9443
     349.000      -36859.9438
     350.000      -36707.4872
     351.000      -36583.7885
     352.000      -36799.9569
     353.000      -36893.1213
     354.000      -36795.6896
     355.000      -36685.2160
     356.000      -36728.6504
     357.000      -36674.1348
     358.000      -36747.3880
     359.000      -36717.1132
     360.000      -36813.5001
     361.000      -36977.8755
     362.000      -36727.5752
     363.000      -36755.5588
     364.000      -36666.8551
     365.000      -36547.1428
     366.000      -36971.8982
     367.000      -36859.7717
     368.000      -36747.3073
     369.000      -37099.5100
     370.000      -37027.6546
     371.000      -36773.6658
     372.000      -36978.9629
     373.000      -36692.2721
     374.000      -36865.5717
     375.000      -36813.8853
     376.000      -36805.3296
     377.000      -36746.4235
     378.000      -36704.8294
     379.000      -36775.4656
     380.000      -36761.0053
     381.000      -36861.5120
     382.000      -36998.5638
     383.000      -36667.1133
     384.000      -36799.2354
     385.000      -36507.8185
     386.000      -36936.9014
     387.000      -36837.3568
     388.000      -36894.5160
     389.000      -36953.3748
     390.000      -36800.1635
     391.000      -36758.0439
     392.000      -36848.0311
     393.000      -36786.7789
     394.000      -36788.2199
     395.000      -36849.7407
     396.000      -36884.6379
     397.000      -36558.3568
     398.000      -36549.8757
     399.000      -36776.7060
     400.000      -36724.4270
