       0.000       0.00
       1.000       5.15
       2.000       9.75
       3.000      14.58
       4.000      19.72
       5.000      24.86
       6.000      29.83
       7.000      34.44
       8.000      39.91
       9.000      44.92
      10.000      50.06
      11.000      54.63
      12.000      59.88
      13.000      64.00
      14.000      69.98
      15.000      74.59
      16.000      79.94
      17.000      85.13
      18.000      90.16
      19.000      93.98
      20.000      99.16
      21.000     102.59
      22.000     104.02
      23.000     107.73
      24.000     110.00
      25.000     112.70
      26.000     115.05
      27.000     116.57
      28.000     120.47
      29.000     122.53
      30.000     125.05
      31.000     127.01
      32.000     130.15
      33.000     130.84
      34.000     135.01
      35.000     138.29
      36.000     139.26
      37.000     142.70
      38.000     145.65
      39.000     149.20
      40.000     150.69
      41.000     152.77
      42.000     156.22
      43.000     159.19
      44.000     161.35
      45.000     160.72
      46.000     167.23
      47.000     166.64
      48.000     170.90
      49.000     169.51
      50.000     176.23
      51.000     177.19
      52.000     177.36
      53.000     182.51
      54.000     184.51
      55.000     187.16
      56.000     188.33
      57.000     192.28
      58.000     192.80
      59.000     196.62
      60.000     198.67
      61.000     200.49
      62.000     200.95
      63.000     204.85
      64.000     210.06
      65.000     207.66
      66.000     206.42
      67.000     208.55
      68.000     211.66
      69.000     210.34
      70.000     211.46
      71.000     214.30
      72.000     214.86
      73.000     215.91
      74.000     218.24
      75.000     218.47
      76.000     221.87
      77.000     222.77
      78.000     222.45
      79.000     224.59
      80.000     226.54
      81.000     225.13
      82.000     230.02
      83.000     229.22
      84.000     227.46
      85.000     232.56
      86.000     231.34
      87.000     234.57
      88.000     236.24
      89.000     236.30
      90.000     236.62
      91.000     238.70
      92.000     241.10
      93.000     240.10
      94.000     242.69
      95.000     243.26
      96.000     245.58
      97.000     246.02
      98.000     247.35
      99.000     250.63
     100.000     247.64
     101.000     253.22
     102.000     253.80
     103.000     255.83
     104.000     254.72
     105.000     261.17
     106.000     258.55
     107.000     260.62
     108.000     258.40
     109.000     259.49
     110.000     261.25
     111.000     265.82
     112.000     264.85
     113.000     268.05
     114.000     266.49
     115.000     266.97
     116.000     267.13
     117.000     276.41
     118.000     273.09
     119.000     271.56
     120.000     276.36
     121.000     278.63
     122.000     278.82
     123.000     280.85
     124.000     281.73
     125.000     284.57
     126.000     279.35
     127.000     283.29
     128.000     289.45
     129.000     284.71
     130.000     283.12
     131.000     291.14
     132.000     290.71
     133.000     294.67
     134.000     291.17
     135.000     293.27
     136.000     291.95
     137.000     298.12
     138.000     294.94
     139.000     299.47
     140.000     303.73
     141.000     300.83
     142.000     301.66
     143.000     298.30
     144.000     299.36
     145.000     300.33
     146.000     302.18
     147.000     298.41
     148.000     298.99
     149.000     301.08
     150.000     302.85
     151.000     296.11
     152.000     303.43
     153.000     298.49
     154.000     298.77
     155.000     304.06
     156.000     302.79
     157.000     298.02
     158.000     299.46
     159.000     301.68
     160.000     299.65
     161.000     299.90
     162.000     303.21
     163.000     301.04
     164.000     294.93
     165.000     294.95
     166.000     299.12
     167.000     303.09
     168.000     297.70
     169.000     301.99
     170.000     297.71
     171.000     302.84
     172.000     299.36
     173.000     298.24
     174.000     302.79
     175.000     299.28
     176.000     297.49
     177.000     299.15
     178.000     300.33
     179.000     298.64
     180.000     302.53
     181.000     297.22
     182.000     298.13
     183.000     300.13
     184.000     296.16
     185.000     302.14
     186.000     299.24
     187.000     296.01
     188.000     299.10
     189.000     300.68
     190.000     298.01
     191.000     298.19
     192.000     301.35
     193.000     301.62
     194.000     300.54
     195.000     304.83
     196.000     301.57
     197.000     297.61
     198.000     296.92
     199.000     302.51
     200.000     294.87
     201.000     300.83
     202.000     295.99
     203.000     300.54
     204.000     302.11
     205.000     300.66
     206.000     299.61
     207.000     298.27
     208.000     299.67
     209.000     296.69
     210.000     293.80
     211.000     298.20
     212.000     295.35
     213.000     302.21
     214.000     298.53
     215.000     295.95
     216.000     294.55
     217.000     302.76
     218.000     298.76
     219.000     295.53
     220.000     298.60
     221.000     301.76
     222.000     298.26
     223.000     300.98
     224.000     301.31
     225.000     297.35
     226.000     298.65
     227.000     299.44
     228.000     299.45
     229.000     297.77
     230.000     301.75
     231.000     304.66
     232.000     301.58
     233.000     300.95
     234.000     299.11
     235.000     301.19
     236.000     300.32
     237.000     300.63
     238.000     297.18
     239.000     300.59
     240.000     301.94
     241.000     298.90
     242.000     300.60
     243.000     300.87
     244.000     297.78
     245.000     301.02
     246.000     300.85
     247.000     299.23
     248.000     299.50
     249.000     295.57
     250.000     299.81
     251.000     301.97
     252.000     303.64
     253.000     302.89
     254.000     297.27
     255.000     300.64
     256.000     297.37
     257.000     298.50
     258.000     301.07
     259.000     298.27
     260.000     304.23
     261.000     300.28
     262.000     302.37
     263.000     298.90
     264.000     298.51
     265.000     300.89
     266.000     300.51
     267.000     300.65
     268.000     302.27
     269.000     301.34
     270.000     300.33
     271.000     297.91
     272.000     301.88
     273.000     299.79
     274.000     298.86
     275.000     301.24
     276.000     298.98
     277.000     294.52
     278.000     298.29
     279.000     301.78
     280.000     303.59
     281.000     299.96
     282.000     300.98
     283.000     302.23
     284.000     300.30
     285.000     298.87
     286.000     299.26
     287.000     305.62
     288.000     294.44
     289.000     297.84
     290.000     297.26
     291.000     302.71
     292.000     296.37
     293.000     304.71
     294.000     301.53
     295.000     301.56
     296.000     297.15
     297.000     302.03
     298.000     300.93
     299.000     301.05
     300.000     301.05
     301.000     299.73
     302.000     297.57
     303.000     300.88
     304.000     301.56
     305.000     298.59
     306.000     302.18
     307.000     301.82
     308.000     295.75
     309.000     297.31
     310.000     296.99
     311.000     298.80
     312.000     298.13
     313.000     296.77
     314.000     299.97
     315.000     295.51
     316.000     298.07
     317.000     295.60
     318.000     301.98
     319.000     301.43
     320.000     299.05
     321.000     300.48
     322.000     302.49
     323.000     296.48
     324.000     301.26
     325.000     302.57
     326.000     304.04
     327.000     296.95
     328.000     299.31
     329.000     297.05
     330.000     299.78
     331.000     303.62
     332.000     299.18
     333.000     295.83
     334.000     301.01
     335.000     298.90
     336.000     301.00
     337.000     302.32
     338.000     300.83
     339.000     295.52
     340.000     293.07
     341.000     301.94
     342.000     299.95
     343.000     302.21
     344.000     304.21
     345.000     300.89
     346.000     295.44
     347.000     296.27
     348.000     296.88
     349.000     299.59
     350.000     302.07
     351.000     298.10
     352.000     297.40
     353.000     297.33
     354.000     302.16
     355.000     302.24
     356.000     302.95
     357.000     303.10
     358.000     296.03
     359.000     298.20
     360.000     297.24
     361.000     299.04
     362.000     302.70
     363.000     301.73
     364.000     303.31
     365.000     299.95
     366.000     297.08
     367.000     298.80
     368.000     299.97
     369.000     297.54
     370.000     299.68
     371.000     301.59
     372.000     296.96
     373.000     300.63
     374.000     300.08
     375.000     298.29
     376.000     302.58
     377.000     301.24
     378.000     299.44
     379.000     301.86
     380.000     299.22
     381.000     299.25
     382.000     296.87
     383.000     303.40
     384.000     297.17
     385.000     302.30
     386.000     299.17
     387.000     299.52
     388.000     299.62
     389.000     299.04
     390.000     298.48
     391.000     302.83
     392.000     297.42
     393.000     298.96
     394.000     299.72
     395.000     299.79
     396.000     298.31
     397.000     302.93
     398.000     300.96
     399.000     299.03
     400.000     303.49
