#Frame           RMSD
       1       1.7817
       2       1.9956
       3       2.0596
       4       1.8911
       5       1.8003
       6       1.9209
       7       2.1723
       8       1.9476
       9       1.8326
      10       1.9155
      11       2.3708
      12       1.8207
      13       1.3986
      14       1.5149
      15       1.7278
      16       2.0376
      17       2.2261
      18       1.9416
      19       1.5374
      20       1.9980
      21       1.8314
      22       2.0221
      23       1.9198
      24       2.1758
      25       1.8266
      26       2.0579
      27       1.9394
      28       2.0305
      29       1.9644
      30       1.9788
      31       2.2315
      32       2.4081
      33       2.0877
      34       1.9179
      35       2.1808
      36       2.1918
      37       2.5409
      38       2.3704
      39       1.8207
      40       1.9188
      41       2.1915
      42       1.7537
      43       1.9420
      44       1.7833
      45       1.9677
      46       1.9481
      47       1.8719
      48       2.2094
      49       2.0658
      50       1.9390
      51       1.9669
      52       1.8234
      53       1.8723
      54       2.0783
      55       2.2082
      56       1.9719
      57       2.1774
      58       1.8821
      59       2.0583
      60       2.0249
      61       1.7341
      62       1.6597
      63       1.9019
      64       1.9368
      65       2.0730
      66       1.9155
      67       2.1498
      68       2.1179
      69       2.0943
      70       2.1936
      71       2.0080
      72       1.9624
      73       2.0618
      74       2.1421
      75       2.1094
      76       2.3532
      77       1.9732
      78       2.0583
      79       2.2177
      80       2.1071
      81       2.1776
      82       1.9439
      83       2.2422
      84       2.1879
      85       1.8964
      86       2.1025
      87       2.0510
      88       2.2420
      89       2.4152
      90       2.0576
      91       1.9961
      92       2.1542
      93       2.2181
      94       1.9017
      95       1.6657
      96       1.9006
      97       1.5515
      98       1.8369
      99       2.1548
     100       1.9119
     101       1.6691
     102       2.0934
     103       1.8454
     104       1.9437
     105       1.9578
     106       1.9912
     107       2.1636
     108       1.8747
     109       1.9790
     110       2.0435
     111       2.1453
     112       1.9644
     113       1.9713
     114       2.1142
     115       1.9629
     116       2.0232
     117       1.9145
     118       1.8865
     119       2.2547
     120       2.0855
     121       1.9717
     122       1.7325
     123       1.7796
     124       1.8169
     125       1.9009
     126       1.9801
     127       2.1796
     128       2.1666
     129       2.1149
     130       1.8054
     131       2.1032
     132       2.0329
     133       1.7965
     134       2.0775
     135       1.9353
     136       1.8288
     137       1.9466
     138       1.8128
     139       1.9678
     140       1.8231
     141       1.9726
     142       2.1036
     143       2.1482
     144       2.1657
     145       1.9839
     146       2.0226
     147       1.8760
     148       1.8272
     149       2.0410
     150       1.9494
     151       2.1636
     152       2.1686
     153       2.0178
     154       2.0253
     155       2.0469
     156       2.2238
     157       2.1067
     158       2.0525
     159       2.0083
     160       2.0969
     161       2.0729
     162       2.0399
     163       2.1113
     164       2.0105
     165       1.8826
     166       1.7570
     167       1.8598
     168       1.9975
     169       2.0114
     170       2.4728
     171       1.9284
     172       2.2891
     173       2.0794
     174       2.0101
     175       2.0266
     176       2.0075
     177       2.2091
     178       1.9352
     179       2.0026
     180       2.0846
     181       2.2343
     182       1.9983
     183       1.9584
     184       2.4028
     185       2.3330
     186       2.0369
     187       2.0606
     188       2.1812
     189       1.9908
     190       2.2446
     191       2.1480
     192       2.1873
     193       2.3731
     194       2.3176
     195       2.1131
     196       2.2669
     197       2.5495
     198       2.4963
     199       1.7805
     200       1.9024
     201       1.7782
     202       1.8136
     203       1.8435
     204       1.7179
     205       1.8635
     206       1.9296
     207       1.8600
     208       2.1127
     209       1.8577
     210       1.8848
     211       1.7550
     212       2.0740
     213       1.8171
     214       1.8072
     215       2.1225
     216       1.7297
     217       1.6541
     218       1.7287
     219       1.8476
     220       1.7631
     221       1.7520
     222       1.9162
     223       1.8033
     224       1.9223
     225       1.6075
     226       2.0024
     227       1.8048
     228       1.7629
     229       1.9621
     230       1.9442
     231       1.9589
     232       1.8505
     233       1.8845
     234       2.0085
     235       2.1893
     236       1.7235
     237       2.0759
     238       2.0960
     239       1.7085
     240       1.8347
     241       1.8544
     242       1.6422
     243       2.0688
     244       2.1559
     245       1.7891
     246       1.9874
     247       2.2522
     248       2.4317
     249       2.1710
     250       2.2387
     251       2.0474
     252       2.0968
     253       1.7551
     254       1.9464
     255       1.9887
     256       1.7639
     257       1.7920
     258       1.9069
     259       1.7799
     260       1.8488
     261       1.9913
     262       1.7899
     263       2.0060
     264       2.1494
     265       2.2232
     266       2.1266
     267       2.2619
     268       1.9600
     269       1.8686
     270       2.0789
     271       2.1999
     272       1.9123
     273       2.0082
     274       2.0308
     275       2.1723
     276       2.1037
     277       1.9284
     278       2.1063
     279       2.1226
     280       1.7166
     281       1.9293
     282       2.2138
     283       1.9446
     284       1.7466
     285       2.1273
     286       2.0242
     287       2.0465
     288       2.1629
     289       2.3856
     290       2.2335
     291       2.0400
     292       2.2719
     293       2.1312
     294       2.1650
     295       2.1658
     296       1.8739
     297       1.7907
     298       2.1281
     299       2.0584
     300       2.1842
     301       1.8697
     302       1.9816
     303       2.2069
     304       1.8785
     305       2.2462
     306       1.9250
     307       2.1040
     308       2.0051
     309       2.0086
     310       2.4201
     311       2.1724
     312       2.2044
     313       2.1164
     314       2.0964
     315       2.0959
     316       2.0053
     317       2.2396
     318       1.9143
     319       1.9576
     320       2.0305
     321       2.0172
     322       1.8173
     323       2.1077
     324       2.2364
     325       2.1405
     326       1.9976
     327       2.2424
     328       1.7870
     329       2.0503
     330       2.3445
     331       2.1734
     332       2.4485
     333       2.1906
     334       2.2861
     335       2.3505
     336       2.1180
     337       2.1885
     338       2.1480
     339       1.9893
     340       2.1107
     341       1.9184
     342       2.1209
     343       2.2215
     344       2.1222
     345       2.2357
     346       2.0804
     347       2.0073
     348       1.9603
     349       2.2126
     350       2.6576
     351       2.1583
     352       2.2437
     353       2.3339
     354       2.0536
     355       1.9982
     356       2.0195
     357       1.9944
     358       2.2333
     359       2.2073
     360       2.1116
     361       1.9447
     362       2.2343
     363       2.3846
     364       2.0782
     365       2.1987
     366       2.0366
     367       2.1851
     368       1.5465
     369       1.7711
     370       1.6723
     371       1.7980
     372       1.7832
     373       2.1744
     374       1.3267
     375       1.9556
     376       1.9466
     377       1.7336
     378       1.7621
     379       1.5834
     380       1.8891
     381       1.7949
     382       1.7931
     383       1.6361
     384       1.7753
     385       1.7406
     386       1.9222
     387       1.9286
     388       1.7639
     389       2.1078
     390       2.1358
     391       1.7020
     392       1.8110
     393       2.1941
     394       1.9598
     395       1.8616
     396       1.9054
     397       2.2480
     398       1.9240
     399       1.5551
     400       1.8361
     401       1.7777
     402       1.9352
     403       1.6924
     404       1.6994
     405       1.9308
     406       1.7493
     407       1.8470
     408       2.0173
     409       1.9950
     410       2.0007
     411       1.8938
     412       1.6629
     413       2.0435
     414       1.8326
     415       2.1772
     416       1.7947
     417       1.9092
     418       1.7523
     419       1.8357
     420       2.1059
     421       1.6510
     422       2.2555
     423       2.0352
     424       2.1183
     425       2.0334
     426       1.8837
     427       2.2248
     428       2.1957
     429       1.7335
     430       2.1086
     431       1.8927
     432       2.1387
     433       1.7287
     434       1.9196
     435       1.8066
     436       1.7884
     437       1.9904
     438       2.0669
     439       2.0281
     440       1.8474
     441       1.8338
     442       1.7626
     443       2.1514
     444       2.0371
     445       1.9657
     446       1.8432
     447       2.2399
     448       2.2014
     449       1.9495
     450       2.1650
     451       1.8812
     452       1.9581
     453       2.1374
     454       1.7608
     455       1.6496
     456       1.6817
     457       2.0346
     458       2.0478
     459       1.9785
     460       1.9360
     461       1.7639
     462       1.8722
     463       2.0192
     464       1.8369
     465       1.9762
     466       1.9050
     467       1.8196
     468       2.0374
     469       1.8918
     470       2.0634
     471       2.2539
     472       2.2083
     473       2.1117
     474       2.3936
     475       2.2989
     476       2.1301
     477       2.1039
     478       1.8354
     479       1.7776
     480       1.7579
     481       2.2486
     482       1.9005
     483       2.0278
     484       2.0038
     485       2.0076
     486       1.8953
     487       1.8366
     488       1.7866
     489       2.1950
     490       1.7904
     491       2.1308
     492       2.0602
     493       2.1817
     494       1.9664
     495       1.9798
     496       1.7992
     497       2.1262
     498       2.1459
     499       2.1099
     500       1.9076
     501       2.1301
     502       2.1197
     503       2.1559
     504       1.8036
     505       1.8214
     506       2.1037
     507       1.8821
     508       1.9237
     509       2.0269
     510       2.1591
     511       2.0612
     512       1.9763
     513       1.9652
     514       1.9670
     515       2.1679
     516       2.2792
     517       1.7537
     518       1.9817
     519       2.3525
     520       2.0559
     521       2.2799
     522       1.9770
     523       2.0036
     524       2.0585
     525       2.0395
     526       2.1730
     527       2.4410
     528       2.4235
     529       2.3269
     530       1.9308
     531       1.8904
     532       1.9583
     533       1.9107
     534       1.8103
     535       2.1268
     536       2.2017
     537       2.3468
     538       2.0030
     539       2.2653
     540       2.1466
     541       1.9922
     542       1.8284
     543       2.0412
     544       2.1048
     545       2.1321
     546       2.4068
     547       2.2786
     548       2.1896
     549       2.1678
     550       1.8736
     551       2.2473
     552       2.1514
     553       1.9627
     554       1.9813
     555       1.9373
     556       2.1657
     557       2.1327
     558       2.0311
     559       1.8841
     560       2.0210
     561       1.8966
     562       2.1882
     563       2.3053
     564       2.5238
     565       2.1434
     566       2.2314
     567       2.3794
     568       2.1988
     569       2.1554
     570       2.4718
     571       2.2025
     572       2.0540
     573       2.5093
     574       2.3905
     575       2.3873
     576       2.2710
     577       2.2696
     578       1.7420
     579       1.7851
     580       1.7213
     581       1.7459
     582       1.7828
     583       1.7858
     584       1.8267
     585       1.8731
     586       1.7327
     587       1.7400
     588       1.6858
     589       1.5075
     590       1.9926
     591       1.8412
     592       1.6902
     593       2.0675
     594       1.9805
     595       1.7373
     596       1.7263
     597       1.8262
     598       1.6709
     599       1.8044
     600       1.7580
     601       1.8117
     602       1.7809
     603       1.8894
     604       1.7492
     605       1.6634
     606       1.9431
     607       2.3081
     608       1.9588
     609       1.5861
     610       1.7840
     611       1.7867
     612       1.7987
     613       1.6335
     614       1.8065
     615       1.8886
     616       1.7075
     617       1.8344
     618       1.9706
     619       1.9640
     620       1.7382
     621       1.7475
     622       1.6864
     623       1.6679
     624       1.6749
     625       1.8482
     626       1.7715
     627       1.7618
     628       2.0339
     629       1.8209
     630       1.8843
     631       1.9333
     632       1.7700
     633       1.8183
     634       2.1195
     635       1.9905
     636       2.0399
     637       1.7381
     638       1.9521
     639       1.9462
     640       1.7695
     641       2.1148
     642       2.1759
     643       1.8423
     644       1.7922
     645       1.9174
     646       2.0231
     647       1.7376
     648       2.0311
     649       1.7391
     650       1.7482
     651       1.8539
     652       2.0684
     653       2.1462
     654       1.9339
     655       2.3788
     656       1.9180
     657       1.8525
     658       1.8522
     659       1.8489
     660       1.7661
     661       2.0028
     662       1.8999
     663       2.0661
     664       1.8851
     665       1.8273
     666       1.7963
     667       1.8444
     668       2.0948
     669       1.7698
     670       1.9648
     671       1.7100
     672       1.9102
     673       2.1292
     674       2.0400
     675       1.9127
     676       2.1794
     677       2.1852
     678       2.1190
     679       2.0366
     680       2.0208
     681       1.8910
     682       1.8530
     683       1.8429
     684       1.9598
     685       2.0847
     686       1.8912
     687       1.9535
     688       1.9963
     689       1.7700
     690       1.9895
     691       2.1297
     692       1.7587
     693       2.0950
     694       2.2448
     695       2.2003
     696       2.0419
     697       2.0111
     698       2.0897
     699       1.9509
     700       1.9969
     701       2.0316
     702       2.1651
     703       2.0458
     704       2.0422
     705       2.0220
     706       2.1610
     707       2.2346
     708       2.0130
     709       1.9990
     710       1.8537
     711       1.8371
     712       1.9634
     713       2.0055
     714       2.0271
     715       2.0552
     716       1.9571
     717       2.0369
     718       2.0486
     719       1.9204
     720       1.8959
     721       2.1826
     722       2.2951
     723       2.1960
     724       1.8691
     725       1.8632
     726       2.0364
     727       2.2013
     728       2.1623
     729       2.5021
     730       2.2047
     731       2.3399
     732       1.8914
     733       1.7382
     734       1.9971
     735       2.0311
     736       1.9022
     737       1.9029
     738       1.7879
     739       2.0812
     740       2.0951
     741       2.2133
     742       2.0004
     743       2.1125
     744       1.9693
     745       2.1247
     746       2.0986
     747       1.8108
     748       2.0888
     749       2.4035
     750       2.0878
     751       1.9896
     752       2.2467
     753       2.1844
     754       2.2659
     755       2.1682
     756       2.1611
     757       2.1481
     758       2.1065
     759       2.1315
     760       2.1762
     761       2.1554
     762       2.0464
     763       2.0429
     764       2.0105
     765       2.0616
     766       1.9822
     767       2.0615
     768       2.6407
     769       1.9867
     770       2.1668
     771       2.1542
     772       2.1294
     773       1.8488
     774       2.0490
     775       2.0729
     776       2.2458
     777       2.2287
     778       2.1603
     779       2.3562
     780       2.6805
     781       2.1982
     782       2.2512
     783       2.3204
     784       2.3141
     785       2.1312
     786       1.9233
     787       2.0147
     788       2.2206
     789       2.8357
     790       2.2092
     791       2.2442
     792       1.9617
     793       2.2324
     794       1.8985
     795       1.9253
     796       2.3788
     797       2.2806
     798       2.3064
     799       2.0367
     800       2.4432
     801       2.2922
     802       2.2775
     803       2.2124
     804       2.0473
     805       2.2639
     806       2.4421
     807       2.3752
     808       2.2122
     809       2.2292
     810       1.4858
     811       1.8226
     812       1.7178
     813       1.5565
     814       1.6557
     815       1.5998
     816       1.9041
     817       1.5102
     818       1.7572
     819       1.6836
     820       1.7457
     821       1.7423
     822       1.8989
     823       1.8517
     824       1.5555
     825       1.9590
     826       1.8252
     827       1.6833
     828       1.7519
     829       1.5184
     830       2.3474
     831       1.6665
     832       1.7797
     833       1.8847
     834       1.6587
     835       1.6730
     836       1.8666
     837       1.4454
     838       2.1509
     839       1.6132
     840       1.8327
     841       1.6810
     842       1.6849
     843       1.7706
     844       1.7782
     845       1.9659
     846       2.0286
     847       1.8002
     848       1.8860
     849       1.7440
     850       1.8149
     851       2.0612
     852       2.3980
     853       2.0091
     854       1.7482
     855       1.7733
     856       1.8002
     857       2.0368
     858       1.8508
     859       1.7117
     860       1.6996
     861       1.8966
     862       2.0418
     863       1.6932
     864       1.8026
     865       1.6019
     866       1.9788
     867       1.9793
     868       1.9957
     869       1.9538
     870       1.6113
     871       1.8292
     872       1.7936
     873       2.1468
     874       1.8578
     875       1.9078
     876       1.6484
     877       1.7604
     878       1.8418
     879       1.7792
     880       1.8238
     881       1.6723
     882       1.7821
     883       2.3338
     884       2.1395
     885       2.1933
     886       2.1211
     887       1.9609
     888       1.7125
     889       1.7987
     890       1.9565
     891       1.8273
     892       2.0462
     893       1.7791
     894       2.0866
     895       1.8274
     896       2.0859
     897       1.9406
     898       1.9896
     899       1.7290
     900       1.8508
     901       2.1484
     902       2.2655
     903       2.1086
     904       2.1200
     905       1.8139
     906       1.8860
     907       1.7095
     908       1.9288
     909       2.0519
     910       1.6111
     911       1.8720
     912       1.9143
     913       1.9621
     914       1.9451
     915       1.6975
     916       1.7949
     917       1.9491
     918       1.8851
     919       1.9687
     920       1.8253
     921       2.0795
     922       2.0838
     923       1.9701
     924       2.0226
     925       2.2310
     926       2.1105
     927       2.2210
     928       2.0412
     929       1.7983
     930       2.1166
     931       1.8989
     932       1.8565
     933       1.8101
     934       2.0798
     935       2.1008
     936       1.8621
     937       1.9429
     938       2.0411
     939       1.7518
     940       1.9756
     941       1.8981
     942       1.8165
     943       1.9583
     944       2.1178
     945       2.2632
     946       2.0562
     947       1.7929
     948       2.1046
     949       2.2987
     950       2.2577
     951       2.3761
     952       2.2431
     953       1.9553
     954       1.9178
     955       1.9365
     956       2.1260
     957       2.0136
     958       1.8868
     959       2.1288
     960       1.9248
     961       2.0610
     962       2.1520
     963       2.1126
     964       2.1409
     965       2.5501
     966       1.8559
     967       2.0043
     968       1.9523
     969       2.0626
     970       2.1851
     971       2.1240
     972       1.9096
     973       2.0724
     974       2.4730
     975       2.0907
     976       2.0519
     977       2.1805
     978       1.9092
     979       2.0147
     980       1.8582
     981       2.0436
     982       1.8747
     983       2.0850
     984       1.7297
     985       2.1076
     986       1.8264
     987       1.9583
     988       1.9484
     989       2.0533
     990       2.4731
     991       2.2248
     992       2.1835
     993       2.3309
     994       2.0090
     995       2.4305
     996       2.1832
     997       1.9295
     998       2.2348
     999       1.9388
    1000       1.9008
    1001       2.1878
    1002       1.9267
    1003       2.2123
    1004       2.2404
    1005       2.3971
    1006       2.0119
    1007       2.0890
    1008       1.7654
    1009       2.1404
    1010       2.0928
    1011       2.0497
    1012       2.1543
    1013       1.9807
    1014       2.0309
    1015       2.1001
    1016       2.7376
    1017       1.9591
    1018       2.2801
    1019       2.3235
    1020       2.2448
    1021       1.9290
    1022       2.3989
    1023       2.2440
    1024       1.9725
    1025       2.4315
    1026       1.9961
    1027       2.2256
    1028       2.2099
    1029       2.1843
    1030       2.1231
    1031       2.1903
    1032       2.2621
    1033       2.3589
    1034       2.0531
    1035       1.9413
    1036       2.1963
    1037       2.7436
    1038       2.4048
    1039       2.0377
    1040       2.1436
    1041       2.2582
    1042       2.1983
    1043       2.1301
    1044       2.2301
    1045       2.3392
    1046       2.2659
    1047       2.2690
    1048       2.2437
    1049       1.9872
    1050       2.4078
    1051       2.8323
    1052       2.1248
    1053       2.4134
    1054       2.4752
    1055       2.1132
    1056       1.4574
    1057       1.5729
    1058       1.7144
    1059       1.8051
    1060       1.5489
    1061       1.7635
    1062       2.1515
    1063       1.6514
    1064       1.7980
    1065       1.7045
    1066       1.8550
    1067       1.7944
    1068       1.5383
    1069       1.6893
    1070       1.8638
    1071       1.7756
    1072       2.2646
    1073       1.5076
    1074       1.6490
    1075       1.7428
    1076       1.8706
    1077       1.8217
    1078       1.6434
    1079       1.6146
    1080       1.4535
    1081       1.5709
    1082       1.7036
    1083       1.8924
    1084       1.6901
    1085       1.8478
    1086       1.8371
    1087       1.8014
    1088       1.4146
    1089       1.9326
    1090       1.9183
    1091       1.6936
    1092       1.5702
    1093       1.9264
    1094       1.7010
    1095       1.9410
    1096       1.6645
    1097       1.7460
    1098       1.9230
    1099       1.7154
    1100       1.8901
    1101       1.9039
    1102       1.9580
    1103       1.9875
    1104       1.6797
    1105       2.0506
    1106       1.7910
    1107       1.8606
    1108       1.8072
    1109       1.5997
    1110       2.1699
    1111       1.8129
    1112       1.8732
    1113       1.7946
    1114       2.0456
    1115       1.6935
    1116       1.9506
    1117       2.0531
    1118       2.1925
    1119       1.9635
    1120       1.5825
    1121       1.9268
    1122       1.9224
    1123       1.7905
    1124       1.8151
    1125       1.7844
    1126       1.8033
    1127       1.7448
    1128       1.8543
    1129       1.8929
    1130       2.0034
    1131       2.1260
    1132       2.0343
    1133       1.8205
    1134       1.6951
    1135       1.6736
    1136       1.9627
    1137       1.9909
    1138       2.0387
    1139       1.8262
    1140       1.7909
    1141       2.3151
    1142       1.9707
    1143       1.8314
    1144       2.0864
    1145       1.9739
    1146       2.1296
    1147       1.8265
    1148       2.0172
    1149       2.2937
    1150       2.0758
    1151       2.0636
    1152       2.1751
    1153       1.9772
    1154       1.8848
    1155       1.6450
    1156       1.9260
    1157       1.9109
    1158       1.9836
    1159       2.1444
    1160       2.0730
    1161       2.3731
    1162       1.7045
    1163       1.8255
    1164       2.1043
    1165       1.9742
    1166       1.9763
    1167       1.9813
    1168       1.9481
    1169       2.1912
    1170       2.3112
    1171       2.0594
    1172       1.8274
    1173       2.1325
    1174       1.9588
    1175       1.9668
    1176       2.2662
    1177       1.9228
    1178       1.8050
    1179       2.0913
    1180       1.9531
    1181       2.0435
    1182       2.0468
    1183       1.9674
    1184       1.9352
    1185       1.9470
    1186       1.8927
    1187       1.8686
    1188       1.9551
    1189       2.0173
    1190       1.9704
    1191       2.2595
    1192       2.2053
    1193       2.1314
    1194       2.1912
    1195       2.0004
    1196       2.0969
    1197       2.1309
    1198       2.0854
    1199       1.9896
    1200       2.0023
    1201       2.0059
    1202       2.0241
    1203       2.0808
    1204       2.2348
    1205       2.1939
    1206       2.3592
    1207       2.1353
    1208       2.1647
    1209       2.1362
    1210       1.8782
    1211       1.9169
    1212       1.8967
    1213       2.1789
    1214       1.9396
    1215       2.1391
    1216       2.0764
    1217       2.3299
    1218       2.1248
    1219       2.1882
    1220       2.1236
    1221       2.1100
    1222       2.0506
    1223       1.9591
    1224       1.8909
    1225       2.1223
    1226       2.0112
    1227       2.0031
    1228       1.9687
    1229       1.8282
    1230       1.9512
    1231       2.1792
    1232       2.2689
    1233       1.9214
    1234       2.6537
    1235       2.4656
    1236       2.0401
    1237       2.0860
    1238       2.0300
    1239       2.2623
    1240       1.9440
    1241       2.1159
    1242       1.9306
    1243       1.9402
    1244       1.9179
    1245       2.2240
    1246       2.3346
    1247       2.2598
    1248       2.2624
    1249       2.0509
    1250       2.0303
    1251       2.1876
    1252       2.1478
    1253       2.1341
    1254       2.1449
    1255       2.0504
    1256       2.0522
    1257       1.9082
    1258       2.0752
    1259       2.0175
    1260       2.0081
    1261       2.0816
    1262       2.4251
    1263       2.2367
    1264       2.2868
    1265       2.6122
    1266       2.4159
    1267       2.1087
    1268       1.8982
    1269       1.8677
    1270       2.1095
    1271       2.0951
    1272       2.0842
    1273       2.0829
    1274       2.3125
    1275       2.2045
    1276       2.0470
    1277       2.2992
    1278       2.1576
    1279       2.2249
    1280       2.2343
    1281       2.0685
    1282       2.2276
    1283       2.2621
    1284       2.0515
    1285       2.1655
    1286       2.2294
    1287       2.2595
    1288       2.2966
    1289       2.3926
    1290       2.3660
    1291       2.5950
    1292       2.2012
    1293       2.0730
    1294       2.1684
    1295       2.5003
    1296       2.2526
    1297       2.2594
    1298       2.4401
    1299       2.5744
    1300       2.2774
    1301       2.2164
    1302       2.2251
    1303       2.5960
    1304       2.6599
    1305       2.3438
    1306       1.8629
    1307       1.7129
    1308       1.3167
    1309       1.6065
    1310       1.8250
    1311       1.8061
    1312       1.6119
    1313       1.6229
    1314       1.8413
    1315       2.1240
    1316       1.5874
    1317       1.8869
    1318       1.4845
    1319       1.8197
    1320       1.8358
    1321       1.5299
    1322       1.7464
    1323       1.7982
    1324       1.7641
    1325       1.8129
    1326       1.9460
    1327       1.8212
    1328       1.6365
    1329       1.6932
    1330       1.7088
    1331       1.6699
    1332       1.8096
    1333       1.5459
    1334       2.1126
    1335       1.6181
    1336       1.5497
    1337       1.6373
    1338       1.7857
    1339       1.6731
    1340       1.8580
    1341       1.7370
    1342       1.8792
    1343       1.7838
    1344       1.9890
    1345       1.9747
    1346       1.6762
    1347       1.5482
    1348       1.7309
    1349       1.8401
    1350       1.8754
    1351       1.7301
    1352       1.9445
    1353       1.8766
    1354       1.9366
    1355       1.7857
    1356       1.7260
    1357       2.1284
    1358       1.8940
    1359       1.7569
    1360       2.1292
    1361       1.9937
    1362       1.6027
    1363       1.7472
    1364       1.9380
    1365       1.9982
    1366       1.8800
    1367       1.9375
    1368       1.8975
    1369       2.1437
    1370       1.8581
    1371       1.8237
    1372       1.6529
    1373       1.7016
    1374       2.2035
    1375       1.9318
    1376       1.9798
    1377       1.7568
    1378       1.9399
    1379       1.8133
    1380       1.8787
    1381       1.8193
    1382       2.1449
    1383       1.7993
    1384       2.2040
    1385       1.8954
    1386       1.8929
    1387       1.9281
    1388       1.5763
    1389       2.1284
    1390       1.9558
    1391       2.1929
    1392       2.0719
    1393       1.8306
    1394       2.0954
    1395       1.8369
    1396       1.9918
    1397       2.1793
    1398       1.9937
    1399       1.9158
    1400       2.1499
    1401       1.8444
    1402       2.0832
    1403       2.0448
    1404       1.9530
    1405       1.9078
    1406       2.1344
    1407       2.1855
    1408       2.2033
    1409       2.1058
    1410       2.0402
    1411       2.0767
    1412       2.0940
    1413       1.8964
    1414       1.9252
    1415       1.9730
    1416       2.0653
    1417       1.9628
    1418       2.1317
    1419       2.0057
    1420       1.9535
    1421       2.0306
    1422       2.1221
    1423       2.0003
    1424       2.0293
    1425       1.9715
    1426       2.0277
    1427       2.1433
    1428       2.1191
    1429       1.9349
    1430       2.1043
    1431       2.2259
    1432       1.8394
    1433       2.0854
    1434       2.1929
    1435       2.0454
    1436       2.1511
    1437       2.1229
    1438       1.9264
    1439       1.8698
    1440       1.9883
    1441       2.2782
    1442       2.0336
    1443       2.1519
    1444       1.9901
    1445       1.9543
    1446       1.8497
    1447       2.0742
    1448       2.0919
    1449       1.8840
    1450       1.8560
    1451       2.0832
    1452       2.2409
    1453       2.0224
    1454       2.0455
    1455       2.0821
    1456       1.8999
    1457       2.2161
    1458       2.0637
    1459       2.0338
    1460       2.2425
    1461       2.2926
    1462       1.9982
    1463       1.8909
    1464       2.0611
    1465       2.1779
    1466       2.0236
    1467       1.8986
    1468       2.4073
    1469       1.7404
    1470       2.0407
    1471       2.0709
    1472       2.4019
    1473       2.0292
    1474       2.3203
    1475       2.1011
    1476       2.0308
    1477       2.0678
    1478       2.0920
    1479       2.0533
    1480       2.2424
    1481       2.0793
    1482       2.1152
    1483       2.0993
    1484       1.9968
    1485       2.2045
    1486       1.9750
    1487       1.9450
    1488       2.0349
    1489       1.9227
    1490       1.9680
    1491       2.2936
    1492       2.1309
    1493       2.2190
    1494       2.3050
    1495       2.1057
    1496       2.7007
    1497       2.4565
    1498       2.1369
    1499       2.1083
    1500       2.0981
    1501       2.1007
    1502       2.3360
    1503       2.0166
    1504       2.1258
    1505       1.9481
    1506       2.1885
    1507       2.0435
    1508       2.0944
    1509       2.2307
    1510       2.1841
    1511       2.1565
    1512       2.2359
    1513       2.2576
    1514       2.1153
    1515       2.1661
    1516       2.1785
    1517       2.1721
    1518       2.1448
    1519       2.1354
    1520       2.2815
    1521       2.2625
    1522       2.0301
    1523       2.1259
    1524       2.4531
    1525       2.2822
    1526       2.2541
    1527       2.4659
    1528       2.0614
    1529       2.5102
    1530       2.3917
    1531       2.3593
    1532       2.3244
    1533       2.3715
    1534       2.1223
    1535       2.2740
    1536       2.5256
    1537       2.4828
    1538       2.2643
    1539       2.1359
    1540       1.8595
    1541       1.9505
    1542       2.2546
    1543       2.2526
    1544       2.2494
    1545       2.3472
    1546       2.1376
    1547       2.4227
    1548       2.4145
    1549       2.3724
    1550       2.7471
    1551       2.2462
    1552       2.2035
    1553       2.1850
    1554       2.3024
    1555       2.3666
    1556       2.0919
    1557       2.1598
    1558       2.7269
    1559       2.5210
    1560       2.3167
    1561       2.3912
    1562       2.5232
    1563       2.5406
    1564       2.3867
    1565       2.3257
    1566       2.3327
    1567       1.6970
    1568       1.9075
    1569       1.6993
    1570       1.7160
    1571       1.4862
    1572       1.3799
    1573       1.6698
    1574       1.5027
    1575       1.6162
    1576       1.6691
    1577       1.7127
    1578       1.8823
    1579       1.7246
    1580       1.6275
    1581       1.7396
    1582       1.8081
    1583       1.5604
    1584       1.6878
    1585       1.6592
    1586       1.5453
    1587       1.7914
    1588       1.6917
    1589       1.6737
    1590       2.0652
    1591       1.7053
    1592       1.8007
    1593       2.1664
    1594       1.9336
    1595       1.8338
    1596       1.7680
    1597       1.8222
    1598       1.9152
    1599       1.9857
    1600       1.6358
    1601       1.6385
    1602       2.1065
    1603       1.7034
    1604       1.5745
    1605       1.5827
    1606       1.7318
    1607       1.5600
    1608       1.8342
    1609       1.9848
    1610       1.8404
    1611       1.7878
    1612       1.8680
    1613       2.2825
    1614       1.9271
    1615       1.8415
    1616       1.7603
    1617       1.8358
    1618       1.8716
    1619       1.7072
    1620       1.9769
    1621       1.8743
    1622       1.6526
    1623       2.0450
    1624       1.9602
    1625       1.7723
    1626       1.9314
    1627       1.9130
    1628       1.7851
    1629       1.8433
    1630       1.8636
    1631       1.8872
    1632       1.7251
    1633       2.0290
    1634       1.8953
    1635       1.8074
    1636       2.0624
    1637       2.0607
    1638       1.9234
    1639       1.9303
    1640       1.9075
    1641       2.3249
    1642       1.9655
    1643       1.8922
    1644       2.0682
    1645       2.2978
    1646       1.8330
    1647       1.7201
    1648       2.2133
    1649       1.9124
    1650       2.0629
    1651       2.1185
    1652       1.8930
    1653       1.8484
    1654       1.8854
    1655       1.9075
    1656       1.9915
    1657       2.0896
    1658       2.0377
    1659       2.1904
    1660       2.1613
    1661       1.8940
    1662       2.0784
    1663       2.0558
    1664       1.9275
    1665       2.0019
    1666       1.8935
    1667       1.8731
    1668       2.0320
    1669       2.0676
    1670       1.8171
    1671       2.0350
    1672       2.1545
    1673       1.9355
    1674       2.0499
    1675       2.1038
    1676       2.0939
    1677       2.0230
    1678       2.5047
    1679       2.1315
    1680       1.8941
    1681       2.1542
    1682       2.0163
    1683       2.2616
    1684       2.2206
    1685       2.1185
    1686       2.2114
    1687       2.6018
    1688       2.1093
    1689       2.0796
    1690       2.1323
    1691       2.1092
    1692       2.1526
    1693       1.8610
    1694       2.0800
    1695       2.0833
    1696       2.1207
    1697       2.2292
    1698       2.0331
    1699       2.1423
    1700       1.9458
    1701       2.0319
    1702       2.0125
    1703       2.2591
    1704       1.9834
    1705       2.0332
    1706       1.9058
    1707       1.9373
    1708       2.1663
    1709       1.9490
    1710       1.8243
    1711       2.1006
    1712       2.0894
    1713       2.0001
    1714       2.0227
    1715       2.1428
    1716       2.0477
    1717       2.3296
    1718       2.2296
    1719       2.6220
    1720       2.7333
    1721       2.0415
    1722       2.3681
    1723       2.0686
    1724       1.9481
    1725       2.2708
    1726       2.3076
    1727       2.0740
    1728       2.3487
    1729       1.9662
    1730       2.2947
    1731       2.2964
    1732       2.4281
    1733       1.9818
    1734       2.4002
    1735       2.2253
    1736       2.3758
    1737       2.1714
    1738       2.5090
    1739       1.9870
    1740       2.2654
    1741       2.1915
    1742       2.1169
    1743       2.2451
    1744       2.4411
    1745       2.0968
    1746       2.0079
    1747       2.0905
    1748       2.4628
    1749       2.0085
    1750       2.1255
    1751       2.2024
    1752       2.0522
    1753       2.1768
    1754       2.0907
    1755       2.1978
    1756       2.1837
    1757       2.2112
    1758       2.5070
    1759       2.4573
    1760       2.4250
    1761       2.4049
    1762       2.6681
    1763       2.2478
    1764       2.0142
    1765       1.9763
    1766       2.1700
    1767       2.4883
    1768       2.3493
    1769       2.2250
    1770       2.0228
    1771       2.1959
    1772       2.1579
    1773       2.2821
    1774       1.8808
    1775       2.1320
    1776       2.1320
    1777       2.5670
    1778       2.4586
    1779       2.3177
    1780       2.2342
    1781       2.2950
    1782       2.3377
    1783       2.0755
    1784       2.1078
    1785       2.2325
    1786       2.3870
    1787       2.0381
    1788       2.6702
    1789       2.2103
    1790       2.3491
    1791       2.0836
    1792       2.1396
    1793       2.3797
    1794       2.2378
    1795       2.2046
    1796       2.2914
    1797       2.3870
    1798       2.0686
    1799       2.2393
    1800       2.4635
    1801       2.6219
    1802       2.4965
    1803       2.3007
    1804       2.4727
    1805       2.4140
    1806       2.1819
    1807       2.4249
    1808       2.4091
    1809       2.3713
    1810       2.5314
    1811       2.6060
    1812       2.1163
    1813       2.1454
    1814       2.5171
    1815       2.2064
    1816       2.4323
    1817       2.2509
    1818       2.0875
    1819       2.2831
    1820       2.4367
    1821       2.4584
    1822       2.5214
    1823       2.3088
    1824       1.6558
    1825       1.7871
    1826       1.5815
    1827       1.6156
    1828       1.8113
    1829       1.7022
    1830       1.7623
    1831       1.6482
    1832       1.7884
    1833       1.5382
    1834       1.5856
    1835       1.7785
    1836       1.8762
    1837       1.6582
    1838       1.7314
    1839       1.5975
    1840       1.8707
    1841       1.7926
    1842       1.7124
    1843       1.6028
    1844       1.9582
    1845       1.7216
    1846       1.7664
    1847       1.5408
    1848       1.9003
    1849       1.7637
    1850       1.8687
    1851       1.8164
    1852       1.8278
    1853       1.8704
    1854       1.7492
    1855       1.5986
    1856       1.5385
    1857       1.7670
    1858       1.8494
    1859       1.6099
    1860       1.6442
    1861       1.8068
    1862       1.6921
    1863       1.8101
    1864       1.7942
    1865       1.7291
    1866       1.6756
    1867       2.1608
    1868       1.5284
    1869       1.6059
    1870       1.7121
    1871       1.9318
    1872       1.5722
    1873       2.1583
    1874       1.9641
    1875       1.9075
    1876       1.6956
    1877       1.8337
    1878       1.6914
    1879       1.7560
    1880       1.7072
    1881       1.9500
    1882       1.9864
    1883       2.0047
    1884       1.9541
    1885       1.9416
    1886       1.7564
    1887       2.0371
    1888       1.8847
    1889       1.7304
    1890       2.1916
    1891       1.7990
    1892       1.9120
    1893       1.8490
    1894       1.7503
    1895       1.9485
    1896       1.8266
    1897       1.8976
    1898       2.0004
    1899       2.1649
    1900       1.9776
    1901       2.0342
    1902       1.8374
    1903       1.9178
    1904       1.8938
    1905       1.7612
    1906       1.9929
    1907       2.1147
    1908       2.0654
    1909       2.0026
    1910       2.1150
    1911       2.1919
    1912       2.2729
    1913       2.1969
    1914       2.0243
    1915       1.7515
    1916       2.0167
    1917       1.8173
    1918       2.1214
    1919       1.9374
    1920       1.9356
    1921       1.8907
    1922       2.0659
    1923       2.1860
    1924       2.1170
    1925       2.1221
    1926       1.9194
    1927       1.8968
    1928       1.9026
    1929       2.0073
    1930       2.0706
    1931       2.0077
    1932       2.2740
    1933       1.9140
    1934       2.0270
    1935       2.6711
    1936       1.9095
    1937       1.9260
    1938       1.9878
    1939       2.0106
    1940       2.0275
    1941       1.8475
    1942       2.0910
    1943       2.0001
    1944       2.0106
    1945       2.1047
    1946       2.0944
    1947       2.0265
    1948       1.9453
    1949       1.9441
    1950       2.0167
    1951       2.0262
    1952       2.2229
    1953       2.2470
    1954       1.8922
    1955       2.0037
    1956       2.2511
    1957       2.1423
    1958       1.9684
    1959       2.2588
    1960       1.9964
    1961       2.0255
    1962       2.1918
    1963       2.6390
    1964       2.0842
    1965       2.1929
    1966       2.1434
    1967       2.1264
    1968       2.0051
    1969       2.0864
    1970       2.2599
    1971       2.3574
    1972       2.3101
    1973       2.2864
    1974       1.8714
    1975       1.9992
    1976       2.1668
    1977       1.9852
    1978       2.0011
    1979       2.0749
    1980       2.1368
    1981       2.1028
    1982       2.1747
    1983       2.1586
    1984       2.3269
    1985       2.2177
    1986       2.2159
    1987       2.0895
    1988       1.8785
    1989       2.2561
    1990       2.0798
    1991       2.5876
    1992       2.2800
    1993       2.0746
    1994       2.2989
    1995       2.2607
    1996       2.3633
    1997       2.2680
    1998       2.0739
    1999       2.2440
    2000       2.0532
    2001       2.3393
    2002       1.8957
    2003       2.0512
    2004       2.1325
    2005       2.3372
    2006       2.0186
    2007       2.2069
    2008       2.1744
    2009       2.3164
    2010       2.4928
    2011       2.1689
    2012       2.0263
    2013       2.1780
    2014       2.2631
    2015       2.1286
    2016       2.2157
    2017       2.2587
    2018       2.4864
    2019       2.4913
    2020       2.0773
    2021       2.1177
    2022       2.1834
    2023       2.2783
    2024       2.6775
    2025       2.5896
    2026       2.3441
    2027       2.2610
    2028       2.3870
    2029       2.1154
    2030       2.0906
    2031       1.9796
    2032       2.0280
    2033       2.0159
    2034       2.1341
    2035       2.0999
    2036       2.1722
    2037       2.1718
    2038       2.5995
    2039       2.2278
    2040       2.4918
    2041       2.0156
    2042       2.4299
    2043       2.2510
    2044       2.1033
    2045       2.2167
    2046       2.0622
    2047       2.4982
    2048       2.2344
    2049       2.1675
    2050       2.7059
    2051       2.6465
    2052       2.2577
    2053       2.2326
    2054       2.0547
    2055       2.0094
    2056       2.2408
    2057       2.1709
    2058       2.3740
    2059       2.1743
    2060       2.4519
    2061       2.1274
    2062       2.3778
    2063       2.4508
    2064       2.7181
    2065       2.2580
    2066       2.1939
    2067       2.1680
    2068       2.0625
    2069       2.3816
    2070       2.4431
    2071       2.2813
    2072       2.1417
    2073       2.3944
    2074       2.5412
    2075       2.5741
    2076       2.4670
    2077       2.9441
    2078       2.4963
    2079       2.5421
    2080       2.2541
    2081       2.2721
    2082       2.3523
    2083       2.4002
    2084       2.4818
    2085       2.1209
    2086       2.0466
    2087       1.9992
    2088       2.0131
    2089       2.1936
    2090       2.1992
    2091       2.4691
    2092       2.3790
    2093       2.6032
    2094       2.5915
    2095       2.2731
    2096       2.3538
    2097       2.3686
    2098       2.4141
    2099       2.2670
    2100       2.2030
    2101       2.4356
    2102       2.3658
    2103       2.3268
    2104       2.2311
    2105       2.3453
    2106       2.2592
    2107       2.4507
    2108       1.6650
    2109       1.5087
    2110       1.5880
    2111       1.5972
    2112       1.7915
    2113       1.6941
    2114       1.5871
    2115       1.4411
    2116       1.7422
    2117       1.6945
    2118       1.7358
    2119       1.7112
    2120       1.6944
    2121       2.1207
    2122       1.8212
    2123       1.5691
    2124       1.8189
    2125       1.6977
    2126       1.7892
    2127       1.6137
    2128       1.7375
    2129       1.5571
    2130       1.8655
    2131       1.8719
    2132       1.7959
    2133       1.7576
    2134       1.7446
    2135       1.8133
    2136       1.9693
    2137       1.9410
    2138       1.8874
    2139       1.8338
    2140       1.8628
    2141       1.9455
    2142       1.8264
    2143       1.7694
    2144       1.8110
    2145       2.0256
    2146       1.8948
    2147       1.8033
    2148       1.7766
    2149       1.8016
    2150       1.7189
    2151       1.8181
    2152       2.1020
    2153       1.9387
    2154       2.0072
    2155       1.9013
    2156       1.9063
    2157       2.1818
    2158       2.2328
    2159       1.9366
    2160       1.9600
    2161       1.9608
    2162       1.8843
    2163       2.0740
    2164       2.1296
    2165       2.0695
    2166       1.9090
    2167       1.8991
    2168       1.9022
    2169       1.8473
    2170       2.0190
    2171       2.1527
    2172       1.9584
    2173       2.0965
    2174       1.8187
    2175       1.9755
    2176       2.0430
    2177       2.0352
    2178       2.0328
    2179       2.1389
    2180       1.9407
    2181       2.0122
    2182       1.8624
    2183       1.8994
    2184       2.0630
    2185       1.7746
    2186       2.3425
    2187       2.0444
    2188       2.0049
    2189       2.0251
    2190       1.9618
    2191       1.8327
    2192       1.9697
    2193       1.8496
    2194       2.1303
    2195       2.2786
    2196       2.6402
    2197       1.9829
    2198       1.9931
    2199       2.1869
    2200       1.9739
    2201       1.8448
    2202       2.2509
    2203       1.9544
    2204       2.2769
    2205       2.1960
    2206       2.0332
    2207       2.1966
    2208       2.0067
    2209       2.2568
    2210       2.0336
    2211       1.8485
    2212       2.0504
    2213       2.0095
    2214       1.9801
    2215       1.9929
    2216       2.0313
    2217       1.9746
    2218       1.9902
    2219       2.2097
    2220       2.1583
    2221       1.9563
    2222       2.3911
    2223       2.2174
    2224       2.1146
    2225       2.2447
    2226       2.2903
    2227       2.1568
    2228       2.1592
    2229       2.2441
    2230       2.4982
    2231       2.3973
    2232       1.9994
    2233       1.9594
    2234       2.1648
    2235       1.8356
    2236       2.0366
    2237       2.1632
    2238       2.0262
    2239       1.9910
    2240       2.2189
    2241       2.1405
    2242       2.0168
    2243       2.3055
    2244       2.0512
    2245       2.0765
    2246       1.9738
    2247       1.9809
    2248       2.0936
    2249       2.0848
    2250       2.1181
    2251       1.9969
    2252       2.0039
    2253       2.1324
    2254       2.3468
    2255       2.0428
    2256       1.9970
    2257       2.2012
    2258       2.4260
    2259       2.3458
    2260       2.1801
    2261       1.8673
    2262       2.3197
    2263       2.0937
    2264       2.1096
    2265       2.2564
    2266       2.2052
    2267       2.0164
    2268       2.0787
    2269       2.5277
    2270       1.8632
    2271       2.0915
    2272       2.2279
    2273       2.3213
    2274       2.2355
    2275       2.3301
    2276       2.5254
    2277       2.0162
    2278       2.4184
    2279       2.4557
    2280       2.3478
    2281       2.3500
    2282       2.2739
    2283       2.5330
    2284       2.3148
    2285       2.2753
    2286       2.1648
    2287       2.1691
    2288       2.6530
    2289       2.6657
    2290       2.0613
    2291       2.3455
    2292       1.9634
    2293       1.8468
    2294       2.2338
    2295       2.1997
    2296       2.1619
    2297       2.4654
    2298       2.3945
    2299       2.6995
    2300       2.2319
    2301       2.1715
    2302       2.3353
    2303       2.2268
    2304       2.1045
    2305       2.1647
    2306       2.6355
    2307       2.2746
    2308       2.2029
    2309       2.2144
    2310       2.2996
    2311       2.3058
    2312       2.6911
    2313       2.3819
    2314       2.1032
    2315       2.1681
    2316       2.2176
    2317       1.9745
    2318       2.2189
    2319       2.1046
    2320       2.5700
    2321       2.1570
    2322       2.4172
    2323       2.4371
    2324       2.1360
    2325       2.1333
    2326       2.4621
    2327       2.2295
    2328       2.2556
    2329       2.1285
    2330       2.2737
    2331       2.7307
    2332       2.4899
    2333       2.0978
    2334       2.3047
    2335       2.3726
    2336       2.3694
    2337       2.4059
    2338       2.4018
    2339       2.4989
    2340       2.2717
    2341       2.2940
    2342       2.3785
    2343       2.4075
    2344       2.2063
    2345       2.3550
    2346       2.4980
    2347       2.3850
    2348       2.1985
    2349       2.7210
    2350       2.4266
    2351       2.4067
    2352       2.3603
    2353       2.2311
    2354       2.3146
    2355       2.0725
    2356       2.0953
    2357       2.3973
    2358       2.1307
    2359       2.2822
    2360       2.4476
    2361       2.0708
    2362       2.3541
    2363       2.6361
    2364       2.6605
    2365       2.2451
    2366       2.5572
    2367       2.3279
    2368       2.3076
    2369       2.1817
    2370       2.3662
    2371       2.4238
    2372       2.2791
    2373       2.7035
    2374       2.3428
    2375       2.4372
    2376       2.6202
    2377       2.1371
    2378       2.4673
    2379       1.6067
    2380       1.5602
    2381       1.6827
    2382       1.5196
    2383       1.5422
    2384       1.5831
    2385       1.5416
    2386       1.5855
    2387       1.4814
    2388       1.6373
    2389       1.7123
    2390       1.8139
    2391       1.5124
    2392       1.6009
    2393       1.8212
    2394       1.7503
    2395       1.7299
    2396       1.9586
    2397       1.8999
    2398       1.7295
    2399       1.9574
    2400       1.6483
    2401       1.5893
    2402       1.6507
    2403       1.7614
    2404       1.6603
    2405       1.6247
    2406       1.9242
    2407       1.6803
    2408       1.9747
    2409       1.7422
    2410       1.8293
    2411       1.8576
    2412       1.8415
    2413       1.7882
    2414       1.9126
    2415       1.6010
    2416       1.8685
    2417       1.7584
    2418       2.0117
    2419       1.9383
    2420       2.0417
    2421       1.8621
    2422       1.9361
    2423       1.8679
    2424       1.8591
    2425       1.7577
    2426       1.8837
    2427       2.0489
    2428       2.2140
    2429       1.6482
    2430       2.4097
    2431       1.9612
    2432       1.8739
    2433       2.2229
    2434       2.0992
    2435       1.9497
    2436       2.1474
    2437       1.9699
    2438       1.7232
    2439       2.0790
    2440       1.9501
    2441       1.9846
    2442       1.8523
    2443       2.0756
    2444       2.1203
    2445       1.8693
    2446       2.2184
    2447       1.9996
    2448       2.1261
    2449       2.0078
    2450       1.9693
    2451       2.2024
    2452       2.1276
    2453       2.1739
    2454       1.9677
    2455       2.0806
    2456       2.6458
    2457       2.0828
    2458       1.7728
    2459       1.8350
    2460       2.2573
    2461       2.4677
    2462       2.0043
    2463       2.0309
    2464       2.1710
    2465       1.9182
    2466       2.1565
    2467       2.0921
    2468       2.1287
    2469       2.0551
    2470       1.9505
    2471       2.0435
    2472       2.0662
    2473       1.8115
    2474       2.0196
    2475       2.3411
    2476       1.8111
    2477       2.2026
    2478       2.0473
    2479       1.9118
    2480       1.9694
    2481       2.1294
    2482       2.6914
    2483       2.3892
    2484       2.0759
    2485       1.9648
    2486       2.2398
    2487       2.5742
    2488       2.1954
    2489       2.4499
    2490       1.9787
    2491       2.0009
    2492       2.0685
    2493       1.9290
    2494       1.8532
    2495       2.0732
    2496       2.3569
    2497       2.2301
    2498       2.2808
    2499       2.1870
    2500       2.1861
    2501       1.9584
    2502       1.9986
    2503       2.4391
    2504       2.1416
    2505       2.1037
    2506       1.9783
    2507       2.0084
    2508       2.1201
    2509       2.0105
    2510       2.0936
    2511       2.0280
    2512       2.2509
    2513       2.1760
    2514       2.1496
    2515       2.0136
    2516       1.8573
    2517       2.0256
    2518       1.8933
    2519       2.1039
    2520       2.0606
    2521       1.9375
    2522       2.2410
    2523       2.1019
    2524       2.5144
    2525       2.0654
    2526       2.2196
    2527       2.0246
    2528       2.3109
    2529       2.0133
    2530       1.9740
    2531       2.2406
    2532       2.2288
    2533       2.4093
    2534       2.4047
    2535       2.5232
    2536       2.5661
    2537       2.3958
    2538       2.2014
    2539       2.3322
    2540       2.1208
    2541       2.0110
    2542       2.5845
    2543       2.2107
    2544       2.8084
    2545       2.5828
    2546       2.0038
    2547       2.0126
    2548       1.9916
    2549       2.0114
    2550       2.2911
    2551       2.1540
    2552       2.3751
    2553       2.2837
    2554       2.2332
    2555       1.9810
    2556       2.4291
    2557       2.3037
    2558       2.1191
    2559       2.5038
    2560       2.0680
    2561       2.1040
    2562       2.2081
    2563       2.0026
    2564       2.0935
    2565       2.1426
    2566       2.3673
    2567       2.0683
    2568       2.5135
    2569       2.4208
    2570       2.1811
    2571       2.2418
    2572       2.4787
    2573       2.2878
    2574       2.3554
    2575       1.9542
    2576       2.5376
    2577       2.3838
    2578       2.3434
    2579       2.1477
    2580       2.1693
    2581       2.1607
    2582       2.1060
    2583       2.3276
    2584       2.1380
    2585       2.5317
    2586       2.3849
    2587       2.3741
    2588       2.1423
    2589       2.0484
    2590       2.3473
    2591       2.3434
    2592       2.3437
    2593       2.3768
    2594       2.2513
    2595       2.5665
    2596       2.3216
    2597       2.3870
    2598       2.2876
    2599       2.2843
    2600       2.2701
    2601       2.5117
    2602       2.3461
    2603       2.2085
    2604       2.2500
    2605       2.3582
    2606       2.2007
    2607       2.5636
    2608       2.7372
    2609       2.3071
    2610       2.3262
    2611       2.0943
    2612       2.2361
    2613       2.2497
    2614       1.9602
    2615       2.2742
    2616       2.3556
    2617       2.2356
    2618       2.5551
    2619       2.2262
    2620       2.4693
    2621       2.1124
    2622       2.0582
    2623       2.2141
    2624       2.3306
    2625       2.3202
    2626       2.1882
    2627       2.4460
    2628       2.3430
    2629       2.4545
    2630       2.5538
    2631       2.4983
    2632       2.5665
    2633       2.4145
    2634       2.5296
    2635       2.4170
    2636       2.4257
    2637       2.1136
    2638       2.2900
    2639       2.3034
    2640       1.5580
    2641       1.5453
    2642       1.5213
    2643       1.6091
    2644       1.4805
    2645       1.5178
    2646       1.8363
    2647       1.6301
    2648       1.7209
    2649       1.7366
    2650       1.9202
    2651       1.8904
    2652       1.8506
    2653       1.7795
    2654       1.5909
    2655       1.7446
    2656       1.8447
    2657       1.8951
    2658       1.8767
    2659       1.7556
    2660       1.9367
    2661       1.5626
    2662       1.5604
    2663       1.6473
    2664       1.8086
    2665       1.8325
    2666       1.5862
    2667       1.9080
    2668       1.6487
    2669       1.7683
    2670       1.9881
    2671       1.6520
    2672       2.0506
    2673       1.9796
    2674       1.8506
    2675       1.8606
    2676       1.7103
    2677       1.6818
    2678       1.6725
    2679       1.8877
    2680       1.8206
    2681       2.1392
    2682       1.6855
    2683       1.8525
    2684       1.8107
    2685       1.7681
    2686       1.8356
    2687       2.0892
    2688       2.2063
    2689       2.1396
    2690       2.2386
    2691       2.3626
    2692       2.0958
    2693       2.0213
    2694       1.9388
    2695       2.0512
    2696       1.9089
    2697       2.2822
    2698       2.1361
    2699       2.3195
    2700       1.7502
    2701       2.1004
    2702       2.1379
    2703       2.1266
    2704       2.4286
    2705       2.1823
    2706       2.0224
    2707       1.9772
    2708       1.9985
    2709       2.0173
    2710       1.9954
    2711       2.0349
    2712       1.9591
    2713       2.3628
    2714       1.9893
    2715       2.0831
    2716       1.9392
    2717       2.0843
    2718       2.4076
    2719       2.1045
    2720       2.0997
    2721       1.8621
    2722       1.9490
    2723       2.1304
    2724       2.0821
    2725       2.2290
    2726       2.1532
    2727       2.1701
    2728       2.3081
    2729       2.2411
    2730       2.2030
    2731       2.2223
    2732       2.2678
    2733       2.1269
    2734       2.3170
    2735       2.2196
    2736       2.0367
    2737       2.5378
    2738       2.1319
    2739       2.5360
    2740       1.9255
    2741       1.9817
    2742       2.0158
    2743       1.8959
    2744       2.3139
    2745       2.0579
    2746       2.3751
    2747       2.1363
    2748       2.2334
    2749       2.1820
    2750       2.2155
    2751       2.2175
    2752       2.2363
    2753       1.9255
    2754       1.9616
    2755       2.2904
    2756       2.1420
    2757       2.0600
    2758       2.1021
    2759       2.1745
    2760       2.0032
    2761       1.8813
    2762       2.3058
    2763       1.9590
    2764       1.9761
    2765       2.4653
    2766       2.3268
    2767       2.0902
    2768       2.3071
    2769       2.6109
    2770       1.8818
    2771       2.1180
    2772       2.4392
    2773       2.0863
    2774       2.1975
    2775       2.1589
    2776       2.5838
    2777       2.0342
    2778       2.3545
    2779       2.1168
    2780       2.4563
    2781       2.1758
    2782       2.2613
    2783       2.1463
    2784       2.3579
    2785       2.1155
    2786       2.2113
    2787       2.7103
    2788       2.0574
    2789       2.1790
    2790       2.4157
    2791       2.4849
    2792       2.3624
    2793       2.1844
    2794       2.2104
    2795       2.0014
    2796       2.0664
    2797       2.3128
    2798       2.4240
    2799       2.0559
    2800       2.0870
    2801       1.9271
    2802       2.4710
    2803       2.4308
    2804       2.0468
    2805       2.1529
    2806       2.0014
    2807       2.2550
    2808       2.1688
    2809       2.1329
    2810       2.2903
    2811       2.2799
    2812       2.3010
    2813       2.2009
    2814       2.2647
    2815       2.2018
    2816       2.1469
    2817       2.3733
    2818       2.3358
    2819       2.1789
    2820       2.4086
    2821       2.1376
    2822       2.1736
    2823       2.3288
    2824       2.1173
    2825       2.2948
    2826       2.1741
    2827       2.5694
    2828       2.4665
    2829       2.2452
    2830       2.2438
    2831       2.1883
    2832       2.3854
    2833       2.3999
    2834       2.2504
    2835       1.9622
    2836       2.6510
    2837       2.3515
    2838       2.4993
    2839       2.1385
    2840       2.0872
    2841       2.2764
    2842       2.3083
    2843       2.4712
    2844       2.4370
    2845       2.1475
    2846       2.4352
    2847       2.3867
    2848       2.4177
    2849       2.4220
    2850       2.5713
    2851       2.0257
    2852       2.2282
    2853       2.1220
    2854       2.3878
    2855       2.2245
    2856       2.3343
    2857       2.1752
    2858       2.1791
    2859       2.0824
    2860       2.6176
    2861       2.5505
    2862       2.1611
    2863       2.4008
    2864       2.2962
    2865       2.2672
    2866       2.3297
    2867       2.3971
    2868       2.2190
    2869       2.4317
    2870       2.3170
    2871       2.0421
    2872       2.4369
    2873       2.3624
    2874       2.4586
    2875       2.2335
    2876       2.4252
    2877       1.6364
    2878       1.2297
    2879       1.6252
    2880       1.6593
    2881       1.5598
    2882       1.5870
    2883       1.6790
    2884       1.5603
    2885       1.7073
    2886       1.7839
    2887       1.8344
    2888       1.4678
    2889       1.5864
    2890       1.5391
    2891       1.7492
    2892       1.8011
    2893       1.5757
    2894       1.7811
    2895       1.7076
    2896       1.6397
    2897       1.6917
    2898       1.7528
    2899       1.7298
    2900       1.7604
    2901       1.8821
    2902       1.6940
    2903       1.4975
    2904       1.8333
    2905       2.0247
    2906       1.7613
    2907       1.6786
    2908       1.7157
    2909       1.7256
    2910       2.0183
    2911       2.0877
    2912       1.7028
    2913       1.9303
    2914       1.7269
    2915       1.8199
    2916       1.7290
    2917       1.8738
    2918       1.8182
    2919       1.9349
    2920       2.0088
    2921       1.9816
    2922       1.8995
    2923       1.8333
    2924       1.8413
    2925       1.9609
    2926       1.9121
    2927       1.9867
    2928       1.8554
    2929       1.7938
    2930       1.9599
    2931       1.9626
    2932       2.3197
    2933       2.1241
    2934       2.0287
    2935       2.0502
    2936       2.0569
    2937       2.1696
    2938       2.1236
    2939       1.9625
    2940       1.9038
    2941       1.7776
    2942       2.0192
    2943       2.0481
    2944       1.9439
    2945       2.0223
    2946       2.4393
    2947       1.8972
    2948       1.8711
    2949       2.1587
    2950       2.1518
    2951       1.8641
    2952       1.7974
    2953       2.2146
    2954       1.9994
    2955       2.1267
    2956       1.8585
    2957       2.0755
    2958       2.3378
    2959       2.4459
    2960       2.3372
    2961       2.4738
    2962       2.0850
    2963       2.0748
    2964       2.1172
    2965       2.1867
    2966       2.1324
    2967       2.4118
    2968       2.0443
    2969       1.9795
    2970       1.9116
    2971       2.1490
    2972       2.1380
    2973       2.2626
    2974       2.2124
    2975       1.9349
    2976       2.0338
    2977       2.3139
    2978       1.9838
    2979       2.1289
    2980       2.1919
    2981       2.0871
    2982       2.2561
    2983       2.1547
    2984       2.3898
    2985       2.2515
    2986       2.2085
    2987       2.4341
    2988       2.2155
    2989       1.9548
    2990       2.2946
    2991       2.0507
    2992       2.4360
    2993       2.0011
    2994       2.1383
    2995       2.2206
    2996       2.0899
    2997       2.1880
    2998       2.2621
    2999       2.3336
    3000       2.2834
    3001       2.2468
    3002       2.3916
    3003       2.4408
    3004       2.2290
    3005       2.1889
    3006       2.2744
    3007       2.2742
    3008       2.5001
    3009       2.1494
    3010       2.1539
    3011       2.2371
    3012       2.5683
    3013       2.1931
    3014       2.3456
    3015       1.9722
    3016       2.2107
    3017       2.3438
    3018       2.4690
    3019       2.1120
    3020       2.1209
    3021       2.4842
    3022       2.0953
    3023       2.0494
    3024       2.2783
    3025       2.4493
    3026       2.2015
    3027       2.0929
    3028       2.2248
    3029       2.2068
    3030       2.3529
    3031       2.1852
    3032       2.4394
    3033       2.4610
    3034       2.4516
    3035       2.2549
    3036       2.2296
    3037       2.3794
    3038       2.4456
    3039       2.0747
    3040       2.4523
    3041       2.3779
    3042       2.0730
    3043       2.2350
    3044       2.2938
    3045       2.1458
    3046       2.3129
    3047       2.3982
    3048       2.3220
    3049       2.2210
    3050       2.3089
    3051       2.6102
    3052       2.4555
    3053       2.5057
    3054       2.2846
    3055       1.9886
    3056       1.9760
    3057       2.2920
    3058       2.1180
    3059       2.5909
    3060       2.6363
    3061       2.1404
    3062       2.4073
    3063       2.2552
    3064       2.4251
    3065       2.3187
    3066       2.2461
    3067       2.4665
    3068       2.3482
    3069       2.6051
    3070       2.2935
    3071       2.5331
    3072       2.3071
    3073       1.7134
    3074       1.5866
    3075       1.4312
    3076       1.9060
    3077       1.6789
    3078       1.8040
    3079       2.0149
    3080       1.7513
    3081       1.6141
    3082       1.4540
    3083       1.6634
    3084       1.5915
    3085       1.5870
    3086       1.7460
    3087       1.6177
    3088       1.6384
    3089       1.5697
    3090       1.7040
    3091       1.6534
    3092       1.8808
    3093       1.6229
    3094       1.7961
    3095       1.8560
    3096       2.0989
    3097       1.8741
    3098       1.7094
    3099       2.0025
    3100       1.8295
    3101       1.9815
    3102       2.2772
    3103       1.9734
    3104       1.7752
    3105       2.1866
    3106       1.9465
    3107       2.2255
    3108       2.0702
    3109       1.9359
    3110       1.7626
    3111       1.6450
    3112       1.9929
    3113       1.9538
    3114       2.0556
    3115       2.0523
    3116       2.1350
    3117       1.8319
    3118       1.8912
    3119       2.0043
    3120       2.3803
    3121       2.4125
    3122       2.2046
    3123       2.2684
    3124       2.1239
    3125       2.1480
    3126       2.0357
    3127       1.8942
    3128       1.8463
    3129       2.1517
    3130       2.1445
    3131       2.0668
    3132       2.3131
    3133       1.7867
    3134       2.1646
    3135       1.8895
    3136       2.2347
    3137       2.3994
    3138       1.9918
    3139       2.1438
    3140       1.8976
    3141       2.3626
    3142       2.5558
    3143       2.1776
    3144       2.3575
    3145       2.2809
    3146       2.1610
    3147       2.5091
    3148       2.3415
    3149       2.2755
    3150       2.0269
    3151       1.9285
    3152       2.0239
    3153       2.5165
    3154       2.0922
    3155       2.3681
    3156       2.1991
    3157       2.2758
    3158       2.1690
    3159       2.0105
    3160       2.3941
    3161       2.2921
    3162       2.3281
    3163       1.9407
    3164       2.1306
    3165       2.3854
    3166       2.2443
    3167       2.2522
    3168       2.1624
    3169       2.0277
    3170       2.1953
    3171       2.2722
    3172       2.3265
    3173       2.3182
    3174       2.2391
    3175       2.3526
    3176       2.0228
    3177       2.5765
    3178       2.5768
    3179       2.3747
    3180       2.1680
    3181       2.2468
    3182       2.2905
    3183       2.3958
    3184       2.3729
    3185       2.2379
    3186       2.1652
    3187       1.9752
    3188       2.1578
    3189       2.3370
    3190       2.3804
    3191       2.0371
    3192       2.1977
    3193       2.3123
    3194       2.1470
    3195       2.4485
    3196       2.2094
    3197       2.1691
    3198       2.2831
    3199       2.1141
    3200       2.0698
    3201       2.4117
    3202       2.2617
    3203       2.3379
    3204       2.2435
    3205       2.3696
    3206       2.1429
    3207       2.2372
    3208       2.2111
    3209       2.2229
    3210       2.3469
    3211       2.2205
    3212       2.2481
    3213       2.2394
    3214       2.6978
    3215       2.4505
    3216       2.2607
    3217       2.2808
    3218       1.9554
    3219       2.0945
    3220       2.2709
    3221       2.3258
    3222       2.2944
    3223       2.1556
    3224       2.3042
    3225       2.4130
    3226       2.3736
    3227       2.3966
    3228       2.6179
    3229       2.2353
    3230       2.2101
    3231       1.4203
    3232       1.5859
    3233       1.6491
    3234       1.6191
    3235       1.5691
    3236       1.8267
    3237       1.6445
    3238       1.6711
    3239       1.7494
    3240       1.6418
    3241       1.4197
    3242       1.5843
    3243       1.4296
    3244       1.6909
    3245       1.7236
    3246       1.8378
    3247       1.8505
    3248       1.7229
    3249       1.6357
    3250       1.9167
    3251       1.5541
    3252       1.6856
    3253       1.7422
    3254       1.4974
    3255       1.8769
    3256       1.6534
    3257       1.8730
    3258       2.1796
    3259       1.9364
    3260       1.9688
    3261       1.6227
    3262       1.6024
    3263       1.7315
    3264       1.9283
    3265       1.8164
    3266       1.7635
    3267       2.2223
    3268       1.8396
    3269       1.8273
    3270       2.2449
    3271       1.8201
    3272       1.9366
    3273       1.9787
    3274       1.9060
    3275       1.8354
    3276       2.2219
    3277       2.0175
    3278       2.1412
    3279       2.3115
    3280       1.9592
    3281       2.1328
    3282       2.2519
    3283       2.3269
    3284       2.0463
    3285       1.9270
    3286       2.0155
    3287       2.0504
    3288       2.1377
    3289       2.1414
    3290       2.1342
    3291       2.0263
    3292       2.1778
    3293       2.4549
    3294       2.1760
    3295       2.0211
    3296       2.2311
    3297       2.3373
    3298       2.4106
    3299       2.0736
    3300       2.1076
    3301       2.0499
    3302       2.2957
    3303       2.4343
    3304       1.8255
    3305       1.9805
    3306       2.1805
    3307       2.0881
    3308       2.1338
    3309       1.9416
    3310       2.2610
    3311       2.2804
    3312       2.3341
    3313       2.3199
    3314       1.9385
    3315       2.3512
    3316       2.1437
    3317       2.2945
    3318       2.5572
    3319       2.4285
    3320       2.1274
    3321       2.3022
    3322       2.2895
    3323       2.3124
    3324       2.1480
    3325       2.5150
    3326       2.4537
    3327       2.4381
    3328       2.2140
    3329       2.4042
    3330       2.5109
    3331       2.2505
    3332       2.1209
    3333       2.4777
    3334       2.0496
    3335       2.4035
    3336       2.1110
    3337       1.9749
    3338       2.1249
    3339       2.1268
    3340       2.1496
    3341       2.5479
    3342       2.2801
    3343       2.3067
    3344       2.1737
    3345       2.1298
    3346       2.5137
    3347       2.1832
    3348       2.2928
    3349       2.6666
    3350       2.0302
    3351       2.1292
    3352       2.2660
    3353       2.4495
    3354       2.3297
    3355       2.4328
    3356       1.5619
    3357       1.4954
    3358       1.8923
    3359       1.6110
    3360       1.5088
    3361       1.5576
    3362       1.4979
    3363       1.5775
    3364       1.5125
    3365       1.4578
    3366       1.4544
    3367       1.5865
    3368       1.8022
    3369       1.6860
    3370       1.6661
    3371       1.7001
    3372       1.9957
    3373       1.9505
    3374       1.5939
    3375       1.8918
    3376       1.6468
    3377       1.8766
    3378       1.7720
    3379       2.1073
    3380       1.7922
    3381       2.0919
    3382       1.9753
    3383       2.0074
    3384       1.6791
    3385       1.7991
    3386       2.0784
    3387       2.0764
    3388       1.9525
    3389       2.0476
    3390       2.6980
    3391       1.8430
    3392       1.8470
    3393       2.0240
    3394       1.9830
    3395       2.0965
    3396       2.0750
    3397       2.2493
    3398       2.2218
    3399       1.8837
    3400       2.2332
    3401       2.7545
    3402       1.7478
    3403       1.7606
    3404       2.2836
    3405       2.1588
    3406       1.9439
    3407       2.3243
    3408       2.2020
    3409       2.0232
    3410       1.9363
    3411       2.5212
    3412       2.4441
    3413       2.4759
    3414       2.0138
    3415       2.3676
    3416       2.0457
    3417       1.6630
    3418       2.3185
    3419       2.1485
    3420       2.1207
    3421       2.1551
    3422       1.8906
    3423       1.9734
    3424       2.2166
    3425       2.2330
    3426       2.2124
    3427       2.3817
    3428       2.0047
    3429       2.2873
    3430       2.0029
    3431       1.9994
    3432       2.0945
    3433       2.0260
    3434       2.2621
    3435       2.2255
    3436       1.9159
    3437       2.2941
    3438       2.3103
    3439       2.1149
    3440       2.4170
    3441       2.1171
    3442       2.2266
    3443       1.5453
    3444       1.5766
    3445       1.5553
    3446       1.6913
    3447       1.5203
    3448       1.8636
    3449       1.5263
    3450       1.5435
    3451       1.6125
    3452       1.5976
    3453       1.6877
    3454       1.5743
    3455       1.5785
    3456       1.6384
    3457       1.6895
    3458       1.6560
    3459       1.9133
    3460       1.8357
    3461       1.9503
    3462       1.9715
    3463       1.6210
    3464       1.7265
    3465       1.7349
    3466       2.1350
    3467       1.6533
    3468       1.7925
    3469       1.8478
    3470       2.0590
    3471       1.9349
    3472       1.9413
    3473       1.9649
    3474       1.7215
    3475       1.7138
    3476       2.1358
    3477       2.2031
    3478       1.8676
    3479       1.6003
    3480       1.8933
    3481       2.6000
    3482       1.8873
    3483       2.1009
    3484       2.0363
    3485       1.9308
    3486       2.0719
    3487       2.0680
    3488       2.4029
    3489       1.7982
    3490       2.5104
    3491       1.9182
    3492       2.0451
    3493       2.3196
    3494       2.0007
    3495       2.1978
    3496       2.3145
    3497       2.0909
    3498       2.1636
    3499       2.0129
    3500       2.3284
    3501       2.0746
    3502       2.1379
    3503       1.9411
    3504       1.9844
    3505       2.2615
    3506       2.0506
    3507       2.2021
    3508       1.9995
    3509       2.2615
    3510       2.1590
    3511       2.3383
    3512       1.8929
    3513       1.6918
    3514       1.7732
    3515       1.6756
    3516       1.8720
    3517       1.6278
    3518       1.8241
    3519       1.7735
    3520       1.7041
    3521       1.5882
    3522       1.6070
    3523       1.7752
    3524       1.4469
    3525       1.7093
    3526       1.6062
    3527       1.5549
    3528       1.5722
    3529       1.6142
    3530       1.5536
    3531       1.5999
    3532       2.0163
    3533       1.5351
    3534       1.6401
    3535       2.1201
    3536       1.7826
    3537       1.7685
    3538       2.0512
    3539       1.9240
    3540       2.1554
    3541       2.0284
    3542       2.2395
    3543       2.0768
    3544       1.9698
    3545       2.2040
    3546       2.1087
    3547       2.2795
    3548       1.6940
    3549       2.3253
    3550       2.1786
    3551       1.9971
    3552       2.0372
    3553       2.0174
    3554       2.0030
    3555       1.9691
    3556       2.3168
    3557       1.9411
    3558       2.3605
    3559       2.3720
    3560       2.0266
    3561       2.1164
    3562       2.0556
    3563       2.3842
    3564       2.1357
