#Frame           RMSD
       1       1.2065
       2       1.3637
       3       1.2246
       4       1.0789
       5       0.9765
       6       0.9241
       7       1.1489
       8       0.9593
       9       0.8092
      10       0.8396
      11       1.0913
      12       1.1268
      13       0.9886
      14       1.1930
      15       1.0023
      16       1.1159
      17       1.2608
      18       0.9872
      19       1.0972
      20       1.0108
      21       0.9619
      22       0.9513
      23       0.8578
      24       1.1102
      25       0.8201
      26       0.9629
      27       0.8630
      28       0.8993
      29       0.8306
      30       0.8838
      31       1.0541
      32       1.0945
      33       0.8443
      34       0.7865
      35       0.9752
      36       0.8891
      37       1.2038
      38       0.9293
      39       1.2464
      40       1.2816
      41       1.3383
      42       0.9697
      43       1.0414
      44       0.9983
      45       1.0522
      46       1.0276
      47       0.9861
      48       1.2840
      49       1.0210
      50       0.9099
      51       1.0030
      52       0.9127
      53       0.8832
      54       1.0790
      55       1.0926
      56       0.9749
      57       1.1059
      58       0.8902
      59       0.9100
      60       0.9826
      61       0.7096
      62       0.7995
      63       0.7881
      64       0.8944
      65       1.0136
      66       0.8278
      67       1.0299
      68       0.9418
      69       0.9267
      70       0.9362
      71       0.8382
      72       0.8144
      73       0.8416
      74       0.9393
      75       0.9145
      76       1.0859
      77       0.7673
      78       0.8933
      79       0.9208
      80       0.8562
      81       0.9143
      82       0.7273
      83       0.9268
      84       0.8869
      85       0.6315
      86       0.8348
      87       0.7612
      88       0.8864
      89       1.0655
      90       0.7333
      91       0.6565
      92       0.7098
      93       0.7578
      94       1.2442
      95       1.0576
      96       1.1609
      97       0.9492
      98       1.0928
      99       1.3264
     100       1.1225
     101       0.9719
     102       1.2106
     103       1.0083
     104       1.1051
     105       1.1075
     106       1.0855
     107       1.1784
     108       1.0498
     109       1.1167
     110       1.0512
     111       1.1306
     112       1.0072
     113       0.9723
     114       1.1797
     115       0.9979
     116       1.0560
     117       1.0068
     118       0.8818
     119       1.1422
     120       1.0186
     121       0.9308
     122       0.8019
     123       0.8166
     124       0.8603
     125       0.8894
     126       1.0394
     127       1.1083
     128       0.9722
     129       0.9830
     130       0.8571
     131       0.9300
     132       0.9335
     133       0.8878
     134       0.9497
     135       0.8919
     136       0.8361
     137       0.8697
     138       0.9229
     139       0.8857
     140       0.7623
     141       0.8533
     142       1.0098
     143       0.9674
     144       0.9830
     145       0.8452
     146       0.8824
     147       0.8292
     148       0.7474
     149       0.8707
     150       0.7969
     151       1.0046
     152       0.9751
     153       0.8018
     154       0.8509
     155       0.8181
     156       0.9560
     157       0.8826
     158       0.7928
     159       0.8487
     160       0.8553
     161       0.8592
     162       0.8311
     163       0.9280
     164       0.7943
     165       0.7402
     166       0.6708
     167       0.7550
     168       0.8177
     169       0.8930
     170       1.1479
     171       0.6990
     172       0.9443
     173       0.8032
     174       0.7438
     175       0.7657
     176       0.7954
     177       0.8676
     178       0.6897
     179       0.7538
     180       0.7960
     181       0.9563
     182       0.7315
     183       0.7745
     184       0.9681
     185       0.9496
     186       0.7259
     187       0.7003
     188       0.7670
     189       0.7056
     190       0.8723
     191       0.7859
     192       0.8610
     193       1.0115
     194       0.9164
     195       0.7450
     196       0.8639
     197       1.0214
     198       1.0566
     199       1.1678
     200       1.2012
     201       1.0906
     202       1.1434
     203       1.1199
     204       1.0394
     205       1.1262
     206       1.1664
     207       1.0868
     208       1.2099
     209       1.0460
     210       1.0527
     211       0.9999
     212       1.1986
     213       0.9981
     214       0.9444
     215       1.1214
     216       0.9330
     217       0.8906
     218       0.9309
     219       1.0302
     220       0.9155
     221       0.9505
     222       0.9665
     223       0.9343
     224       0.9796
     225       0.8922
     226       1.0061
     227       0.9205
     228       0.8929
     229       1.0235
     230       1.0413
     231       0.9811
     232       1.0111
     233       0.9049
     234       0.9598
     235       1.1209
     236       0.8633
     237       1.0175
     238       1.0700
     239       0.8708
     240       0.8451
     241       0.9038
     242       0.8442
     243       1.0058
     244       1.1548
     245       0.8661
     246       0.9360
     247       1.1392
     248       1.2277
     249       1.0739
     250       1.0710
     251       0.9363
     252       0.9848
     253       0.8567
     254       0.8674
     255       0.9525
     256       0.9048
     257       0.7421
     258       0.8372
     259       0.8394
     260       0.8856
     261       0.9185
     262       0.7957
     263       0.9999
     264       0.9701
     265       1.0810
     266       0.9024
     267       1.0518
     268       0.8470
     269       0.7207
     270       0.9469
     271       0.9913
     272       0.7964
     273       0.8585
     274       0.9194
     275       1.0043
     276       0.9374
     277       0.8118
     278       1.0104
     279       0.9868
     280       0.7432
     281       0.8048
     282       1.1305
     283       0.7933
     284       0.7720
     285       0.9174
     286       0.8450
     287       0.8022
     288       0.9017
     289       1.0770
     290       0.9724
     291       0.8719
     292       0.9312
     293       0.9710
     294       0.9324
     295       0.9555
     296       0.7810
     297       0.6677
     298       0.9049
     299       0.9414
     300       0.9294
     301       0.7565
     302       0.8048
     303       0.9473
     304       0.8106
     305       1.0179
     306       0.7859
     307       0.8749
     308       0.7967
     309       0.8090
     310       1.1285
     311       0.8938
     312       0.8783
     313       0.8703
     314       0.8458
     315       0.8418
     316       0.7650
     317       0.9643
     318       0.6499
     319       0.7243
     320       0.7513
     321       0.7039
     322       0.7069
     323       0.9065
     324       0.9471
     325       0.8180
     326       0.7157
     327       0.9316
     328       0.6728
     329       0.8585
     330       1.0571
     331       0.8488
     332       1.0191
     333       0.8603
     334       0.9541
     335       0.9146
     336       0.7967
     337       0.8130
     338       0.8125
     339       0.6902
     340       0.7527
     341       0.7090
     342       0.7277
     343       0.8268
     344       0.7873
     345       0.9293
     346       0.7330
     347       0.7226
     348       0.6844
     349       0.8828
     350       1.2961
     351       0.7979
     352       0.8923
     353       0.9571
     354       0.7212
     355       0.6492
     356       0.7075
     357       0.6753
     358       0.7794
     359       0.8207
     360       0.7205
     361       0.6935
     362       0.7925
     363       0.8647
     364       0.7050
     365       0.7464
     366       0.6009
     367       0.6589
     368       1.0977
     369       1.1652
     370       1.1543
     371       1.1164
     372       1.0783
     373       1.3814
     374       1.1404
     375       1.1740
     376       1.1494
     377       1.0767
     378       1.0025
     379       0.9326
     380       1.0639
     381       1.0561
     382       0.9951
     383       0.9449
     384       1.0305
     385       0.9887
     386       1.0654
     387       1.0554
     388       0.9740
     389       1.1630
     390       1.2011
     391       0.9151
     392       0.9967
     393       1.2791
     394       1.0365
     395       0.9683
     396       0.9461
     397       1.1952
     398       0.9797
     399       0.8703
     400       0.9084
     401       0.9330
     402       1.0363
     403       0.8732
     404       0.8610
     405       0.9968
     406       0.8802
     407       0.9300
     408       1.0178
     409       0.9669
     410       1.0100
     411       0.8988
     412       0.8651
     413       1.0314
     414       0.8117
     415       1.1362
     416       0.9518
     417       1.0205
     418       0.7878
     419       0.8949
     420       1.0567
     421       0.8655
     422       1.1887
     423       0.9931
     424       1.0289
     425       0.9299
     426       0.8174
     427       1.0782
     428       1.0524
     429       0.7860
     430       1.0269
     431       0.8509
     432       1.0958
     433       0.6932
     434       0.9753
     435       0.8734
     436       0.8709
     437       0.8914
     438       0.9478
     439       0.9635
     440       0.7895
     441       0.8096
     442       0.8018
     443       0.9950
     444       0.9127
     445       0.8241
     446       0.7716
     447       1.1309
     448       1.0356
     449       0.8942
     450       1.0098
     451       0.8095
     452       0.8533
     453       0.9601
     454       0.7507
     455       0.7712
     456       0.7682
     457       0.9004
     458       0.9504
     459       0.8640
     460       0.8719
     461       0.7978
     462       0.7732
     463       0.8880
     464       0.7651
     465       0.8613
     466       0.8685
     467       0.7785
     468       0.8961
     469       0.8256
     470       0.8860
     471       1.0727
     472       0.9827
     473       0.8560
     474       1.1337
     475       1.0203
     476       0.8443
     477       0.8825
     478       0.7131
     479       0.7493
     480       0.6913
     481       0.9636
     482       0.7495
     483       0.8620
     484       0.8744
     485       0.8969
     486       0.7866
     487       0.6737
     488       0.7985
     489       1.0118
     490       0.6662
     491       0.9010
     492       0.8528
     493       0.9203
     494       0.8273
     495       0.8203
     496       0.7025
     497       0.8967
     498       0.8342
     499       0.8149
     500       0.6832
     501       0.8737
     502       0.8217
     503       0.9034
     504       0.6234
     505       0.6861
     506       0.8008
     507       0.7089
     508       0.7183
     509       0.7795
     510       0.8817
     511       0.8163
     512       0.7286
     513       0.7927
     514       0.8112
     515       0.9181
     516       0.9912
     517       0.6933
     518       0.7898
     519       1.0179
     520       0.7565
     521       0.9844
     522       0.7575
     523       0.6968
     524       0.8497
     525       0.7474
     526       0.8447
     527       1.0656
     528       1.0808
     529       0.9795
     530       0.6770
     531       0.6381
     532       0.7294
     533       0.6696
     534       0.6801
     535       0.8286
     536       0.8540
     537       1.0289
     538       0.6325
     539       0.9030
     540       0.8225
     541       0.7765
     542       0.6793
     543       0.8239
     544       0.7217
     545       0.8077
     546       0.9671
     547       0.8675
     548       0.7726
     549       0.7776
     550       0.6496
     551       0.7700
     552       0.7578
     553       0.7139
     554       0.6761
     555       0.6286
     556       0.8264
     557       0.7830
     558       0.6925
     559       0.6482
     560       0.7223
     561       0.5338
     562       0.8445
     563       0.8593
     564       1.0209
     565       0.7248
     566       0.7762
     567       0.9294
     568       0.7693
     569       0.6610
     570       0.9377
     571       0.7548
     572       0.5549
     573       0.9953
     574       0.9087
     575       0.9340
     576       0.7401
     577       0.7914
     578       1.0969
     579       1.1468
     580       1.0338
     581       1.0727
     582       1.1364
     583       1.1840
     584       1.1101
     585       1.1562
     586       1.0154
     587       1.0905
     588       0.9754
     589       0.9826
     590       1.1765
     591       1.0151
     592       0.9097
     593       1.2880
     594       1.1466
     595       0.9587
     596       1.0245
     597       1.0335
     598       0.9760
     599       0.9862
     600       0.9570
     601       0.9575
     602       0.9775
     603       1.0531
     604       0.9299
     605       0.9159
     606       0.9739
     607       1.3463
     608       0.9690
     609       0.9052
     610       1.0456
     611       0.9406
     612       0.9760
     613       0.9020
     614       0.9257
     615       1.0206
     616       0.9504
     617       0.8941
     618       0.9968
     619       0.9409
     620       0.8622
     621       0.8484
     622       0.8700
     623       0.8361
     624       0.8422
     625       0.9187
     626       0.8720
     627       0.8696
     628       1.0963
     629       0.9098
     630       0.9086
     631       1.0491
     632       0.8428
     633       0.8478
     634       0.9329
     635       0.9758
     636       0.9865
     637       0.8015
     638       0.9482
     639       0.9026
     640       0.8682
     641       1.0347
     642       1.0558
     643       0.8197
     644       0.8727
     645       0.9752
     646       1.0708
     647       0.8600
     648       0.9855
     649       0.8446
     650       0.8178
     651       0.8791
     652       1.0128
     653       1.0412
     654       0.8555
     655       1.1182
     656       0.8331
     657       0.7262
     658       0.8333
     659       0.8394
     660       0.7962
     661       0.9286
     662       0.7743
     663       0.9643
     664       0.9113
     665       0.8450
     666       0.7891
     667       0.8241
     668       0.8830
     669       0.7501
     670       0.8014
     671       0.7515
     672       0.8116
     673       0.9389
     674       0.8429
     675       0.7174
     676       0.9599
     677       0.9795
     678       1.0066
     679       0.8914
     680       0.8266
     681       0.8012
     682       0.7418
     683       0.7882
     684       0.8810
     685       0.9189
     686       0.6924
     687       0.7378
     688       0.8650
     689       0.7201
     690       0.8768
     691       0.9557
     692       0.7023
     693       0.8876
     694       0.9845
     695       0.9662
     696       0.8606
     697       0.8808
     698       0.9348
     699       0.7756
     700       0.8030
     701       0.7726
     702       0.8382
     703       0.8618
     704       0.8960
     705       0.8148
     706       0.8999
     707       0.9263
     708       0.7358
     709       0.7690
     710       0.6947
     711       0.6613
     712       0.7051
     713       0.7091
     714       0.8404
     715       0.7327
     716       0.7891
     717       0.8593
     718       0.8255
     719       0.7946
     720       0.7670
     721       1.0245
     722       0.9539
     723       0.9175
     724       0.6895
     725       0.6926
     726       0.7946
     727       0.8753
     728       0.8010
     729       1.1708
     730       0.8609
     731       1.0239
     732       0.7586
     733       0.5883
     734       0.6629
     735       0.7744
     736       0.6566
     737       0.7154
     738       0.6199
     739       0.7312
     740       0.7870
     741       0.9575
     742       0.7145
     743       0.8390
     744       0.6915
     745       0.8127
     746       0.7888
     747       0.6035
     748       0.8141
     749       1.0968
     750       0.7328
     751       0.7571
     752       0.8690
     753       0.8107
     754       0.8577
     755       0.7434
     756       0.7050
     757       0.7985
     758       0.7598
     759       0.7176
     760       0.7598
     761       0.7632
     762       0.7043
     763       0.7348
     764       0.6769
     765       0.7345
     766       0.6578
     767       0.7429
     768       1.2650
     769       0.6943
     770       0.7113
     771       0.8114
     772       0.7058
     773       0.5889
     774       0.6941
     775       0.7521
     776       0.8802
     777       0.8170
     778       0.7309
     779       0.8663
     780       1.1885
     781       0.7671
     782       0.8556
     783       0.8486
     784       0.8488
     785       0.6593
     786       0.6978
     787       0.6088
     788       0.8172
     789       1.4611
     790       0.7657
     791       0.7787
     792       0.6028
     793       0.8148
     794       0.6186
     795       0.5452
     796       0.8582
     797       0.7826
     798       0.7485
     799       0.5783
     800       0.9612
     801       0.8303
     802       0.7675
     803       0.6760
     804       0.5882
     805       0.7817
     806       0.8899
     807       0.8093
     808       0.7405
     809       0.6310
     810       0.9931
     811       1.1581
     812       1.0825
     813       0.9970
     814       1.0926
     815       1.0576
     816       1.1369
     817       0.9845
     818       1.1005
     819       1.0203
     820       1.0147
     821       1.0680
     822       1.0645
     823       1.0884
     824       0.9504
     825       1.2382
     826       1.0345
     827       0.9616
     828       1.0283
     829       0.9172
     830       1.4474
     831       0.8810
     832       1.0962
     833       1.0487
     834       0.9342
     835       0.9118
     836       1.0253
     837       0.8993
     838       1.1258
     839       0.8666
     840       0.9661
     841       0.8873
     842       0.9355
     843       1.0264
     844       0.9379
     845       1.0916
     846       1.0947
     847       0.8722
     848       0.9925
     849       0.8392
     850       0.9528
     851       1.0174
     852       1.4142
     853       0.9828
     854       0.9500
     855       0.8675
     856       0.8800
     857       1.0687
     858       0.8811
     859       0.9119
     860       0.8810
     861       0.9253
     862       1.0132
     863       0.8254
     864       0.8911
     865       0.8555
     866       0.9657
     867       0.9351
     868       1.0096
     869       0.9139
     870       0.8511
     871       0.8362
     872       0.9338
     873       1.0929
     874       0.8814
     875       0.9102
     876       0.7884
     877       0.8132
     878       0.9115
     879       0.8681
     880       0.8320
     881       0.7262
     882       0.8414
     883       1.0854
     884       0.9682
     885       1.0379
     886       1.0005
     887       0.7970
     888       0.7836
     889       0.8909
     890       0.8961
     891       0.8615
     892       0.9687
     893       0.8001
     894       1.0280
     895       0.8135
     896       0.9558
     897       0.8709
     898       0.8708
     899       0.8247
     900       0.8592
     901       0.9700
     902       0.9922
     903       0.9800
     904       0.8926
     905       0.8315
     906       0.8178
     907       0.7424
     908       0.7625
     909       0.8454
     910       0.7306
     911       0.7718
     912       0.8833
     913       0.8433
     914       0.8869
     915       0.7294
     916       0.7857
     917       0.8353
     918       0.7351
     919       0.8440
     920       0.7632
     921       0.8704
     922       0.8626
     923       0.7680
     924       0.7962
     925       0.9881
     926       0.9182
     927       0.9853
     928       0.8354
     929       0.7050
     930       0.7904
     931       0.7299
     932       0.7256
     933       0.6325
     934       0.8669
     935       0.8475
     936       0.6428
     937       0.7416
     938       0.8715
     939       0.7101
     940       0.9357
     941       0.7663
     942       0.7248
     943       0.8190
     944       0.8384
     945       0.9629
     946       0.7636
     947       0.6593
     948       0.8827
     949       0.9851
     950       0.9523
     951       1.0415
     952       0.9493
     953       0.7333
     954       0.6430
     955       0.6845
     956       0.8123
     957       0.6896
     958       0.7262
     959       0.8041
     960       0.6786
     961       0.8305
     962       0.8463
     963       0.8245
     964       0.8518
     965       1.2698
     966       0.7116
     967       0.8046
     968       0.7297
     969       0.7859
     970       0.8293
     971       0.7806
     972       0.6904
     973       0.7689
     974       1.0590
     975       0.7712
     976       0.7745
     977       0.8985
     978       0.6478
     979       0.6860
     980       0.5966
     981       0.7189
     982       0.6623
     983       0.6789
     984       0.5894
     985       0.7840
     986       0.5761
     987       0.6479
     988       0.6653
     989       0.7958
     990       1.1305
     991       0.8582
     992       0.7873
     993       0.9224
     994       0.6140
     995       1.0525
     996       0.8359
     997       0.6514
     998       0.7916
     999       0.6558
    1000       0.6097
    1001       0.8061
    1002       0.6769
    1003       0.7396
    1004       0.7964
    1005       0.9220
    1006       0.5918
    1007       0.7520
    1008       0.5685
    1009       0.7284
    1010       0.6561
    1011       0.7089
    1012       0.7911
    1013       0.6029
    1014       0.7044
    1015       0.7798
    1016       1.2558
    1017       0.5854
    1018       0.8209
    1019       0.8926
    1020       0.7766
    1021       0.6257
    1022       0.9849
    1023       0.8569
    1024       0.5453
    1025       0.9405
    1026       0.4922
    1027       0.7618
    1028       0.6672
    1029       0.7584
    1030       0.6134
    1031       0.6696
    1032       0.7159
    1033       0.9204
    1034       0.6476
    1035       0.6067
    1036       0.8293
    1037       1.3117
    1038       0.9620
    1039       0.5684
    1040       0.6764
    1041       0.7601
    1042       0.7735
    1043       0.6802
    1044       0.7533
    1045       0.7538
    1046       0.7051
    1047       0.7989
    1048       0.7275
    1049       0.4980
    1050       0.8866
    1051       1.2815
    1052       0.6082
    1053       0.8457
    1054       0.8852
    1055       0.5446
    1056       1.0422
    1057       1.0764
    1058       1.1083
    1059       1.2006
    1060       1.0252
    1061       1.1014
    1062       1.3636
    1063       1.0623
    1064       1.1091
    1065       0.9979
    1066       1.0435
    1067       1.1089
    1068       0.9087
    1069       0.9782
    1070       1.1034
    1071       1.0109
    1072       1.3902
    1073       0.9307
    1074       1.0338
    1075       1.0542
    1076       1.0256
    1077       1.0372
    1078       0.9896
    1079       0.9900
    1080       0.8854
    1081       0.9418
    1082       0.9189
    1083       1.0254
    1084       0.9261
    1085       0.9932
    1086       0.9689
    1087       0.9779
    1088       1.1692
    1089       1.0336
    1090       0.9977
    1091       0.8508
    1092       0.8842
    1093       0.9551
    1094       0.8790
    1095       0.9921
    1096       0.7948
    1097       0.9054
    1098       0.9848
    1099       0.8438
    1100       0.9486
    1101       0.8845
    1102       1.0266
    1103       0.9887
    1104       0.8197
    1105       0.9922
    1106       0.8819
    1107       0.8647
    1108       0.9071
    1109       0.7717
    1110       1.0269
    1111       0.8163
    1112       0.9781
    1113       0.8616
    1114       0.9659
    1115       0.8002
    1116       0.9337
    1117       0.9214
    1118       0.9902
    1119       0.8992
    1120       0.7882
    1121       0.8481
    1122       0.8518
    1123       0.7902
    1124       0.8601
    1125       0.8163
    1126       0.7906
    1127       0.8043
    1128       0.7899
    1129       0.9444
    1130       0.8929
    1131       0.9401
    1132       0.9752
    1133       0.7800
    1134       0.7296
    1135       0.7393
    1136       0.8125
    1137       0.8073
    1138       0.8801
    1139       0.7890
    1140       0.7915
    1141       1.1962
    1142       0.8760
    1143       0.7595
    1144       0.9343
    1145       0.8355
    1146       1.0082
    1147       0.7096
    1148       0.8057
    1149       1.0291
    1150       0.9033
    1151       0.8539
    1152       0.9229
    1153       0.7342
    1154       0.7831
    1155       0.7599
    1156       0.7614
    1157       0.7149
    1158       0.8307
    1159       0.9613
    1160       0.8618
    1161       1.1922
    1162       0.6980
    1163       0.8060
    1164       0.8751
    1165       0.8055
    1166       0.8171
    1167       0.8279
    1168       0.8349
    1169       0.9140
    1170       0.9977
    1171       0.8417
    1172       0.6941
    1173       0.7690
    1174       0.7633
    1175       0.7161
    1176       0.8983
    1177       0.6755
    1178       0.6692
    1179       0.7851
    1180       0.9045
    1181       0.7240
    1182       0.8377
    1183       0.7429
    1184       0.7960
    1185       0.7103
    1186       0.7391
    1187       0.6950
    1188       0.7624
    1189       0.8183
    1190       0.8266
    1191       0.8656
    1192       0.8511
    1193       0.8571
    1194       0.7437
    1195       0.7070
    1196       0.7843
    1197       0.7890
    1198       0.8666
    1199       0.6231
    1200       0.7423
    1201       0.6178
    1202       0.7089
    1203       0.7050
    1204       0.9138
    1205       0.8962
    1206       1.1106
    1207       0.8288
    1208       0.8659
    1209       0.8538
    1210       0.6697
    1211       0.7270
    1212       0.8573
    1213       0.8183
    1214       0.6912
    1215       0.6931
    1216       0.7300
    1217       0.9267
    1218       0.7142
    1219       0.7631
    1220       0.7475
    1221       0.6530
    1222       0.6423
    1223       0.6543
    1224       0.6059
    1225       0.8072
    1226       0.6895
    1227       0.6491
    1228       0.6056
    1229       0.5282
    1230       0.6407
    1231       0.7376
    1232       0.8939
    1233       0.6636
    1234       1.2707
    1235       1.0635
    1236       0.7152
    1237       0.7291
    1238       0.6773
    1239       0.8437
    1240       0.6615
    1241       0.7614
    1242       0.7144
    1243       0.6740
    1244       0.5367
    1245       0.7594
    1246       0.8754
    1247       0.8658
    1248       0.7817
    1249       0.6747
    1250       0.6178
    1251       0.6731
    1252       0.6080
    1253       0.7011
    1254       0.7416
    1255       0.6675
    1256       0.7513
    1257       0.5832
    1258       0.7003
    1259       0.5847
    1260       0.5493
    1261       0.6040
    1262       0.9844
    1263       0.7488
    1264       0.8918
    1265       1.1077
    1266       0.9563
    1267       0.6437
    1268       0.4812
    1269       0.5183
    1270       0.6332
    1271       0.6278
    1272       0.6480
    1273       0.6655
    1274       0.8167
    1275       0.6799
    1276       0.6091
    1277       0.7179
    1278       0.6384
    1279       0.6875
    1280       0.6235
    1281       0.5820
    1282       0.6251
    1283       0.7207
    1284       0.5662
    1285       0.6632
    1286       0.7335
    1287       0.7904
    1288       0.8800
    1289       0.8698
    1290       0.8706
    1291       1.0347
    1292       0.6323
    1293       0.6062
    1294       0.5997
    1295       0.9785
    1296       0.7295
    1297       0.8100
    1298       0.8461
    1299       0.9718
    1300       0.6426
    1301       0.6711
    1302       0.6979
    1303       1.0243
    1304       1.0259
    1305       0.7889
    1306       1.2791
    1307       1.2060
    1308       1.0744
    1309       1.0605
    1310       1.1958
    1311       1.1098
    1312       1.1336
    1313       1.0515
    1314       1.0805
    1315       1.2390
    1316       0.9923
    1317       1.1462
    1318       0.9848
    1319       0.9833
    1320       1.1065
    1321       0.9670
    1322       1.0050
    1323       0.9419
    1324       0.9948
    1325       1.0262
    1326       1.0241
    1327       1.0025
    1328       1.0022
    1329       0.9605
    1330       1.0109
    1331       0.8752
    1332       1.0556
    1333       1.1825
    1334       1.0680
    1335       0.7723
    1336       0.8753
    1337       0.8991
    1338       0.9050
    1339       0.8463
    1340       0.9300
    1341       0.8856
    1342       0.9460
    1343       0.8530
    1344       0.9526
    1345       0.9539
    1346       0.8554
    1347       0.9182
    1348       0.8998
    1349       0.9031
    1350       0.8678
    1351       0.8510
    1352       0.9380
    1353       0.9654
    1354       0.9585
    1355       0.8469
    1356       0.8368
    1357       1.0088
    1358       0.8471
    1359       0.8117
    1360       0.9943
    1361       0.9347
    1362       0.8382
    1363       0.8164
    1364       0.9719
    1365       0.9670
    1366       0.8924
    1367       0.8940
    1368       0.8620
    1369       0.9609
    1370       0.8533
    1371       0.8492
    1372       0.7527
    1373       0.7784
    1374       1.0609
    1375       0.8240
    1376       0.9729
    1377       0.7185
    1378       0.8556
    1379       0.8026
    1380       0.8492
    1381       0.8499
    1382       1.0171
    1383       0.7378
    1384       0.9439
    1385       0.7993
    1386       0.7627
    1387       0.7283
    1388       0.7346
    1389       0.9060
    1390       0.7714
    1391       0.9545
    1392       0.8813
    1393       0.8521
    1394       0.8549
    1395       0.7112
    1396       0.8590
    1397       0.9294
    1398       0.8705
    1399       0.7859
    1400       0.9096
    1401       0.7294
    1402       0.8256
    1403       0.8168
    1404       0.6967
    1405       0.7688
    1406       0.8429
    1407       0.8729
    1408       1.0145
    1409       0.7657
    1410       0.8311
    1411       0.8057
    1412       0.8387
    1413       0.7277
    1414       0.7172
    1415       0.6960
    1416       0.8636
    1417       0.7679
    1418       0.8175
    1419       0.7451
    1420       0.6571
    1421       0.7375
    1422       0.8702
    1423       0.6695
    1424       0.7287
    1425       0.7626
    1426       0.6639
    1427       0.7975
    1428       0.8105
    1429       0.6842
    1430       0.7667
    1431       0.9265
    1432       0.6629
    1433       0.7466
    1434       0.9530
    1435       0.8002
    1436       0.8536
    1437       0.7523
    1438       0.6835
    1439       0.6191
    1440       0.7049
    1441       0.9195
    1442       0.6856
    1443       0.7461
    1444       0.6223
    1445       0.5879
    1446       0.5263
    1447       0.7601
    1448       0.6582
    1449       0.6669
    1450       0.6614
    1451       0.7820
    1452       0.8505
    1453       0.6417
    1454       0.6302
    1455       0.7328
    1456       0.6703
    1457       0.7927
    1458       0.7213
    1459       0.6767
    1460       0.7612
    1461       0.8925
    1462       0.6635
    1463       0.5973
    1464       0.6604
    1465       0.7710
    1466       0.7600
    1467       0.6055
    1468       1.0297
    1469       0.5788
    1470       0.6177
    1471       0.6537
    1472       0.9680
    1473       0.5675
    1474       0.8725
    1475       0.6678
    1476       0.5564
    1477       0.6551
    1478       0.6241
    1479       0.5616
    1480       0.8194
    1481       0.6826
    1482       0.6582
    1483       0.6598
    1484       0.6623
    1485       0.7246
    1486       0.5751
    1487       0.5604
    1488       0.6479
    1489       0.5347
    1490       0.5718
    1491       0.7735
    1492       0.6891
    1493       0.8604
    1494       0.8929
    1495       0.7268
    1496       1.2606
    1497       0.9730
    1498       0.6520
    1499       0.5778
    1500       0.6442
    1501       0.7119
    1502       0.8324
    1503       0.5919
    1504       0.6965
    1505       0.5112
    1506       0.7453
    1507       0.6006
    1508       0.7077
    1509       0.7876
    1510       0.6808
    1511       0.6212
    1512       0.6849
    1513       0.7314
    1514       0.6359
    1515       0.5894
    1516       0.7897
    1517       0.6416
    1518       0.6156
    1519       0.6415
    1520       0.7334
    1521       0.6945
    1522       0.5983
    1523       0.5365
    1524       0.9145
    1525       0.8415
    1526       0.8576
    1527       1.0208
    1528       0.5964
    1529       1.0688
    1530       0.9714
    1531       0.9240
    1532       0.7580
    1533       0.8822
    1534       0.7132
    1535       0.7987
    1536       0.9779
    1537       0.9751
    1538       0.8029
    1539       0.6636
    1540       0.5375
    1541       0.4788
    1542       0.6701
    1543       0.7888
    1544       0.7274
    1545       0.7893
    1546       0.6234
    1547       0.8894
    1548       0.8302
    1549       0.7364
    1550       1.1336
    1551       0.6562
    1552       0.5836
    1553       0.6132
    1554       0.6744
    1555       0.7171
    1556       0.5124
    1557       0.5648
    1558       1.2411
    1559       0.9271
    1560       0.8153
    1561       0.8224
    1562       0.9514
    1563       0.9126
    1564       0.7748
    1565       0.7390
    1566       0.6480
    1567       1.2178
    1568       1.2463
    1569       1.1969
    1570       1.0924
    1571       1.0910
    1572       0.9715
    1573       1.1080
    1574       1.0437
    1575       0.9893
    1576       1.0643
    1577       1.0061
    1578       1.0705
    1579       1.0237
    1580       0.9384
    1581       1.0033
    1582       1.0183
    1583       0.9088
    1584       0.8877
    1585       0.9329
    1586       0.9037
    1587       0.9977
    1588       0.9419
    1589       0.8597
    1590       1.0644
    1591       0.8515
    1592       0.9421
    1593       1.1340
    1594       0.9267
    1595       0.8629
    1596       0.8511
    1597       0.8871
    1598       0.8760
    1599       0.9961
    1600       0.8684
    1601       0.8542
    1602       0.9775
    1603       0.7572
    1604       0.8225
    1605       0.9021
    1606       0.8441
    1607       0.8558
    1608       0.8670
    1609       0.9063
    1610       0.8736
    1611       0.8190
    1612       0.8675
    1613       1.2006
    1614       0.7730
    1615       0.8689
    1616       0.7785
    1617       0.8371
    1618       0.8433
    1619       0.7659
    1620       0.9200
    1621       0.7935
    1622       0.7544
    1623       0.7633
    1624       0.7731
    1625       0.7508
    1626       0.8141
    1627       0.8180
    1628       0.7375
    1629       0.7212
    1630       0.8162
    1631       0.7348
    1632       0.6344
    1633       0.9179
    1634       0.7404
    1635       0.7279
    1636       0.8108
    1637       0.7656
    1638       0.7504
    1639       0.7390
    1640       0.6649
    1641       1.0903
    1642       0.8762
    1643       0.7554
    1644       0.7721
    1645       1.0574
    1646       0.7961
    1647       0.6375
    1648       0.8676
    1649       0.8065
    1650       0.8207
    1651       0.7705
    1652       0.6641
    1653       0.7827
    1654       0.6332
    1655       0.6392
    1656       0.6846
    1657       0.7545
    1658       0.7826
    1659       0.9120
    1660       0.8051
    1661       0.6360
    1662       0.8082
    1663       0.7015
    1664       0.6302
    1665       0.7143
    1666       0.6855
    1667       0.6185
    1668       0.7343
    1669       0.7432
    1670       0.6347
    1671       0.6769
    1672       0.7274
    1673       0.5637
    1674       0.7036
    1675       0.6734
    1676       0.8176
    1677       0.6871
    1678       1.1785
    1679       0.8091
    1680       0.5918
    1681       0.7530
    1682       0.6843
    1683       0.9037
    1684       0.8627
    1685       0.7648
    1686       0.8999
    1687       1.1838
    1688       0.7143
    1689       0.7344
    1690       0.7543
    1691       0.7856
    1692       0.8161
    1693       0.6467
    1694       0.5745
    1695       0.6477
    1696       0.7238
    1697       0.7565
    1698       0.6172
    1699       0.6451
    1700       0.6012
    1701       0.6969
    1702       0.6279
    1703       0.8038
    1704       0.5714
    1705       0.6471
    1706       0.6083
    1707       0.5863
    1708       0.7701
    1709       0.6507
    1710       0.5959
    1711       0.7647
    1712       0.6895
    1713       0.7117
    1714       0.6809
    1715       0.7416
    1716       0.6658
    1717       0.9045
    1718       0.9142
    1719       1.2053
    1720       1.2938
    1721       0.8230
    1722       0.9518
    1723       0.6468
    1724       0.5613
    1725       0.8403
    1726       0.7762
    1727       0.7540
    1728       0.9570
    1729       0.6129
    1730       0.9037
    1731       0.8119
    1732       0.9362
    1733       0.4824
    1734       0.8501
    1735       0.7122
    1736       0.8421
    1737       0.6875
    1738       0.9575
    1739       0.5538
    1740       0.7392
    1741       0.6887
    1742       0.6080
    1743       0.7298
    1744       0.8360
    1745       0.5488
    1746       0.5610
    1747       0.6060
    1748       0.9485
    1749       0.5530
    1750       0.7041
    1751       0.7120
    1752       0.7272
    1753       0.8054
    1754       0.6260
    1755       0.7405
    1756       0.6511
    1757       0.8455
    1758       1.0380
    1759       0.9951
    1760       0.9804
    1761       0.8744
    1762       1.2181
    1763       0.7758
    1764       0.5620
    1765       0.5616
    1766       0.7845
    1767       0.9453
    1768       0.9091
    1769       0.7581
    1770       0.5738
    1771       0.6845
    1772       0.6738
    1773       0.8077
    1774       0.4670
    1775       0.7203
    1776       0.7054
    1777       1.0848
    1778       0.9767
    1779       0.8733
    1780       0.7038
    1781       0.8352
    1782       0.7046
    1783       0.5845
    1784       0.5554
    1785       0.6727
    1786       0.7657
    1787       0.5898
    1788       1.1292
    1789       0.6073
    1790       0.7963
    1791       0.5153
    1792       0.5311
    1793       0.7681
    1794       0.6899
    1795       0.6451
    1796       0.7476
    1797       0.8267
    1798       0.5289
    1799       0.6747
    1800       0.9628
    1801       1.0924
    1802       0.9407
    1803       0.7109
    1804       0.9830
    1805       0.9596
    1806       0.6709
    1807       0.9242
    1808       0.8888
    1809       0.8269
    1810       1.0049
    1811       1.0331
    1812       0.6497
    1813       0.5418
    1814       0.9269
    1815       0.6292
    1816       0.8030
    1817       0.7846
    1818       0.6274
    1819       0.6883
    1820       0.8209
    1821       0.8882
    1822       0.9446
    1823       0.6325
    1824       1.2174
    1825       1.2191
    1826       1.1404
    1827       1.1156
    1828       1.1206
    1829       1.0837
    1830       1.0980
    1831       1.0738
    1832       1.0723
    1833       0.9921
    1834       1.0060
    1835       1.1573
    1836       1.1499
    1837       0.9882
    1838       0.9923
    1839       0.9235
    1840       1.1774
    1841       1.0012
    1842       1.0056
    1843       0.9924
    1844       1.0546
    1845       1.1724
    1846       0.9208
    1847       0.8490
    1848       1.0273
    1849       0.9279
    1850       0.9618
    1851       0.9753
    1852       0.8561
    1853       0.9150
    1854       0.8749
    1855       0.9290
    1856       0.8080
    1857       0.9460
    1858       0.9177
    1859       0.8617
    1860       0.8425
    1861       0.8172
    1862       0.8195
    1863       0.8961
    1864       0.8280
    1865       0.8408
    1866       0.8941
    1867       0.9279
    1868       0.7706
    1869       0.7966
    1870       0.8736
    1871       0.8411
    1872       0.8007
    1873       0.9206
    1874       0.9938
    1875       0.8136
    1876       0.8050
    1877       0.7487
    1878       0.7843
    1879       0.7940
    1880       0.7597
    1881       0.8012
    1882       0.8196
    1883       0.8859
    1884       0.8570
    1885       0.8830
    1886       0.7276
    1887       0.7906
    1888       0.8164
    1889       0.7104
    1890       0.8999
    1891       0.7013
    1892       0.7035
    1893       0.7780
    1894       0.6969
    1895       0.8234
    1896       0.7238
    1897       0.7434
    1898       0.8020
    1899       0.8272
    1900       0.6729
    1901       0.8727
    1902       0.7494
    1903       0.7299
    1904       0.6879
    1905       0.5792
    1906       0.7042
    1907       0.8216
    1908       0.7912
    1909       0.6936
    1910       0.9156
    1911       0.8705
    1912       0.9878
    1913       0.9200
    1914       0.8708
    1915       0.7423
    1916       0.7231
    1917       0.7383
    1918       0.8191
    1919       0.7391
    1920       0.5521
    1921       0.6659
    1922       0.7143
    1923       0.8790
    1924       0.8174
    1925       0.7788
    1926       0.7195
    1927       0.6450
    1928       0.6537
    1929       0.6773
    1930       0.7252
    1931       0.7936
    1932       0.8498
    1933       0.6406
    1934       0.7648
    1935       1.2656
    1936       0.6780
    1937       0.6584
    1938       0.6585
    1939       0.6779
    1940       0.7533
    1941       0.6456
    1942       0.8004
    1943       0.6513
    1944       0.6330
    1945       0.6278
    1946       0.7542
    1947       0.6257
    1948       0.5607
    1949       0.6023
    1950       0.5939
    1951       0.6104
    1952       0.7790
    1953       0.7732
    1954       0.7296
    1955       0.5718
    1956       0.8869
    1957       0.7631
    1958       0.7498
    1959       0.8694
    1960       0.6463
    1961       0.6744
    1962       0.7537
    1963       1.3270
    1964       0.7912
    1965       0.9174
    1966       0.6808
    1967       0.7372
    1968       0.7627
    1969       0.7917
    1970       0.9314
    1971       0.9954
    1972       0.8606
    1973       0.8868
    1974       0.5862
    1975       0.5753
    1976       0.7498
    1977       0.6788
    1978       0.6158
    1979       0.6802
    1980       0.7598
    1981       0.6322
    1982       0.7588
    1983       0.6894
    1984       0.8391
    1985       0.6890
    1986       0.8355
    1987       0.5863
    1988       0.5335
    1989       0.7571
    1990       0.7158
    1991       1.0316
    1992       0.7661
    1993       0.5308
    1994       0.7635
    1995       0.7765
    1996       0.8453
    1997       0.7864
    1998       0.6675
    1999       0.6706
    2000       0.7432
    2001       0.8616
    2002       0.5360
    2003       0.5886
    2004       0.6873
    2005       0.9763
    2006       0.6542
    2007       0.8262
    2008       0.8338
    2009       0.7536
    2010       1.0555
    2011       0.7953
    2012       0.6348
    2013       0.7434
    2014       0.8554
    2015       0.6905
    2016       0.7601
    2017       0.9058
    2018       1.0986
    2019       1.0434
    2020       0.7640
    2021       0.7941
    2022       0.6908
    2023       0.7981
    2024       1.2367
    2025       1.1032
    2026       0.8461
    2027       0.8092
    2028       0.8183
    2029       0.6037
    2030       0.5748
    2031       0.5774
    2032       0.5956
    2033       0.6741
    2034       0.6621
    2035       0.5546
    2036       0.7469
    2037       0.6852
    2038       1.1209
    2039       0.6597
    2040       1.0631
    2041       0.6590
    2042       0.9410
    2043       0.6784
    2044       0.5703
    2045       0.6931
    2046       0.5630
    2047       0.8923
    2048       0.6976
    2049       0.5631
    2050       1.1328
    2051       1.0943
    2052       0.7228
    2053       0.7265
    2054       0.5447
    2055       0.6111
    2056       0.7118
    2057       0.6440
    2058       0.8118
    2059       0.5867
    2060       0.8769
    2061       0.6555
    2062       0.8294
    2063       0.8368
    2064       1.1828
    2065       0.6772
    2066       0.6349
    2067       0.6643
    2068       0.5556
    2069       0.8344
    2070       0.9698
    2071       0.7575
    2072       0.7581
    2073       0.8115
    2074       1.0065
    2075       1.0090
    2076       0.9378
    2077       1.4569
    2078       0.9865
    2079       0.9938
    2080       0.7972
    2081       0.7306
    2082       0.7951
    2083       0.9023
    2084       0.9374
    2085       0.6190
    2086       0.5854
    2087       0.5437
    2088       0.5290
    2089       0.6686
    2090       0.7046
    2091       0.8988
    2092       0.8536
    2093       1.0773
    2094       1.0364
    2095       0.7699
    2096       0.8523
    2097       0.7802
    2098       0.8165
    2099       0.7070
    2100       0.6098
    2101       0.8259
    2102       0.7704
    2103       0.7326
    2104       0.7005
    2105       0.7512
    2106       0.5976
    2107       0.8298
    2108       1.1605
    2109       1.1663
    2110       1.1840
    2111       1.1854
    2112       1.1705
    2113       1.0770
    2114       1.0857
    2115       0.9945
    2116       1.0574
    2117       1.3565
    2118       1.1012
    2119       1.0125
    2120       0.9912
    2121       1.1725
    2122       1.0020
    2123       0.9269
    2124       0.9691
    2125       1.0352
    2126       0.9464
    2127       0.8938
    2128       0.9484
    2129       0.9341
    2130       0.8560
    2131       1.0377
    2132       0.9144
    2133       0.8892
    2134       0.8064
    2135       0.9758
    2136       0.8864
    2137       0.9380
    2138       0.9032
    2139       0.8494
    2140       0.8335
    2141       0.9162
    2142       0.8233
    2143       0.8342
    2144       0.8518
    2145       0.8663
    2146       0.8718
    2147       0.8364
    2148       0.7538
    2149       0.9094
    2150       0.7779
    2151       0.7797
    2152       1.0308
    2153       0.7549
    2154       0.7636
    2155       0.7513
    2156       0.7481
    2157       1.1124
    2158       0.9228
    2159       0.7642
    2160       0.8101
    2161       0.8882
    2162       0.7610
    2163       0.8881
    2164       0.8947
    2165       0.7738
    2166       0.8333
    2167       0.7771
    2168       0.7000
    2169       0.7097
    2170       0.7611
    2171       0.8739
    2172       0.7853
    2173       0.8848
    2174       0.7031
    2175       0.7311
    2176       0.7668
    2177       0.8185
    2178       0.8010
    2179       0.8182
    2180       0.6337
    2181       0.7694
    2182       0.6633
    2183       0.7327
    2184       0.8364
    2185       0.6598
    2186       1.0040
    2187       0.7581
    2188       0.7172
    2189       0.6843
    2190       0.7068
    2191       0.7509
    2192       0.7706
    2193       0.6648
    2194       0.9637
    2195       0.9795
    2196       1.2952
    2197       0.7308
    2198       0.6227
    2199       0.8096
    2200       0.7566
    2201       0.6334
    2202       0.9250
    2203       0.6163
    2204       0.9417
    2205       0.8114
    2206       0.6237
    2207       0.7557
    2208       0.6250
    2209       0.9152
    2210       0.7426
    2211       0.6173
    2212       0.6209
    2213       0.7565
    2214       0.6602
    2215       0.6887
    2216       0.7309
    2217       0.6008
    2218       0.6197
    2219       0.8968
    2220       0.8316
    2221       0.6213
    2222       1.0295
    2223       0.8041
    2224       0.7032
    2225       0.9040
    2226       1.0150
    2227       0.8549
    2228       0.8113
    2229       0.7806
    2230       1.1184
    2231       1.1079
    2232       0.7044
    2233       0.6593
    2234       0.7045
    2235       0.6269
    2236       0.6677
    2237       0.7130
    2238       0.6847
    2239       0.6354
    2240       0.8072
    2241       0.7283
    2242       0.6065
    2243       0.8380
    2244       0.5893
    2245       0.6791
    2246       0.5600
    2247       0.5245
    2248       0.6760
    2249       0.6513
    2250       0.6478
    2251       0.5589
    2252       0.6158
    2253       0.7437
    2254       0.8709
    2255       0.5926
    2256       0.6262
    2257       0.7798
    2258       1.0340
    2259       0.8971
    2260       0.6861
    2261       0.5573
    2262       0.9159
    2263       0.8014
    2264       0.6961
    2265       0.7970
    2266       0.7809
    2267       0.6834
    2268       0.7653
    2269       1.0546
    2270       0.6149
    2271       0.6842
    2272       0.8422
    2273       0.9141
    2274       0.7910
    2275       0.9277
    2276       1.0724
    2277       0.7529
    2278       0.9816
    2279       1.0622
    2280       0.9671
    2281       0.9798
    2282       0.7519
    2283       1.0679
    2284       0.8017
    2285       0.8356
    2286       0.7649
    2287       0.7706
    2288       1.2497
    2289       1.2409
    2290       0.6589
    2291       0.8484
    2292       0.5991
    2293       0.6034
    2294       0.7382
    2295       0.6253
    2296       0.7196
    2297       1.0186
    2298       0.9460
    2299       1.1919
    2300       0.8505
    2301       0.7533
    2302       0.7690
    2303       0.6982
    2304       0.6525
    2305       0.7423
    2306       1.0692
    2307       0.7472
    2308       0.7045
    2309       0.6727
    2310       0.7411
    2311       0.7974
    2312       1.1529
    2313       0.8392
    2314       0.5272
    2315       0.6477
    2316       0.6987
    2317       0.5120
    2318       0.6915
    2319       0.5668
    2320       1.0322
    2321       0.7351
    2322       0.8980
    2323       0.8870
    2324       0.7433
    2325       0.6195
    2326       0.9294
    2327       0.7475
    2328       0.7553
    2329       0.7062
    2330       0.8353
    2331       1.2066
    2332       0.9321
    2333       0.6467
    2334       0.8917
    2335       0.9212
    2336       0.8032
    2337       0.8926
    2338       0.9044
    2339       1.0018
    2340       0.7999
    2341       0.8544
    2342       0.8805
    2343       0.9482
    2344       0.7569
    2345       0.8800
    2346       0.9855
    2347       0.8951
    2348       0.6607
    2349       1.2441
    2350       0.9189
    2351       0.8943
    2352       0.8803
    2353       0.6993
    2354       0.7325
    2355       0.6476
    2356       0.6809
    2357       0.8401
    2358       0.7123
    2359       0.8211
    2360       0.9391
    2361       0.5931
    2362       0.9020
    2363       1.0948
    2364       1.0934
    2365       0.6694
    2366       0.9828
    2367       0.7724
    2368       0.7408
    2369       0.6137
    2370       0.7591
    2371       0.8523
    2372       0.7237
    2373       1.1745
    2374       0.8412
    2375       0.8820
    2376       1.1131
    2377       0.5829
    2378       0.8427
    2379       1.1058
    2380       1.1222
    2381       1.2253
    2382       1.1197
    2383       1.1628
    2384       1.1781
    2385       1.0305
    2386       1.0729
    2387       1.0102
    2388       1.1115
    2389       0.9702
    2390       1.1562
    2391       0.9247
    2392       0.9296
    2393       0.8944
    2394       0.9971
    2395       0.9511
    2396       1.1152
    2397       0.9226
    2398       0.8683
    2399       1.0259
    2400       0.8057
    2401       0.8925
    2402       0.9233
    2403       0.9273
    2404       0.9636
    2405       0.9540
    2406       0.8785
    2407       0.8509
    2408       0.9169
    2409       0.8072
    2410       0.8284
    2411       0.9973
    2412       0.7991
    2413       0.8769
    2414       0.8362
    2415       0.7909
    2416       0.7789
    2417       0.7603
    2418       0.8363
    2419       0.8713
    2420       0.8077
    2421       0.7990
    2422       0.7885
    2423       0.6957
    2424       0.7872
    2425       0.7653
    2426       0.6860
    2427       0.8486
    2428       0.9567
    2429       0.7575
    2430       1.1483
    2431       0.6872
    2432       0.7669
    2433       1.0272
    2434       0.8379
    2435       0.7386
    2436       1.0139
    2437       0.7396
    2438       0.7418
    2439       0.8247
    2440       0.6592
    2441       0.7510
    2442       0.6521
    2443       0.7298
    2444       0.8415
    2445       0.7128
    2446       0.9365
    2447       0.6891
    2448       0.8729
    2449       0.6767
    2450       0.7602
    2451       0.9374
    2452       0.8373
    2453       0.8230
    2454       0.7091
    2455       0.9312
    2456       1.3161
    2457       0.7824
    2458       0.7002
    2459       0.6847
    2460       0.8576
    2461       1.1045
    2462       0.6469
    2463       0.6752
    2464       0.6977
    2465       0.6371
    2466       0.8330
    2467       0.6652
    2468       0.7251
    2469       0.7210
    2470       0.6770
    2471       0.9313
    2472       0.6980
    2473       0.6285
    2474       0.6051
    2475       1.0711
    2476       0.6670
    2477       0.9095
    2478       0.6744
    2479       0.5716
    2480       0.6661
    2481       0.8268
    2482       1.3331
    2483       1.0692
    2484       0.7359
    2485       0.7032
    2486       0.7849
    2487       1.1805
    2488       0.8031
    2489       1.0842
    2490       0.7338
    2491       0.6317
    2492       0.6970
    2493       0.6100
    2494       0.6421
    2495       0.7999
    2496       0.9945
    2497       0.7755
    2498       0.7883
    2499       0.7412
    2500       0.7216
    2501       0.6047
    2502       0.6369
    2503       0.9877
    2504       0.7626
    2505       0.6784
    2506       0.5865
    2507       0.6234
    2508       0.6852
    2509       0.5895
    2510       0.6929
    2511       0.7443
    2512       0.8032
    2513       0.7874
    2514       0.8231
    2515       0.7196
    2516       0.5948
    2517       0.7390
    2518       0.6042
    2519       0.6746
    2520       0.7219
    2521       0.6763
    2522       0.9057
    2523       0.7517
    2524       1.0681
    2525       0.6855
    2526       0.8548
    2527       0.6660
    2528       0.8950
    2529       0.6141
    2530       0.6473
    2531       0.8692
    2532       0.9384
    2533       1.0349
    2534       0.9794
    2535       1.1080
    2536       1.1453
    2537       1.0087
    2538       0.8964
    2539       0.8380
    2540       0.7136
    2541       0.7235
    2542       1.1409
    2543       0.8838
    2544       1.3681
    2545       1.1169
    2546       0.6586
    2547       0.6058
    2548       0.6416
    2549       0.5667
    2550       0.8730
    2551       0.7868
    2552       0.8621
    2553       0.9091
    2554       0.8952
    2555       0.6462
    2556       1.0146
    2557       0.8711
    2558       0.6209
    2559       1.0036
    2560       0.5749
    2561       0.6914
    2562       0.7564
    2563       0.5556
    2564       0.6170
    2565       0.6494
    2566       0.8687
    2567       0.6407
    2568       0.9527
    2569       0.9448
    2570       0.6658
    2571       0.7388
    2572       0.9180
    2573       0.7827
    2574       0.8333
    2575       0.6202
    2576       1.0466
    2577       0.8289
    2578       0.9182
    2579       0.6493
    2580       0.6468
    2581       0.5979
    2582       0.7087
    2583       0.8250
    2584       0.6646
    2585       1.0241
    2586       1.0009
    2587       0.8406
    2588       0.6018
    2589       0.6532
    2590       0.8420
    2591       0.8097
    2592       0.8281
    2593       0.9953
    2594       0.8792
    2595       1.1205
    2596       0.9438
    2597       0.8629
    2598       0.8448
    2599       0.8659
    2600       0.8264
    2601       1.0483
    2602       0.8406
    2603       0.7510
    2604       0.7581
    2605       0.9545
    2606       0.7637
    2607       1.0735
    2608       1.2356
    2609       0.8008
    2610       0.8834
    2611       0.5311
    2612       0.6557
    2613       0.8422
    2614       0.6310
    2615       0.8279
    2616       0.7751
    2617       0.7895
    2618       1.0657
    2619       0.7335
    2620       0.9872
    2621       0.6729
    2622       0.4892
    2623       0.6216
    2624       0.7697
    2625       0.7907
    2626       0.6457
    2627       0.8853
    2628       0.7476
    2629       0.9316
    2630       1.0399
    2631       0.9865
    2632       1.0322
    2633       0.8662
    2634       0.9232
    2635       0.8549
    2636       0.8625
    2637       0.5557
    2638       0.8319
    2639       0.7897
    2640       1.1911
    2641       1.2251
    2642       1.1480
    2643       1.1203
    2644       1.1006
    2645       1.0079
    2646       1.2916
    2647       1.0736
    2648       1.0636
    2649       1.1240
    2650       1.2017
    2651       1.1225
    2652       1.1310
    2653       1.1187
    2654       0.9740
    2655       1.0573
    2656       0.9580
    2657       1.1538
    2658       0.9730
    2659       1.0816
    2660       0.9245
    2661       0.8944
    2662       0.9294
    2663       0.9238
    2664       0.9107
    2665       0.9061
    2666       0.8269
    2667       0.8566
    2668       0.9063
    2669       0.9934
    2670       0.9220
    2671       0.7998
    2672       1.0542
    2673       0.9062
    2674       0.8853
    2675       0.8313
    2676       0.8532
    2677       0.7607
    2678       0.8259
    2679       0.7925
    2680       0.7775
    2681       1.0440
    2682       0.7228
    2683       0.7414
    2684       0.7706
    2685       0.7417
    2686       0.6899
    2687       0.9594
    2688       0.9225
    2689       1.0193
    2690       1.0447
    2691       1.1262
    2692       0.8482
    2693       0.8112
    2694       0.6947
    2695       0.7675
    2696       0.6916
    2697       0.9532
    2698       0.8955
    2699       1.0700
    2700       0.6533
    2701       0.7903
    2702       0.8917
    2703       0.9200
    2704       1.1050
    2705       0.8062
    2706       0.8389
    2707       0.6777
    2708       0.8253
    2709       0.7868
    2710       0.6975
    2711       0.7901
    2712       0.6666
    2713       1.0293
    2714       0.6963
    2715       0.7660
    2716       0.6818
    2717       0.7139
    2718       1.0064
    2719       0.7933
    2720       0.8091
    2721       0.7095
    2722       0.7018
    2723       0.7756
    2724       0.8052
    2725       0.9315
    2726       0.8565
    2727       0.8158
    2728       1.0002
    2729       0.8565
    2730       0.7992
    2731       0.9378
    2732       0.9893
    2733       0.9270
    2734       1.0240
    2735       0.8614
    2736       0.7909
    2737       1.2326
    2738       0.8146
    2739       1.1410
    2740       0.6951
    2741       0.6456
    2742       0.7491
    2743       0.6922
    2744       0.9560
    2745       0.8271
    2746       1.0377
    2747       0.7092
    2748       0.8036
    2749       0.7930
    2750       0.7609
    2751       0.8310
    2752       0.9194
    2753       0.5568
    2754       0.6709
    2755       0.8217
    2756       0.7853
    2757       0.7017
    2758       0.7877
    2759       0.8806
    2760       0.6769
    2761       0.6273
    2762       0.9889
    2763       0.6990
    2764       0.6401
    2765       1.0850
    2766       0.8996
    2767       0.8478
    2768       1.0057
    2769       1.2232
    2770       0.6214
    2771       0.7688
    2772       1.0036
    2773       0.6897
    2774       0.7628
    2775       0.8228
    2776       1.1197
    2777       0.7686
    2778       1.0186
    2779       0.8213
    2780       1.0783
    2781       0.8478
    2782       0.8540
    2783       0.8175
    2784       0.9888
    2785       0.7143
    2786       0.7963
    2787       1.3343
    2788       0.7701
    2789       0.7653
    2790       1.0748
    2791       1.0585
    2792       0.9372
    2793       0.7770
    2794       0.7376
    2795       0.6004
    2796       0.7525
    2797       0.9031
    2798       1.0558
    2799       0.7454
    2800       0.7205
    2801       0.6228
    2802       0.9993
    2803       0.9368
    2804       0.7390
    2805       0.7691
    2806       0.5471
    2807       0.7013
    2808       0.6568
    2809       0.7555
    2810       0.7931
    2811       0.8254
    2812       0.8690
    2813       0.7955
    2814       0.8122
    2815       0.7594
    2816       0.7431
    2817       0.8650
    2818       0.8778
    2819       0.6801
    2820       0.8923
    2821       0.8113
    2822       0.7947
    2823       0.8336
    2824       0.6613
    2825       0.9032
    2826       0.7810
    2827       1.1033
    2828       1.0405
    2829       0.8498
    2830       0.8462
    2831       0.7813
    2832       0.9331
    2833       0.9292
    2834       0.7435
    2835       0.7033
    2836       1.2080
    2837       0.9821
    2838       1.0945
    2839       0.7480
    2840       0.7425
    2841       0.8038
    2842       0.8903
    2843       1.0219
    2844       1.0049
    2845       0.6818
    2846       0.9281
    2847       0.9710
    2848       0.9825
    2849       1.0143
    2850       1.0575
    2851       0.6443
    2852       0.6915
    2853       0.6351
    2854       0.9050
    2855       0.7420
    2856       0.8715
    2857       0.7469
    2858       0.7853
    2859       0.6493
    2860       1.1187
    2861       1.1597
    2862       0.7115
    2863       0.8449
    2864       0.7696
    2865       0.8129
    2866       0.8008
    2867       0.9207
    2868       0.8022
    2869       0.8747
    2870       0.8496
    2871       0.5220
    2872       0.8787
    2873       0.8409
    2874       0.8984
    2875       0.6702
    2876       0.9308
    2877       1.1984
    2878       1.2742
    2879       1.1358
    2880       1.1783
    2881       1.1213
    2882       1.1591
    2883       1.0376
    2884       1.0644
    2885       1.0046
    2886       1.1414
    2887       1.1029
    2888       1.0070
    2889       1.0658
    2890       0.9999
    2891       1.0980
    2892       1.0023
    2893       0.9283
    2894       1.0114
    2895       1.0133
    2896       0.8928
    2897       0.8931
    2898       0.9837
    2899       1.0078
    2900       0.8363
    2901       0.8731
    2902       0.8626
    2903       0.9527
    2904       0.7632
    2905       0.9945
    2906       0.8171
    2907       0.8770
    2908       0.7959
    2909       0.8186
    2910       0.8764
    2911       1.0558
    2912       0.8249
    2913       0.8049
    2914       0.8799
    2915       0.7441
    2916       0.7815
    2917       0.7115
    2918       0.8860
    2919       0.7946
    2920       0.8104
    2921       0.7601
    2922       0.7720
    2923       0.7354
    2924       0.7115
    2925       0.7575
    2926       0.6708
    2927       0.7819
    2928       0.7240
    2929       0.6974
    2930       0.7845
    2931       0.7143
    2932       1.0621
    2933       0.8361
    2934       0.8198
    2935       0.7787
    2936       0.7679
    2937       0.8598
    2938       0.9065
    2939       0.7192
    2940       0.8196
    2941       0.6911
    2942       0.8281
    2943       0.7990
    2944       0.6975
    2945       0.7129
    2946       1.0198
    2947       0.6501
    2948       0.7516
    2949       0.8637
    2950       0.8650
    2951       0.7493
    2952       0.6457
    2953       0.9542
    2954       0.7974
    2955       0.9572
    2956       0.5468
    2957       0.7516
    2958       1.0751
    2959       1.2180
    2960       1.0736
    2961       1.1959
    2962       0.7954
    2963       0.7437
    2964       0.9273
    2965       0.9538
    2966       0.8569
    2967       1.0661
    2968       0.6795
    2969       0.7238
    2970       0.7160
    2971       0.8277
    2972       0.7838
    2973       0.8329
    2974       0.8865
    2975       0.6119
    2976       0.7615
    2977       0.9280
    2978       0.6817
    2979       0.7723
    2980       0.8442
    2981       0.7531
    2982       0.9056
    2983       0.8846
    2984       1.0457
    2985       0.9305
    2986       0.9018
    2987       1.0139
    2988       0.8318
    2989       0.6985
    2990       0.9255
    2991       0.7970
    2992       1.0962
    2993       0.6622
    2994       0.7796
    2995       0.9656
    2996       0.8216
    2997       0.7622
    2998       0.9520
    2999       1.0024
    3000       0.9267
    3001       0.8779
    3002       1.1088
    3003       1.0744
    3004       0.8713
    3005       0.8960
    3006       0.9027
    3007       0.9065
    3008       1.0543
    3009       0.8765
    3010       0.8746
    3011       0.7760
    3012       1.1877
    3013       0.8536
    3014       0.8912
    3015       0.6091
    3016       0.8303
    3017       0.9064
    3018       1.0843
    3019       0.7058
    3020       0.7582
    3021       0.9968
    3022       0.7461
    3023       0.6451
    3024       0.8701
    3025       0.9650
    3026       0.7135
    3027       0.6451
    3028       0.8258
    3029       0.7705
    3030       0.9060
    3031       0.6962
    3032       1.0082
    3033       0.9860
    3034       1.0566
    3035       0.7528
    3036       0.7664
    3037       0.9492
    3038       1.0235
    3039       0.6990
    3040       1.0392
    3041       0.9543
    3042       0.6563
    3043       0.8394
    3044       0.9013
    3045       0.7849
    3046       0.8512
    3047       1.0131
    3048       0.9622
    3049       0.7567
    3050       0.8871
    3051       1.1159
    3052       1.0570
    3053       1.0694
    3054       0.7928
    3055       0.5874
    3056       0.5923
    3057       0.9234
    3058       0.7463
    3059       1.1288
    3060       1.0969
    3061       0.6879
    3062       0.8893
    3063       0.7459
    3064       0.8778
    3065       0.8306
    3066       0.7558
    3067       1.0004
    3068       0.8332
    3069       1.1065
    3070       0.7936
    3071       1.0051
    3072       0.6909
    3073       1.2726
    3074       1.1775
    3075       1.1659
    3076       1.3249
    3077       1.1704
    3078       1.2539
    3079       1.4191
    3080       1.0849
    3081       1.0237
    3082       0.9875
    3083       1.0960
    3084       1.0315
    3085       0.9747
    3086       1.0511
    3087       0.9292
    3088       0.9107
    3089       0.9117
    3090       0.8817
    3091       0.9667
    3092       0.9236
    3093       0.8681
    3094       0.9163
    3095       0.8716
    3096       1.1806
    3097       0.8217
    3098       0.7863
    3099       0.8704
    3100       0.9258
    3101       0.9050
    3102       1.1649
    3103       0.8632
    3104       0.7358
    3105       0.9727
    3106       0.8973
    3107       1.1038
    3108       0.8773
    3109       0.8371
    3110       0.7580
    3111       0.7534
    3112       0.8006
    3113       0.7545
    3114       0.8950
    3115       0.7630
    3116       0.9076
    3117       0.7292
    3118       0.7820
    3119       0.7784
    3120       1.1457
    3121       1.2319
    3122       0.9216
    3123       1.0997
    3124       0.9292
    3125       1.0148
    3126       0.8408
    3127       0.7189
    3128       0.7272
    3129       0.8333
    3130       0.8270
    3131       0.7047
    3132       0.9940
    3133       0.6903
    3134       0.8757
    3135       0.6145
    3136       0.9065
    3137       1.1406
    3138       0.8216
    3139       0.7886
    3140       0.7253
    3141       1.0958
    3142       1.2467
    3143       0.9848
    3144       1.0571
    3145       1.0034
    3146       0.8825
    3147       1.2184
    3148       1.0439
    3149       0.9838
    3150       0.8357
    3151       0.6799
    3152       0.7555
    3153       1.2034
    3154       0.8170
    3155       0.9321
    3156       0.8797
    3157       0.8887
    3158       0.7705
    3159       0.7005
    3160       1.1038
    3161       0.9035
    3162       0.9293
    3163       0.6430
    3164       0.8913
    3165       1.0416
    3166       0.9287
    3167       0.8815
    3168       0.7914
    3169       0.8093
    3170       0.7908
    3171       0.9221
    3172       0.8908
    3173       0.8814
    3174       0.9372
    3175       1.0071
    3176       0.7760
    3177       1.2088
    3178       1.2152
    3179       0.9387
    3180       0.7928
    3181       0.9422
    3182       0.9950
    3183       1.0658
    3184       0.9922
    3185       0.9189
    3186       0.7696
    3187       0.7925
    3188       0.7788
    3189       0.9966
    3190       0.9736
    3191       0.6895
    3192       0.7793
    3193       0.8824
    3194       0.7591
    3195       0.9975
    3196       0.7829
    3197       0.7306
    3198       0.8700
    3199       0.7722
    3200       0.6867
    3201       0.9315
    3202       0.8424
    3203       0.9729
    3204       0.8047
    3205       0.9641
    3206       0.7769
    3207       0.8229
    3208       0.8279
    3209       0.8994
    3210       0.9683
    3211       0.8431
    3212       0.8364
    3213       0.8784
    3214       1.2574
    3215       1.0187
    3216       0.8627
    3217       0.8494
    3218       0.6284
    3219       0.6934
    3220       0.8021
    3221       0.9286
    3222       0.8256
    3223       0.7338
    3224       0.8179
    3225       0.9691
    3226       0.9156
    3227       0.9576
    3228       1.1317
    3229       0.8266
    3230       0.6822
    3231       1.1597
    3232       1.1615
    3233       1.2771
    3234       1.2225
    3235       1.1610
    3236       1.2102
    3237       1.1215
    3238       1.0532
    3239       1.1254
    3240       1.0607
    3241       1.0137
    3242       1.0291
    3243       1.0075
    3244       1.0538
    3245       0.9503
    3246       1.1183
    3247       1.0384
    3248       1.0326
    3249       0.9427
    3250       0.9355
    3251       0.9576
    3252       0.9567
    3253       0.8580
    3254       0.8875
    3255       0.8810
    3256       0.9090
    3257       0.8011
    3258       1.0734
    3259       0.8598
    3260       0.8597
    3261       0.8848
    3262       0.9025
    3263       0.8449
    3264       0.8050
    3265       0.8531
    3266       0.8065
    3267       1.0671
    3268       0.8236
    3269       0.8267
    3270       1.1330
    3271       0.8596
    3272       0.7537
    3273       0.7827
    3274       0.9112
    3275       0.7290
    3276       1.0794
    3277       0.8191
    3278       0.8450
    3279       1.1671
    3280       0.9118
    3281       0.8817
    3282       1.0301
    3283       1.0932
    3284       0.7835
    3285       0.7274
    3286       0.8486
    3287       0.7576
    3288       0.8176
    3289       0.8658
    3290       0.8839
    3291       0.7648
    3292       0.9115
    3293       1.1099
    3294       0.8299
    3295       0.7881
    3296       1.0145
    3297       1.0248
    3298       1.1134
    3299       0.8355
    3300       0.8260
    3301       0.8014
    3302       1.0458
    3303       1.2126
    3304       0.6666
    3305       0.8336
    3306       0.9483
    3307       0.7585
    3308       0.8300
    3309       0.7168
    3310       0.8884
    3311       0.9551
    3312       0.9798
    3313       0.9636
    3314       0.7273
    3315       1.0381
    3316       0.8327
    3317       0.9446
    3318       1.1839
    3319       1.0880
    3320       0.7856
    3321       0.9768
    3322       0.9751
    3323       1.0130
    3324       0.8975
    3325       1.1728
    3326       1.0631
    3327       1.0542
    3328       0.8853
    3329       1.0899
    3330       1.2120
    3331       0.8404
    3332       0.8153
    3333       1.0558
    3334       0.6897
    3335       0.9764
    3336       0.7316
    3337       0.6722
    3338       0.7595
    3339       0.8464
    3340       0.8915
    3341       1.1247
    3342       0.9207
    3343       0.8842
    3344       0.8024
    3345       0.8283
    3346       1.1395
    3347       0.8381
    3348       0.8819
    3349       1.2966
    3350       0.6978
    3351       0.7693
    3352       0.8063
    3353       0.9363
    3354       0.8278
    3355       0.8663
    3356       1.2641
    3357       1.2369
    3358       1.3916
    3359       1.2281
    3360       1.1350
    3361       1.1773
    3362       1.0721
    3363       1.0771
    3364       1.0724
    3365       1.0145
    3366       1.0261
    3367       1.0206
    3368       0.9656
    3369       1.0470
    3370       1.0766
    3371       1.0297
    3372       1.0130
    3373       1.0399
    3374       0.9716
    3375       0.9057
    3376       0.9267
    3377       0.8866
    3378       0.9565
    3379       0.9510
    3380       0.9579
    3381       0.9034
    3382       1.0051
    3383       0.8651
    3384       0.8808
    3385       0.8670
    3386       0.8608
    3387       0.9980
    3388       0.8362
    3389       0.9169
    3390       1.5018
    3391       0.8966
    3392       0.9248
    3393       0.8131
    3394       0.7468
    3395       0.9608
    3396       0.9362
    3397       1.0508
    3398       1.0337
    3399       0.8019
    3400       1.0846
    3401       1.5091
    3402       0.8391
    3403       0.7510
    3404       1.0712
    3405       0.9234
    3406       0.7776
    3407       1.0991
    3408       0.9535
    3409       0.8049
    3410       0.7372
    3411       1.2251
    3412       1.2069
    3413       1.1647
    3414       0.8457
    3415       1.0926
    3416       0.8712
    3417       0.8243
    3418       1.0208
    3419       0.8204
    3420       0.7647
    3421       0.8843
    3422       0.7813
    3423       0.7551
    3424       0.9125
    3425       0.9108
    3426       0.9546
    3427       1.1031
    3428       0.7973
    3429       1.0677
    3430       0.7311
    3431       0.8582
    3432       0.7444
    3433       0.7842
    3434       0.8941
    3435       0.8559
    3436       0.7293
    3437       0.9863
    3438       0.9864
    3439       0.7013
    3440       1.0868
    3441       0.8160
    3442       0.8113
    3443       1.2024
    3444       1.2372
    3445       1.1245
    3446       1.4492
    3447       1.1721
    3448       1.3297
    3449       1.1021
    3450       1.0687
    3451       1.0575
    3452       1.0508
    3453       1.1631
    3454       1.0534
    3455       0.9840
    3456       0.9173
    3457       0.9591
    3458       0.9821
    3459       1.0014
    3460       0.9705
    3461       0.9590
    3462       1.0109
    3463       0.9949
    3464       0.9017
    3465       0.9025
    3466       1.0977
    3467       0.9341
    3468       0.8605
    3469       0.8845
    3470       0.9610
    3471       1.0008
    3472       1.0171
    3473       0.8947
    3474       0.8567
    3475       0.8049
    3476       1.0772
    3477       0.9508
    3478       0.9197
    3479       0.8861
    3480       0.9169
    3481       1.3912
    3482       0.7981
    3483       0.9963
    3484       0.8892
    3485       0.8953
    3486       0.9883
    3487       0.9623
    3488       1.2338
    3489       0.8571
    3490       1.2192
    3491       0.7473
    3492       0.8771
    3493       1.0630
    3494       0.8264
    3495       0.9596
    3496       1.1115
    3497       0.8278
    3498       0.9430
    3499       0.9127
    3500       1.1322
    3501       0.8034
    3502       0.8319
    3503       0.8049
    3504       0.7579
    3505       0.9294
    3506       0.9040
    3507       0.8795
    3508       0.8988
    3509       0.9330
    3510       0.9197
    3511       1.0013
    3512       0.6533
    3513       1.2246
    3514       1.3905
    3515       1.2666
    3516       1.4034
    3517       1.2570
    3518       1.3264
    3519       1.2414
    3520       1.2394
    3521       1.1874
    3522       1.1787
    3523       1.1072
    3524       1.0196
    3525       1.0044
    3526       1.0125
    3527       0.9747
    3528       1.0018
    3529       1.0135
    3530       1.0108
    3531       0.9143
    3532       1.0856
    3533       0.9191
    3534       0.8645
    3535       1.1611
    3536       0.9673
    3537       0.9765
    3538       0.9579
    3539       0.9293
    3540       1.0396
    3541       0.9327
    3542       1.0995
    3543       1.0242
    3544       0.8621
    3545       1.1040
    3546       1.0042
    3547       1.0754
    3548       0.8579
    3549       1.1384
    3550       0.9699
    3551       0.8791
    3552       0.9994
    3553       0.9166
    3554       0.8056
    3555       0.8756
    3556       1.0284
    3557       0.8668
    3558       1.1457
    3559       1.1850
    3560       0.7875
    3561       0.8591
    3562       0.7917
    3563       1.1176
    3564       0.8231
