#Atom       AtomicFlx
  92.000       1.4188
 114.000       0.9939
 130.000       1.3996
 142.000       1.4021
 166.000       2.1274
 180.000       2.9061
 195.000       3.8928
 209.000       2.8536
 230.000       2.5903
 245.000       3.4813
 267.000       3.1755
 287.000       2.2768
 304.000       2.7907
 319.000       3.2941
 341.000       2.7136
 358.000       2.4352
 365.000       2.0367
 384.000       2.5289
 398.000       2.7930
 414.000       3.0432
 430.000       2.3941
 452.000       1.8446
 476.000       2.2304
 498.000       2.1472
 517.000       1.8479
 524.000       2.2201
 534.000       2.0471
 551.000       1.5849
 563.000       1.7223
 577.000       1.7661
 596.000       1.4883
 618.000       1.3126
 637.000       1.4996
 651.000       1.5704
 670.000       1.6842
 684.000       1.9613
 701.000       2.6158
 716.000       2.9514
 723.000       2.9889
 737.000       2.1094
 759.000       1.8936
 779.000       1.5450
 793.000       1.3954
 809.000       1.3035
 831.000       1.4139
 846.000       1.0894
 857.000       1.4743
 868.000       2.6929
 882.000       3.2400
 902.000       2.3633
 926.000       1.7645
 940.000       1.5600
 959.000       1.3654
 971.000       2.0135
 987.000       1.8261
1003.000       1.6869
1023.000       1.9394
1038.000       3.2493
1057.000       4.3231
1064.000       3.2593
1080.000       2.6216
1092.000       1.9288
1112.000       1.9244
1122.000       1.6842
1143.000       1.6119
1154.000       1.7807
1173.000       2.1335
1183.000       2.1940
1195.000       2.5624
1202.000       2.0708
1216.000       2.0385
1231.000       1.6372
1250.000       2.7522
1264.000       3.0881
1271.000       3.7666
1285.000       3.1069
1309.000       3.2585
1323.000       3.7319
1340.000       4.1281
1355.000       5.3176
1362.000       6.1351
1376.000       5.1723
1398.000       4.1235
1417.000       3.2929
1433.000       2.5589
1440.000       2.8124
1462.000       4.2784
1482.000       5.3198
1504.000       4.9530
1528.000       5.6374
1544.000       5.5320
1556.000       4.7172
1570.000       3.7501
1577.000       3.3034
1599.000       2.3542
1614.000       2.1437
1633.000       2.3446
1652.000       2.1169
1662.000       2.8178
1678.000       1.9014
1702.000       1.9523
1717.000       2.0886
1736.000       1.9644
1747.000       2.6199
1754.000       2.9758
1768.000       2.6140
1783.000       2.1415
1802.000       2.0485
1821.000       1.8646
1838.000       2.1313
1852.000       2.0774
1873.000       3.3854
1887.000       2.7420
1908.000       3.5009
1923.000       4.0152
1930.000       3.4218
1946.000       3.2462
1961.000       2.3027
1971.000       2.1504
1993.000       1.6378
