       0.000           0.0000
       1.000         221.7938
       2.000         431.0465
       3.000         635.7540
       4.000         849.5065
       5.000        1085.0642
       6.000        1297.4825
       7.000        1492.7803
       8.000        1744.7651
       9.000        1942.4819
      10.000        2184.6255
      11.000        2406.6304
      12.000        2589.0029
      13.000        2861.0320
      14.000        3058.0913
      15.000        3278.4956
      16.000        3491.1116
      17.000        3749.7856
      18.000        3914.8972
      19.000        4121.5776
      20.000        4348.8335
      21.000        4481.2236
      22.000        4585.3521
      23.000        4753.5742
      24.000        4765.0996
      25.000        4851.3345
      26.000        5030.5356
      27.000        5145.4111
      28.000        5254.5605
      29.000        5381.9038
      30.000        5444.6851
      31.000        5565.3213
      32.000        5624.3467
      33.000        5875.5327
      34.000        5942.5234
      35.000        6089.1206
      36.000        6129.1709
      37.000        6266.4878
      38.000        6332.7676
      39.000        6434.9341
      40.000        6537.2441
      41.000        6686.9082
      42.000        6836.5903
      43.000        6890.7446
      44.000        6963.9204
      45.000        7210.6187
      46.000        7214.6538
      47.000        7329.7744
      48.000        7431.6045
      49.000        7559.4370
      50.000        7722.5806
      51.000        7831.4902
      52.000        7970.9336
      53.000        7934.0850
      54.000        8086.9502
      55.000        8297.3242
      56.000        8249.9883
      57.000        8453.6660
      58.000        8533.6094
      59.000        8702.0518
      60.000        8598.7334
      61.000        8786.2021
      62.000        8861.8809
      63.000        8902.6260
      64.000        9090.1465
      65.000        9049.9424
      66.000        9126.3203
      67.000        9125.8545
      68.000        9166.6650
      69.000        9342.7148
      70.000        9377.3994
      71.000        9395.0869
      72.000        9463.0674
      73.000        9528.3223
      74.000        9568.8291
      75.000        9511.0264
      76.000        9641.5742
      77.000        9625.5654
      78.000        9636.0488
      79.000        9912.7500
      80.000        9727.4160
      81.000        9830.0645
      82.000       10037.1143
      83.000       10050.6611
      84.000        9956.0283
      85.000       10144.2617
      86.000       10280.8398
      87.000       10239.7275
      88.000       10278.4707
      89.000       10264.6572
      90.000       10408.0234
      91.000       10505.2852
      92.000       10586.9912
      93.000       10582.3662
      94.000       10562.5586
      95.000       10672.5752
      96.000       10765.4355
      97.000       10819.7832
      98.000       10805.2061
      99.000       10838.6045
     100.000       11004.9453
     101.000       10991.7900
     102.000       11036.2988
     103.000       11076.0322
     104.000       11199.5254
     105.000       11128.6836
     106.000       11168.2998
     107.000       11242.4004
     108.000       11372.2324
     109.000       11553.7285
     110.000       11493.4492
     111.000       11603.4443
     112.000       11590.3525
     113.000       11825.7764
     114.000       11652.2988
     115.000       11710.0156
     116.000       11927.5664
     117.000       11756.2939
     118.000       11913.6172
     119.000       11859.2031
     120.000       11947.1865
     121.000       12123.4951
     122.000       12290.0928
     123.000       12111.6875
     124.000       12332.0674
     125.000       12207.3213
     126.000       12357.8633
     127.000       12515.7910
     128.000       12534.7090
     129.000       12482.9424
     130.000       12573.3252
     131.000       12647.1875
     132.000       12661.2920
     133.000       12799.5342
     134.000       12788.2529
     135.000       12953.3682
     136.000       12995.6523
     137.000       12944.2695
     138.000       13149.8418
     139.000       13143.5342
     140.000       13214.3545
     141.000       13201.2070
     142.000       13214.1621
     143.000       13225.7568
     144.000       13255.0439
     145.000       13193.2520
     146.000       13119.2939
     147.000       13173.9287
     148.000       13213.3516
     149.000       13134.0693
     150.000       13048.4932
     151.000       13105.2344
     152.000       13144.0820
     153.000       13101.4336
     154.000       13223.0479
     155.000       13046.8057
     156.000       13314.1377
     157.000       13230.5781
     158.000       13151.3281
     159.000       13108.2910
     160.000       13092.5176
     161.000       13199.6934
     162.000       13232.7334
     163.000       13242.2393
     164.000       13111.8613
     165.000       13063.7734
     166.000       13191.4424
     167.000       13112.6182
     168.000       13134.0742
     169.000       13250.1865
     170.000       13181.3643
     171.000       13142.5713
     172.000       13199.8135
     173.000       13125.0146
     174.000       13105.4434
     175.000       13236.2207
     176.000       13002.9932
     177.000       13231.1504
     178.000       13132.8633
     179.000       13294.7559
     180.000       13101.3711
     181.000       13135.3936
     182.000       13207.0352
     183.000       13126.8848
     184.000       12968.4180
     185.000       13023.6465
     186.000       13219.5273
     187.000       13151.1689
     188.000       13037.8037
     189.000       13115.5859
     190.000       13047.7607
     191.000       13253.3389
     192.000       13326.8535
     193.000       13102.5049
     194.000       13270.3027
     195.000       13127.4766
     196.000       13127.1807
     197.000       13201.1992
     198.000       12977.4707
     199.000       13223.5752
     200.000       13210.2451
     201.000       13033.0293
     202.000       13184.0898
     203.000       13062.2490
     204.000       13069.4639
     205.000       13177.4756
     206.000       13181.3857
     207.000       13301.5215
     208.000       12997.4844
     209.000       13276.6406
     210.000       13230.3096
     211.000       13234.5703
     212.000       13107.1953
     213.000       13385.8301
     214.000       13186.6865
     215.000       13196.5059
     216.000       13209.7148
     217.000       13107.2852
     218.000       12997.9531
     219.000       13150.5918
     220.000       13252.7715
     221.000       13052.0117
     222.000       13160.8740
     223.000       13352.7100
     224.000       13129.1426
     225.000       13174.0293
     226.000       13016.4795
     227.000       13160.1582
     228.000       13095.6504
     229.000       13259.2920
     230.000       13199.0273
     231.000       13184.2188
     232.000       12953.4385
     233.000       13062.5957
     234.000       13345.7227
     235.000       13292.7637
     236.000       13272.1064
     237.000       13141.8145
     238.000       13062.8389
     239.000       13145.8281
     240.000       13271.1641
     241.000       13230.5264
     242.000       13048.6670
     243.000       13195.3740
     244.000       13190.5508
     245.000       13099.0508
     246.000       13062.5410
     247.000       13267.1338
     248.000       13115.8154
     249.000       13241.7988
     250.000       13165.2988
     251.000       13115.4111
     252.000       13277.8281
     253.000       13118.7070
     254.000       13249.0947
     255.000       13195.4551
     256.000       13037.7617
     257.000       13114.2363
     258.000       13136.9316
     259.000       13073.3262
     260.000       13105.2002
     261.000       13224.1055
     262.000       13062.8076
     263.000       13208.9385
     264.000       13249.6025
     265.000       13107.4951
     266.000       13146.5381
     267.000       13202.6016
     268.000       13173.4434
     269.000       13194.4746
     270.000       13264.7227
     271.000       13230.5322
     272.000       13317.5859
     273.000       13256.1592
     274.000       13279.9033
     275.000       13115.9229
     276.000       13145.7959
     277.000       13084.4434
     278.000       13234.9453
     279.000       13085.0596
     280.000       13043.6514
     281.000       13222.8682
     282.000       13141.4873
     283.000       13153.6182
     284.000       13145.5049
     285.000       13217.6006
     286.000       13204.6650
     287.000       13181.8633
     288.000       13057.4453
     289.000       13186.5088
     290.000       13025.4121
     291.000       13117.5527
     292.000       13320.0371
     293.000       13225.1309
     294.000       13349.2041
     295.000       13244.6562
     296.000       13013.4512
     297.000       13096.8701
     298.000       13135.4443
     299.000       13057.2822
     300.000       13049.7715
     301.000       13170.7246
     302.000       13191.5762
     303.000       13112.1973
     304.000       13130.9414
     305.000       13168.6982
     306.000       13096.5234
     307.000       13212.0010
     308.000       13036.8037
     309.000       13184.7822
     310.000       13172.8008
     311.000       13144.8125
     312.000       13132.5117
     313.000       13106.3643
     314.000       13140.4082
     315.000       13075.1104
     316.000       13205.6582
     317.000       13243.5459
     318.000       13067.9004
     319.000       13212.1953
     320.000       13114.1826
     321.000       13208.5410
     322.000       13192.9570
     323.000       13204.1045
     324.000       13081.0361
     325.000       13280.5625
     326.000       13262.3057
     327.000       13262.9971
     328.000       13324.2617
     329.000       13242.7100
     330.000       13270.4854
     331.000       13273.7578
     332.000       13201.1562
     333.000       13116.5215
     334.000       13196.8086
     335.000       13126.2188
     336.000       13241.7344
     337.000       13102.8789
     338.000       13154.4180
     339.000       13072.3906
     340.000       13005.1123
     341.000       13130.4004
     342.000       13267.2266
     343.000       13207.7168
     344.000       12998.1875
     345.000       13058.9668
     346.000       13307.1865
     347.000       13091.9580
     348.000       13210.9199
     349.000       13082.8955
     350.000       13143.0586
     351.000       13102.0283
     352.000       13082.1348
     353.000       13197.4688
     354.000       13204.4805
     355.000       13025.8965
     356.000       13178.7471
     357.000       13081.2383
     358.000       13171.5430
     359.000       13313.3418
     360.000       13159.9434
     361.000       13114.5596
     362.000       13049.8223
     363.000       13157.3691
     364.000       13229.5127
     365.000       13056.6230
     366.000       13128.5186
     367.000       13141.0391
     368.000       13305.8184
     369.000       13222.7227
     370.000       13233.7705
     371.000       13165.8926
     372.000       13226.7188
     373.000       13200.7061
     374.000       13114.9502
     375.000       13135.3604
     376.000       13099.7793
     377.000       13045.8789
     378.000       13146.8096
     379.000       12994.3184
     380.000       13024.7520
     381.000       13227.6270
     382.000       13210.0371
     383.000       13136.5918
     384.000       13113.2207
     385.000       13268.4805
     386.000       13089.5020
     387.000       13066.7158
     388.000       13119.1855
     389.000       13117.0977
     390.000       13147.7949
     391.000       13066.8516
     392.000       13130.3877
     393.000       13229.2539
     394.000       13158.9707
     395.000       13043.0547
     396.000       13006.5225
     397.000       13114.9004
     398.000       13207.2734
     399.000       13104.4170
     400.000       13229.0117
