       0.000      -90987.2277
       1.000      -79177.4163
       2.000      -79282.3067
       3.000      -79292.4905
       4.000      -79235.2525
       5.000      -79146.7636
       6.000      -79027.3265
       7.000      -78895.2079
       8.000      -78745.9727
       9.000      -78593.4182
      10.000      -78455.0074
      11.000      -78321.1645
      12.000      -78127.9078
      13.000      -77975.5711
      14.000      -77826.0239
      15.000      -77665.4948
      16.000      -77509.9827
      17.000      -77331.1434
      18.000      -77195.7122
      19.000      -77017.0258
      20.000      -76806.1103
      21.000      -76704.0853
      22.000      -76697.0575
      23.000      -76620.7829
      24.000      -76598.2460
      25.000      -76487.3342
      26.000      -76384.5519
      27.000      -76291.9229
      28.000      -76259.6548
      29.000      -76089.4505
      30.000      -76065.0023
      31.000      -75999.2851
      32.000      -75921.5694
      33.000      -75895.2036
      34.000      -75763.5697
      35.000      -75725.9549
      36.000      -75589.9798
      37.000      -75543.0987
      38.000      -75410.4853
      39.000      -75411.9841
      40.000      -75145.4868
      41.000      -75029.3803
      42.000      -75004.3739
      43.000      -74839.5152
      44.000      -74705.8411
      45.000      -74537.6015
      46.000      -74436.1701
      47.000      -74243.8121
      48.000      -74127.7861
      49.000      -73982.9035
      50.000      -73878.2159
      51.000      -73774.3119
      52.000      -73686.2070
      53.000      -73592.3952
      54.000      -73312.6162
      55.000      -73293.8151
      56.000      -73093.7481
      57.000      -73032.0554
      58.000      -72854.3443
      59.000      -72794.6939
      60.000      -72670.8338
      61.000      -72357.4692
      62.000      -72299.7308
      63.000      -72318.5071
      64.000      -72160.5311
      65.000      -71990.3707
      66.000      -71788.8969
      67.000      -71713.4973
      68.000      -71658.4245
      69.000      -71538.0370
      70.000      -71525.0472
      71.000      -71383.1669
      72.000      -71247.8525
      73.000      -71132.8731
      74.000      -71123.7043
      75.000      -70971.0989
      76.000      -70893.4672
      77.000      -70777.3469
      78.000      -70731.5698
      79.000      -70450.0620
      80.000      -70337.5900
      81.000      -70271.4615
      82.000      -70155.5429
      83.000      -70003.0159
      84.000      -69997.1960
      85.000      -69848.2953
      86.000      -69592.9650
      87.000      -69534.0183
      88.000      -69376.6101
      89.000      -69223.4959
      90.000      -69149.1548
      91.000      -68981.8246
      92.000      -69168.2287
      93.000      -68616.1043
      94.000      -68700.3818
      95.000      -68479.3530
      96.000      -68210.6856
      97.000      -68228.0363
      98.000      -67964.3760
      99.000      -67979.8036
     100.000      -67923.9991
     101.000      -67687.2471
     102.000      -67543.2113
     103.000      -67301.6076
     104.000      -67170.1986
     105.000      -66947.1950
     106.000      -66848.0646
     107.000      -66866.6005
     108.000      -66877.4163
     109.000      -66524.3260
     110.000      -66781.5787
     111.000      -66409.7102
     112.000      -66321.6682
     113.000      -66062.8747
     114.000      -65977.6115
     115.000      -65913.1619
     116.000      -66094.0872
     117.000      -65976.4347
     118.000      -65701.4885
     119.000      -65501.8925
     120.000      -65450.1541
     121.000      -65149.4601
     122.000      -65305.9857
     123.000      -65129.0526
     124.000      -64991.8383
     125.000      -64920.8169
     126.000      -64775.6397
     127.000      -64688.3702
     128.000      -64390.8988
     129.000      -64391.8863
     130.000      -64230.6906
     131.000      -64145.9038
     132.000      -63885.3078
     133.000      -63933.0162
     134.000      -64037.1829
     135.000      -63790.8729
     136.000      -63648.8072
     137.000      -63664.8071
     138.000      -63410.1155
     139.000      -63170.6980
     140.000      -63272.3638
     141.000      -63262.4735
     142.000      -63441.0324
     143.000      -63164.5937
     144.000      -63238.3769
     145.000      -63129.7543
     146.000      -63129.1308
     147.000      -63211.0191
     148.000      -63296.8998
     149.000      -63256.1726
     150.000      -63166.7107
     151.000      -63240.9065
     152.000      -63133.8548
     153.000      -63253.7327
     154.000      -63143.9250
     155.000      -63228.0097
     156.000      -63244.0739
     157.000      -63338.5887
     158.000      -63293.2745
     159.000      -63282.4511
     160.000      -63434.6377
     161.000      -63048.0413
     162.000      -63278.3970
     163.000      -63417.4317
     164.000      -63047.6449
     165.000      -63333.1513
     166.000      -63148.6646
     167.000      -63102.2833
     168.000      -63327.2522
     169.000      -63120.9717
     170.000      -63252.2049
     171.000      -63346.2978
     172.000      -63366.7558
     173.000      -63283.3518
     174.000      -63179.9983
     175.000      -63184.9784
     176.000      -63251.9104
     177.000      -63248.2707
     178.000      -63237.0648
     179.000      -63340.0928
     180.000      -63103.4372
     181.000      -63281.1071
     182.000      -63144.8545
     183.000      -63262.9812
     184.000      -63258.7537
     185.000      -63683.2128
     186.000      -63376.1540
     187.000      -63355.6829
     188.000      -63320.7238
     189.000      -63210.2834
     190.000      -63364.2812
     191.000      -63367.2614
     192.000      -63423.7510
     193.000      -63405.7964
     194.000      -63302.3955
     195.000      -63263.2477
     196.000      -63334.5741
     197.000      -63525.3613
     198.000      -63302.4143
     199.000      -63537.2837
     200.000      -63271.9695
     201.000      -63321.6301
     202.000      -63296.1309
     203.000      -63408.1860
     204.000      -63188.3420
     205.000      -63285.7306
     206.000      -63128.3568
     207.000      -63197.4484
     208.000      -63236.0598
     209.000      -63387.8711
     210.000      -63465.5491
     211.000      -63380.1317
     212.000      -63174.7892
     213.000      -63527.8392
     214.000      -63498.9240
     215.000      -63286.6122
     216.000      -63440.4162
     217.000      -63417.1406
     218.000      -63358.3207
     219.000      -63326.8618
     220.000      -63370.4326
     221.000      -63420.2458
     222.000      -63590.8236
     223.000      -63454.7886
     224.000      -63343.8350
     225.000      -63632.8089
     226.000      -63425.0251
     227.000      -63486.9479
     228.000      -63462.3867
     229.000      -63454.0998
     230.000      -63512.0115
     231.000      -63300.4280
     232.000      -63373.3185
     233.000      -63439.7149
     234.000      -63573.4354
     235.000      -63479.3332
     236.000      -63402.2862
     237.000      -63511.0105
     238.000      -63660.6467
     239.000      -63652.9780
     240.000      -63508.8578
     241.000      -63485.4482
     242.000      -63466.5798
     243.000      -63744.6125
     244.000      -63565.9841
     245.000      -63567.3639
     246.000      -63578.7007
     247.000      -63692.4917
     248.000      -63305.1014
     249.000      -63594.9786
     250.000      -63464.8753
     251.000      -63579.2509
     252.000      -63489.6233
     253.000      -63451.2346
     254.000      -63457.4350
     255.000      -63586.7688
     256.000      -63667.3458
     257.000      -63652.5231
     258.000      -63651.1982
     259.000      -63484.8246
     260.000      -63635.0074
     261.000      -63750.3037
     262.000      -63833.9965
     263.000      -63645.8442
     264.000      -63764.0251
     265.000      -63671.3138
     266.000      -63609.1941
     267.000      -63731.9432
     268.000      -63579.0261
     269.000      -63668.2989
     270.000      -63373.1764
     271.000      -63662.4686
     272.000      -63831.7723
     273.000      -63791.3787
     274.000      -63813.2106
     275.000      -63702.4914
     276.000      -63612.4676
     277.000      -63847.9929
     278.000      -63874.2706
     279.000      -63554.2249
     280.000      -63560.1595
     281.000      -63578.1652
     282.000      -63742.6314
     283.000      -63651.4743
     284.000      -63734.7287
     285.000      -63682.3418
     286.000      -63766.1445
     287.000      -63768.2817
     288.000      -63695.3639
     289.000      -63794.1972
     290.000      -63625.6625
     291.000      -63706.8139
     292.000      -63810.1583
     293.000      -63449.2353
     294.000      -63770.2691
     295.000      -63751.7360
     296.000      -63712.1698
     297.000      -63765.4445
     298.000      -63573.5342
     299.000      -63705.3578
     300.000      -63755.8168
     301.000      -63636.6522
     302.000      -63780.8198
     303.000      -63847.2418
     304.000      -63569.9715
     305.000      -63779.8650
     306.000      -64034.4220
     307.000      -63820.9311
     308.000      -63882.2907
     309.000      -63776.4505
     310.000      -63836.7114
     311.000      -63912.9537
     312.000      -63953.7198
     313.000      -63961.7917
     314.000      -63804.2222
     315.000      -63717.7254
     316.000      -63961.7777
     317.000      -63907.6138
     318.000      -63864.3956
     319.000      -64073.8813
     320.000      -63930.4873
     321.000      -63919.6943
     322.000      -63939.5601
     323.000      -63844.2113
     324.000      -63804.2959
     325.000      -63905.2159
     326.000      -63954.9515
     327.000      -63867.7962
     328.000      -64005.8377
     329.000      -64032.3368
     330.000      -63823.1626
     331.000      -63901.1885
     332.000      -63945.1327
     333.000      -63919.9384
     334.000      -63733.1488
     335.000      -63843.7339
     336.000      -63742.8855
     337.000      -64003.5520
     338.000      -64033.1272
     339.000      -64127.1815
     340.000      -64038.5948
     341.000      -63829.9382
     342.000      -63805.7005
     343.000      -63979.7813
     344.000      -64159.9545
     345.000      -64031.2796
     346.000      -63756.4412
     347.000      -63814.2481
     348.000      -63758.7365
     349.000      -63788.6224
     350.000      -63830.3784
     351.000      -63979.0053
     352.000      -63899.1731
     353.000      -63831.5127
     354.000      -63878.4263
     355.000      -64197.5868
     356.000      -64009.0862
     357.000      -63951.2009
     358.000      -63932.5739
     359.000      -63850.2681
     360.000      -64000.1148
     361.000      -63808.7188
     362.000      -63863.9555
     363.000      -64147.0413
     364.000      -63948.3411
     365.000      -63979.4130
     366.000      -64149.7637
     367.000      -63853.1737
     368.000      -63977.1310
     369.000      -64031.2712
     370.000      -63775.3600
     371.000      -63719.2021
     372.000      -63768.9456
     373.000      -63962.7051
     374.000      -63692.1861
     375.000      -63926.9010
     376.000      -63790.4881
     377.000      -64035.3558
     378.000      -63740.1033
     379.000      -63663.3338
     380.000      -63899.1489
     381.000      -63960.6542
     382.000      -63917.8358
     383.000      -64048.1090
     384.000      -63756.9957
     385.000      -63844.2627
     386.000      -64058.3517
     387.000      -63847.4136
     388.000      -63936.0852
     389.000      -63998.2383
     390.000      -63882.8491
     391.000      -63825.8616
     392.000      -63707.1821
     393.000      -63894.3910
     394.000      -63807.4005
     395.000      -63903.5742
     396.000      -63927.9255
     397.000      -64006.2022
     398.000      -63846.3385
     399.000      -63791.8548
     400.000      -63838.2391
