       0.000      -90987.2277
       1.000      -78955.6225
       2.000      -78851.2602
       3.000      -78656.7365
       4.000      -78385.7460
       5.000      -78061.6993
       6.000      -77729.8439
       7.000      -77402.4276
       8.000      -77001.2075
       9.000      -76650.9363
      10.000      -76270.3820
      11.000      -75914.5341
      12.000      -75538.9049
      13.000      -75114.5391
      14.000      -74767.9326
      15.000      -74386.9992
      16.000      -74018.8712
      17.000      -73581.3578
      18.000      -73280.8149
      19.000      -72895.4482
      20.000      -72457.2768
      21.000      -72222.8617
      22.000      -72111.7055
      23.000      -71867.2087
      24.000      -71833.1464
      25.000      -71635.9997
      26.000      -71354.0163
      27.000      -71146.5117
      28.000      -71005.0943
      29.000      -70707.5467
      30.000      -70620.3172
      31.000      -70433.9638
      32.000      -70297.2227
      33.000      -70019.6709
      34.000      -69821.0462
      35.000      -69636.8343
      36.000      -69460.8089
      37.000      -69276.6109
      38.000      -69077.7178
      39.000      -68977.0501
      40.000      -68608.2427
      41.000      -68342.4721
      42.000      -68167.7836
      43.000      -67948.7705
      44.000      -67741.9207
      45.000      -67326.9829
      46.000      -67221.5163
      47.000      -66914.0377
      48.000      -66696.1816
      49.000      -66423.4665
      50.000      -66155.6353
      51.000      -65942.8216
      52.000      -65715.2734
      53.000      -65658.3102
      54.000      -65225.6660
      55.000      -64996.4909
      56.000      -64843.7598
      57.000      -64578.3893
      58.000      -64320.7350
      59.000      -64092.6422
      60.000      -64072.1004
      61.000      -63571.2670
      62.000      -63437.8499
      63.000      -63415.8811
      64.000      -63070.3846
      65.000      -62940.4283
      66.000      -62662.5766
      67.000      -62587.6428
      68.000      -62491.7595
      69.000      -62195.3221
      70.000      -62147.6478
      71.000      -61988.0800
      72.000      -61784.7851
      73.000      -61604.5509
      74.000      -61554.8752
      75.000      -61460.0725
      76.000      -61251.8929
      77.000      -61151.7814
      78.000      -61095.5210
      79.000      -60537.3120
      80.000      -60610.1740
      81.000      -60441.3970
      82.000      -60118.4286
      83.000      -59952.3548
      84.000      -60041.1677
      85.000      -59704.0336
      86.000      -59312.1252
      87.000      -59294.2908
      88.000      -59098.1394
      89.000      -58958.8387
      90.000      -58741.1313
      91.000      -58476.5394
      92.000      -58581.2375
      93.000      -58033.7380
      94.000      -58137.8232
      95.000      -57806.7778
      96.000      -57445.2501
      97.000      -57408.2531
      98.000      -57159.1699
      99.000      -57141.1991
     100.000      -56919.0538
     101.000      -56695.4570
     102.000      -56506.9125
     103.000      -56225.5754
     104.000      -55970.6732
     105.000      -55818.5114
     106.000      -55679.7648
     107.000      -55624.2001
     108.000      -55505.1838
     109.000      -54970.5975
     110.000      -55288.1295
     111.000      -54806.2659
     112.000      -54731.3156
     113.000      -54237.0984
     114.000      -54325.3127
     115.000      -54203.1463
     116.000      -54166.5208
     117.000      -54220.1407
     118.000      -53787.8713
     119.000      -53642.6893
     120.000      -53502.9675
     121.000      -53025.9650
     122.000      -53015.8929
     123.000      -53017.3651
     124.000      -52659.7709
     125.000      -52713.4956
     126.000      -52417.7765
     127.000      -52172.5792
     128.000      -51856.1898
     129.000      -51908.9439
     130.000      -51657.3654
     131.000      -51498.7163
     132.000      -51224.0158
     133.000      -51133.4821
     134.000      -51248.9300
     135.000      -50837.5047
     136.000      -50653.1549
     137.000      -50720.5376
     138.000      -50260.2737
     139.000      -50027.1638
     140.000      -50058.0093
     141.000      -50061.2665
     142.000      -50226.8703
     143.000      -49938.8369
     144.000      -49983.3329
     145.000      -49936.5024
     146.000      -50009.8368
     147.000      -50037.0904
     148.000      -50083.5482
     149.000      -50122.1033
     150.000      -50118.2175
     151.000      -50135.6721
     152.000      -49989.7727
     153.000      -50152.2991
     154.000      -49920.8772
     155.000      -50181.2040
     156.000      -49929.9362
     157.000      -50108.0106
     158.000      -50141.9463
     159.000      -50174.1601
     160.000      -50342.1201
     161.000      -49848.3479
     162.000      -50045.6636
     163.000      -50175.1925
     164.000      -49935.7836
     165.000      -50269.3779
     166.000      -49957.2222
     167.000      -49989.6651
     168.000      -50193.1780
     169.000      -49870.7852
     170.000      -50070.8407
     171.000      -50203.7265
     172.000      -50166.9424
     173.000      -50158.3372
     174.000      -50074.5550
     175.000      -49948.7577
     176.000      -50248.9172
     177.000      -50017.1203
     178.000      -50104.2015
     179.000      -50045.3370
     180.000      -50002.0661
     181.000      -50145.7136
     182.000      -49937.8194
     183.000      -50136.0964
     184.000      -50290.3358
     185.000      -50659.5663
     186.000      -50156.6267
     187.000      -50204.5140
     188.000      -50282.9200
     189.000      -50094.6974
     190.000      -50316.5204
     191.000      -50113.9225
     192.000      -50096.8975
     193.000      -50303.2916
     194.000      -50032.0928
     195.000      -50135.7711
     196.000      -50207.3934
     197.000      -50324.1621
     198.000      -50324.9436
     199.000      -50313.7085
     200.000      -50061.7244
     201.000      -50288.6008
     202.000      -50112.0411
     203.000      -50345.9369
     204.000      -50118.8781
     205.000      -50108.2551
     206.000      -49946.9711
     207.000      -49895.9269
     208.000      -50238.5754
     209.000      -50111.2305
     210.000      -50235.2395
     211.000      -50145.5614
     212.000      -50067.5939
     213.000      -50142.0091
     214.000      -50312.2375
     215.000      -50090.1063
     216.000      -50230.7013
     217.000      -50309.8554
     218.000      -50360.3676
     219.000      -50176.2700
     220.000      -50117.6611
     221.000      -50368.2341
     222.000      -50429.9496
     223.000      -50102.0786
     224.000      -50214.6925
     225.000      -50458.7796
     226.000      -50408.5456
     227.000      -50326.7897
     228.000      -50366.7363
     229.000      -50194.8078
     230.000      -50312.9841
     231.000      -50116.2093
     232.000      -50419.8800
     233.000      -50377.1192
     234.000      -50227.7127
     235.000      -50186.5695
     236.000      -50130.1798
     237.000      -50369.1960
     238.000      -50597.8079
     239.000      -50507.1498
     240.000      -50237.6937
     241.000      -50254.9219
     242.000      -50417.9128
     243.000      -50549.2385
     244.000      -50375.4333
     245.000      -50468.3132
     246.000      -50516.1597
     247.000      -50425.3579
     248.000      -50189.2860
     249.000      -50353.1798
     250.000      -50299.5764
     251.000      -50463.8398
     252.000      -50211.7952
     253.000      -50332.5275
     254.000      -50208.3403
     255.000      -50391.3137
     256.000      -50629.5840
     257.000      -50538.2868
     258.000      -50514.2666
     259.000      -50411.4984
     260.000      -50529.8072
     261.000      -50526.1982
     262.000      -50771.1889
     263.000      -50436.9057
     264.000      -50514.4226
     265.000      -50563.8186
     266.000      -50462.6560
     267.000      -50529.3416
     268.000      -50405.5827
     269.000      -50473.8242
     270.000      -50108.4537
     271.000      -50431.9364
     272.000      -50514.1864
     273.000      -50535.2195
     274.000      -50533.3073
     275.000      -50586.5685
     276.000      -50466.6717
     277.000      -50763.5495
     278.000      -50639.3253
     279.000      -50469.1653
     280.000      -50516.5081
     281.000      -50355.2970
     282.000      -50601.1441
     283.000      -50497.8562
     284.000      -50589.2238
     285.000      -50464.7413
     286.000      -50561.4794
     287.000      -50586.4185
     288.000      -50637.9186
     289.000      -50607.6884
     290.000      -50600.2504
     291.000      -50589.2611
     292.000      -50490.1212
     293.000      -50224.1044
     294.000      -50421.0650
     295.000      -50507.0798
     296.000      -50698.7187
     297.000      -50668.5743
     298.000      -50438.0899
     299.000      -50648.0755
     300.000      -50706.0453
     301.000      -50465.9276
     302.000      -50589.2436
     303.000      -50735.0445
     304.000      -50439.0301
     305.000      -50611.1668
     306.000      -50937.8985
     307.000      -50608.9301
     308.000      -50845.4870
     309.000      -50591.6683
     310.000      -50663.9106
     311.000      -50768.1412
     312.000      -50821.2081
     313.000      -50855.4275
     314.000      -50663.8140
     315.000      -50642.6150
     316.000      -50756.1195
     317.000      -50664.0679
     318.000      -50796.4952
     319.000      -50861.6860
     320.000      -50816.3047
     321.000      -50711.1533
     322.000      -50746.6031
     323.000      -50640.1068
     324.000      -50723.2597
     325.000      -50624.6534
     326.000      -50692.6458
     327.000      -50604.7991
     328.000      -50681.5760
     329.000      -50789.6268
     330.000      -50552.6772
     331.000      -50627.4307
     332.000      -50743.9765
     333.000      -50803.4169
     334.000      -50536.3402
     335.000      -50717.5152
     336.000      -50501.1511
     337.000      -50900.6731
     338.000      -50878.7092
     339.000      -51054.7909
     340.000      -51033.4825
     341.000      -50699.5378
     342.000      -50538.4739
     343.000      -50772.0645
     344.000      -51161.7670
     345.000      -50972.3128
     346.000      -50449.2547
     347.000      -50722.2901
     348.000      -50547.8166
     349.000      -50705.7269
     350.000      -50687.3198
     351.000      -50876.9770
     352.000      -50817.0383
     353.000      -50634.0440
     354.000      -50673.9458
     355.000      -51171.6903
     356.000      -50830.3391
     357.000      -50869.9626
     358.000      -50761.0310
     359.000      -50536.9263
     360.000      -50840.1715
     361.000      -50694.1592
     362.000      -50814.1333
     363.000      -50989.6722
     364.000      -50718.8284
     365.000      -50922.7900
     366.000      -51021.2452
     367.000      -50712.1347
     368.000      -50671.3126
     369.000      -50808.5485
     370.000      -50541.5895
     371.000      -50553.3095
     372.000      -50542.2268
     373.000      -50761.9991
     374.000      -50577.2359
     375.000      -50791.5407
     376.000      -50690.7088
     377.000      -50989.4769
     378.000      -50593.2938
     379.000      -50669.0154
     380.000      -50874.3969
     381.000      -50733.0273
     382.000      -50707.7987
     383.000      -50911.5172
     384.000      -50643.7750
     385.000      -50575.7822
     386.000      -50968.8498
     387.000      -50780.6978
     388.000      -50816.8997
     389.000      -50881.1406
     390.000      -50735.0541
     391.000      -50759.0100
     392.000      -50576.7944
     393.000      -50665.1371
     394.000      -50648.4298
     395.000      -50860.5195
     396.000      -50921.4031
     397.000      -50891.3018
     398.000      -50639.0651
     399.000      -50687.4379
     400.000      -50609.2274
