       0.000       0.00
       1.000       5.06
       2.000       9.83
       3.000      14.50
       4.000      19.37
       5.000      24.74
       6.000      29.59
       7.000      34.04
       8.000      39.79
       9.000      44.30
      10.000      49.82
      11.000      54.88
      12.000      59.04
      13.000      65.24
      14.000      69.74
      15.000      74.76
      16.000      79.61
      17.000      85.51
      18.000      89.27
      19.000      93.99
      20.000      99.17
      21.000     102.19
      22.000     104.56
      23.000     108.40
      24.000     108.66
      25.000     110.63
      26.000     114.72
      27.000     117.33
      28.000     119.82
      29.000     122.73
      30.000     124.16
      31.000     126.91
      32.000     128.26
      33.000     133.98
      34.000     135.51
      35.000     138.86
      36.000     139.77
      37.000     142.90
      38.000     144.41
      39.000     146.74
      40.000     149.07
      41.000     152.49
      42.000     155.90
      43.000     157.14
      44.000     158.80
      45.000     164.43
      46.000     164.52
      47.000     167.15
      48.000     169.47
      49.000     172.38
      50.000     176.10
      51.000     178.59
      52.000     181.77
      53.000     180.93
      54.000     184.41
      55.000     189.21
      56.000     188.13
      57.000     192.78
      58.000     194.60
      59.000     198.44
      60.000     196.08
      61.000     200.36
      62.000     202.08
      63.000     203.01
      64.000     207.29
      65.000     206.37
      66.000     208.11
      67.000     208.10
      68.000     209.03
      69.000     213.05
      70.000     213.84
      71.000     214.24
      72.000     215.79
      73.000     217.28
      74.000     218.21
      75.000     216.89
      76.000     219.86
      77.000     219.50
      78.000     219.74
      79.000     226.05
      80.000     221.82
      81.000     224.16
      82.000     228.88
      83.000     229.19
      84.000     227.04
      85.000     231.33
      86.000     234.44
      87.000     233.50
      88.000     234.39
      89.000     234.07
      90.000     237.34
      91.000     239.56
      92.000     241.42
      93.000     241.32
      94.000     240.87
      95.000     243.38
      96.000     245.49
      97.000     246.73
      98.000     246.40
      99.000     247.16
     100.000     250.95
     101.000     250.65
     102.000     251.67
     103.000     252.58
     104.000     255.39
     105.000     253.78
     106.000     254.68
     107.000     256.37
     108.000     259.33
     109.000     263.47
     110.000     262.09
     111.000     264.60
     112.000     264.30
     113.000     269.67
     114.000     265.72
     115.000     267.03
     116.000     271.99
     117.000     268.09
     118.000     271.68
     119.000     270.43
     120.000     272.44
     121.000     276.46
     122.000     280.26
     123.000     276.19
     124.000     281.22
     125.000     278.37
     126.000     281.81
     127.000     285.41
     128.000     285.84
     129.000     284.66
     130.000     286.72
     131.000     288.40
     132.000     288.73
     133.000     291.88
     134.000     291.62
     135.000     295.39
     136.000     296.35
     137.000     295.18
     138.000     299.87
     139.000     299.72
     140.000     301.34
     141.000     301.04
     142.000     301.33
     143.000     301.60
     144.000     302.27
     145.000     300.86
     146.000     299.17
     147.000     300.42
     148.000     301.31
     149.000     299.51
     150.000     297.56
     151.000     298.85
     152.000     299.73
     153.000     298.76
     154.000     301.54
     155.000     297.52
     156.000     303.61
     157.000     301.71
     158.000     299.90
     159.000     298.92
     160.000     298.56
     161.000     301.00
     162.000     301.76
     163.000     301.97
     164.000     299.00
     165.000     297.90
     166.000     300.81
     167.000     299.02
     168.000     299.51
     169.000     302.15
     170.000     300.59
     171.000     299.70
     172.000     301.01
     173.000     299.30
     174.000     298.85
     175.000     301.84
     176.000     296.52
     177.000     301.72
     178.000     299.48
     179.000     303.17
     180.000     298.76
     181.000     299.54
     182.000     301.17
     183.000     299.34
     184.000     295.73
     185.000     296.99
     186.000     301.46
     187.000     299.90
     188.000     297.31
     189.000     299.09
     190.000     297.54
     191.000     302.23
     192.000     303.90
     193.000     298.79
     194.000     302.61
     195.000     299.36
     196.000     299.35
     197.000     301.04
     198.000     295.94
     199.000     301.55
     200.000     301.24
     201.000     297.20
     202.000     300.65
     203.000     297.87
     204.000     298.03
     205.000     300.50
     206.000     300.59
     207.000     303.33
     208.000     296.39
     209.000     302.76
     210.000     301.70
     211.000     301.80
     212.000     298.89
     213.000     305.25
     214.000     300.71
     215.000     300.93
     216.000     301.23
     217.000     298.90
     218.000     296.40
     219.000     299.88
     220.000     302.21
     221.000     297.64
     222.000     300.12
     223.000     304.49
     224.000     299.39
     225.000     300.42
     226.000     296.83
     227.000     300.10
     228.000     298.63
     229.000     302.36
     230.000     300.99
     231.000     300.65
     232.000     295.39
     233.000     297.88
     234.000     304.33
     235.000     303.13
     236.000     302.65
     237.000     299.68
     238.000     297.88
     239.000     299.77
     240.000     302.63
     241.000     301.71
     242.000     297.56
     243.000     300.90
     244.000     300.79
     245.000     298.71
     246.000     297.88
     247.000     302.54
     248.000     299.09
     249.000     301.96
     250.000     300.22
     251.000     299.08
     252.000     302.78
     253.000     299.16
     254.000     302.13
     255.000     300.91
     256.000     297.31
     257.000     299.05
     258.000     299.57
     259.000     298.12
     260.000     298.85
     261.000     301.56
     262.000     297.88
     263.000     301.21
     264.000     302.14
     265.000     298.90
     266.000     299.79
     267.000     301.07
     268.000     300.40
     269.000     300.88
     270.000     302.49
     271.000     301.71
     272.000     303.69
     273.000     302.29
     274.000     302.83
     275.000     299.09
     276.000     299.77
     277.000     298.37
     278.000     301.81
     279.000     298.39
     280.000     297.44
     281.000     301.53
     282.000     299.68
     283.000     299.95
     284.000     299.77
     285.000     301.41
     286.000     301.12
     287.000     300.60
     288.000     297.76
     289.000     300.70
     290.000     297.03
     291.000     299.13
     292.000     303.75
     293.000     301.58
     294.000     304.41
     295.000     302.03
     296.000     296.76
     297.000     298.66
     298.000     299.54
     299.000     297.76
     300.000     297.58
     301.000     300.34
     302.000     300.82
     303.000     299.01
     304.000     299.44
     305.000     300.30
     306.000     298.65
     307.000     301.28
     308.000     297.29
     309.000     300.66
     310.000     300.39
     311.000     299.75
     312.000     299.47
     313.000     298.87
     314.000     299.65
     315.000     298.16
     316.000     301.14
     317.000     302.00
     318.000     298.00
     319.000     301.29
     320.000     299.05
     321.000     301.20
     322.000     300.85
     323.000     301.10
     324.000     298.30
     325.000     302.85
     326.000     302.43
     327.000     302.45
     328.000     303.84
     329.000     301.98
     330.000     302.62
     331.000     302.69
     332.000     301.04
     333.000     299.11
     334.000     300.94
     335.000     299.33
     336.000     301.96
     337.000     298.80
     338.000     299.97
     339.000     298.10
     340.000     296.57
     341.000     299.42
     342.000     302.54
     343.000     301.19
     344.000     296.41
     345.000     297.79
     346.000     303.45
     347.000     298.55
     348.000     301.26
     349.000     298.34
     350.000     299.71
     351.000     298.78
     352.000     298.32
     353.000     300.95
     354.000     301.11
     355.000     297.04
     356.000     300.53
     357.000     298.30
     358.000     300.36
     359.000     303.59
     360.000     300.10
     361.000     299.06
     362.000     297.59
     363.000     300.04
     364.000     301.68
     365.000     297.74
     366.000     299.38
     367.000     299.67
     368.000     303.42
     369.000     301.53
     370.000     301.78
     371.000     300.23
     372.000     301.62
     373.000     301.03
     374.000     299.07
     375.000     299.54
     376.000     298.72
     377.000     297.50
     378.000     299.80
     379.000     296.32
     380.000     297.01
     381.000     301.64
     382.000     301.24
     383.000     299.56
     384.000     299.03
     385.000     302.57
     386.000     298.49
     387.000     297.97
     388.000     299.17
     389.000     299.12
     390.000     299.82
     391.000     297.97
     392.000     299.42
     393.000     301.68
     394.000     300.07
     395.000     297.43
     396.000     296.60
     397.000     299.07
     398.000     301.18
     399.000     298.83
     400.000     301.67
