       0.000           0.0000
       1.000         326.1266
       2.000         647.6047
       3.000         968.0153
       4.000        1299.9589
       5.000        1643.5565
       6.000        1953.4916
       7.000        2295.0461
       8.000        2590.9324
       9.000        2951.4568
      10.000        3283.2422
      11.000        3631.8176
      12.000        3964.7236
      13.000        4327.2695
      14.000        4598.6631
      15.000        4958.1616
      16.000        5230.0518
      17.000        5614.0420
      18.000        5901.0376
      19.000        6284.1465
      20.000        6550.4917
      21.000        6735.7275
      22.000        6941.2056
      23.000        7025.2607
      24.000        7257.8486
      25.000        7395.3511
      26.000        7627.2441
      27.000        7782.8491
      28.000        7959.8477
      29.000        8063.5601
      30.000        8176.1812
      31.000        8481.6953
      32.000        8470.8066
      33.000        8752.4834
      34.000        8861.5342
      35.000        8926.9316
      36.000        9221.2568
      37.000        9384.0723
      38.000        9581.2637
      39.000        9769.7832
      40.000        9805.0078
      41.000        9914.0713
      42.000        9893.8574
      43.000        9984.8838
      44.000        9946.6328
      45.000        9957.8877
      46.000        9837.0771
      47.000       10003.9912
      48.000        9972.5205
      49.000        9980.1650
      50.000       10051.9395
      51.000       10149.5088
      52.000        9958.0107
      53.000        9927.2666
      54.000        9883.2920
      55.000        9890.7246
      56.000        9921.1396
      57.000        9936.4824
      58.000        9790.6777
      59.000       10038.4395
      60.000        9952.7441
      61.000        9855.7207
      62.000        9908.4346
      63.000        9885.3457
      64.000        9933.2500
      65.000        9972.5312
      66.000       10090.2275
      67.000        9936.9326
      68.000        9907.0938
      69.000        9955.3311
      70.000       10001.9062
      71.000        9992.1035
      72.000        9905.6914
      73.000        9963.1982
      74.000       10034.0000
      75.000        9878.7109
      76.000       10020.4268
      77.000       10023.5840
      78.000        9955.4658
      79.000        9888.7734
      80.000        9902.8438
      81.000        9959.6279
      82.000        9973.7109
      83.000       10089.5488
      84.000        9939.8330
      85.000       10034.4082
      86.000       10012.8730
      87.000        9969.7715
      88.000       10081.7695
      89.000        9941.1328
      90.000        9981.6768
      91.000        9965.6689
      92.000        9937.3105
      93.000        9870.1602
      94.000        9893.9883
      95.000        9961.4170
      96.000        9994.4980
      97.000        9979.5117
      98.000        9931.8438
      99.000       10013.2930
     100.000        9983.4814
     101.000        9908.3438
     102.000        9991.8359
     103.000        9983.7627
     104.000        9997.0566
     105.000       10050.8926
     106.000       10002.8428
     107.000        9933.1777
     108.000        9909.4707
     109.000        9978.1270
     110.000        9880.0820
     111.000        9966.4590
     112.000        9886.0273
     113.000        9939.3057
     114.000        9878.7090
     115.000        9937.1045
     116.000        9935.9922
     117.000        9868.7393
     118.000        9841.9512
     119.000       10030.4902
     120.000        9900.8379
     121.000        9954.2393
     122.000        9825.2480
     123.000       10049.0557
     124.000       10004.3770
     125.000        9871.2139
     126.000        9881.7510
     127.000        9909.8096
     128.000        9841.0977
     129.000       10089.1328
     130.000        9820.3389
     131.000       10044.1045
     132.000       10063.1973
     133.000        9942.1309
     134.000        9971.8574
     135.000        9917.9990
     136.000        9971.3770
     137.000        9961.9512
     138.000        9858.1162
     139.000       10069.2285
     140.000       10015.7588
