       0.000      -65358.1774
       1.000      -58049.9939
       2.000      -58111.9508
       3.000      -57998.7058
       4.000      -57801.5719
       5.000      -57568.6086
       6.000      -57348.7078
       7.000      -57105.6019
       8.000      -56832.0103
       9.000      -56611.6635
      10.000      -56334.3760
      11.000      -56067.0140
      12.000      -55734.9766
      13.000      -55500.1362
      14.000      -55211.7620
      15.000      -54914.2986
      16.000      -54451.8277
      17.000      -54211.8532
      18.000      -53750.0754
      19.000      -53263.5436
      20.000      -52807.4700
      21.000      -52538.8019
      22.000      -52356.6379
      23.000      -52228.9398
      24.000      -51824.5180
      25.000      -51515.3901
      26.000      -51208.8164
      27.000      -51091.7883
      28.000      -50799.0804
      29.000      -50504.4588
      30.000      -50165.1375
      31.000      -49694.1827
      32.000      -49385.0167
      33.000      -49210.6710
      34.000      -48604.3521
      35.000      -48288.0264
      36.000      -47918.9415
      37.000      -47348.7175
      38.000      -47066.7043
      39.000      -46835.3039
      40.000      -46473.6204
      41.000      -46483.5477
      42.000      -46426.1953
      43.000      -46238.8588
      44.000      -46406.5037
      45.000      -46274.3199
      46.000      -46537.9510
      47.000      -46320.6946
      48.000      -46215.2717
      49.000      -46404.9670
      50.000      -46467.9705
      51.000      -46577.2795
      52.000      -46488.6895
      53.000      -46538.3862
      54.000      -46676.1783
      55.000      -46482.8665
      56.000      -46355.4323
      57.000      -46400.6790
      58.000      -46398.0074
      59.000      -46370.5362
      60.000      -46537.8026
      61.000      -46593.1064
      62.000      -46525.7492
      63.000      -46311.7716
      64.000      -46567.0550
      65.000      -46638.6188
      66.000      -46418.6921
      67.000      -46389.3984
      68.000      -46409.3929
      69.000      -46542.6303
      70.000      -46563.2802
      71.000      -46329.1366
      72.000      -46515.5083
      73.000      -46636.1930
      74.000      -46537.1139
      75.000      -46464.7371
      76.000      -46491.9815
      77.000      -46600.0733
      78.000      -46698.5536
      79.000      -46690.4315
      80.000      -46763.6240
      81.000      -46735.0433
      82.000      -46620.4763
      83.000      -46628.5653
      84.000      -46840.3248
      85.000      -46460.6076
      86.000      -46693.2529
      87.000      -46845.9940
      88.000      -46762.8807
      89.000      -46692.9788
      90.000      -46751.5296
      91.000      -46749.9984
      92.000      -46760.1072
      93.000      -46801.4899
      94.000      -46715.3460
      95.000      -46610.8150
      96.000      -46527.5610
      97.000      -46676.5090
      98.000      -46576.0178
      99.000      -46636.9302
     100.000      -46602.4798
     101.000      -46697.1682
     102.000      -46776.6524
     103.000      -46699.6181
     104.000      -46860.1605
     105.000      -46778.6910
     106.000      -46674.0876
     107.000      -46939.6701
     108.000      -46799.5932
     109.000      -46847.1459
     110.000      -46847.8623
     111.000      -46882.9676
     112.000      -46909.5767
     113.000      -46894.4596
     114.000      -46786.9735
     115.000      -46806.6377
     116.000      -46896.7726
     117.000      -47056.2623
     118.000      -46791.7365
     119.000      -46897.7409
     120.000      -46755.9876
     121.000      -46838.3815
     122.000      -47058.8939
     123.000      -46989.9669
     124.000      -46920.6554
     125.000      -46929.6644
     126.000      -46811.1355
     127.000      -46876.0329
     128.000      -46945.0790
     129.000      -46990.3060
     130.000      -46889.4268
     131.000      -46852.6893
     132.000      -46791.6149
     133.000      -47224.3449
     134.000      -46995.4336
     135.000      -47123.4708
     136.000      -46899.2946
     137.000      -47038.4553
     138.000      -46915.8549
     139.000      -46943.7483
     140.000      -46779.5001
