       0.000      -65358.1774
       1.000      -57723.8672
       2.000      -57464.3461
       3.000      -57030.6905
       4.000      -56501.6131
       5.000      -55925.0521
       6.000      -55395.2162
       7.000      -54810.5558
       8.000      -54241.0779
       9.000      -53660.2067
      10.000      -53051.1338
      11.000      -52435.1964
      12.000      -51770.2530
      13.000      -51172.8667
      14.000      -50613.0989
      15.000      -49956.1370
      16.000      -49221.7759
      17.000      -48597.8112
      18.000      -47849.0378
      19.000      -46979.3971
      20.000      -46256.9783
      21.000      -45803.0744
      22.000      -45415.4323
      23.000      -45203.6791
      24.000      -44566.6693
      25.000      -44120.0390
      26.000      -43581.5722
      27.000      -43308.9391
      28.000      -42839.2327
      29.000      -42440.8988
      30.000      -41988.9563
      31.000      -41212.4874
      32.000      -40914.2101
      33.000      -40458.1876
      34.000      -39742.8179
      35.000      -39361.0947
      36.000      -38697.6847
      37.000      -37964.6452
      38.000      -37485.4406
      39.000      -37065.5207
      40.000      -36668.6126
      41.000      -36569.4764
      42.000      -36532.3379
      43.000      -36253.9750
      44.000      -36459.8709
      45.000      -36316.4322
      46.000      -36700.8738
      47.000      -36316.7034
      48.000      -36242.7512
      49.000      -36424.8019
      50.000      -36416.0310
      51.000      -36427.7707
      52.000      -36530.6788
      53.000      -36611.1196
      54.000      -36792.8863
      55.000      -36592.1419
      56.000      -36434.2926
      57.000      -36464.1966
      58.000      -36607.3296
      59.000      -36332.0967
      60.000      -36585.0585
      61.000      -36737.3857
      62.000      -36617.3146
      63.000      -36426.4259
      64.000      -36633.8050
      65.000      -36666.0876
      66.000      -36328.4645
      67.000      -36452.4658
      68.000      -36502.2992
      69.000      -36587.2992
      70.000      -36561.3740
      71.000      -36337.0331
      72.000      -36609.8169
      73.000      -36672.9948
      74.000      -36503.1139
      75.000      -36586.0261
      76.000      -36471.5548
      77.000      -36576.4893
      78.000      -36743.0878
      79.000      -36801.6581
      80.000      -36860.7803
      81.000      -36775.4154
      82.000      -36646.7653
      83.000      -36539.0164
      84.000      -36900.4918
      85.000      -36426.1994
      86.000      -36680.3799
      87.000      -36876.2225
      88.000      -36681.1112
      89.000      -36751.8459
      90.000      -36769.8528
      91.000      -36784.3294
      92.000      -36822.7967
      93.000      -36931.3297
      94.000      -36821.3577
      95.000      -36649.3980
      96.000      -36533.0629
      97.000      -36696.9972
      98.000      -36644.1740
      99.000      -36623.6373
     100.000      -36618.9983
     101.000      -36788.8245
     102.000      -36784.8164
     103.000      -36715.8554
     104.000      -36863.1038
     105.000      -36727.7985
     106.000      -36671.2449
     107.000      -37006.4924
     108.000      -36890.1225
     109.000      -36869.0189
     110.000      -36967.7803
     111.000      -36916.5086
     112.000      -37023.5493
     113.000      -36955.1539
     114.000      -36908.2645
     115.000      -36869.5333
     116.000      -36960.7804
     117.000      -37187.5230
     118.000      -36949.7853
     119.000      -36867.2506
     120.000      -36855.1497
     121.000      -36884.1422
     122.000      -37233.6459
     123.000      -36940.9113
     124.000      -36916.2784
     125.000      -37058.4505
     126.000      -36929.3845
     127.000      -36966.2233
     128.000      -37103.9813
     129.000      -36901.1732
     130.000      -37069.0879
     131.000      -36808.5848
     132.000      -36728.4177
     133.000      -37282.2141
     134.000      -37023.5762
     135.000      -37205.4718
     136.000      -36927.9176
     137.000      -37076.5041
     138.000      -37057.7387
     139.000      -36874.5198
     140.000      -36763.7413
