       0.000       0.00
       1.000       9.84
       2.000      19.54
       3.000      29.20
       4.000      39.22
       5.000      49.58
       6.000      58.93
       7.000      69.24
       8.000      78.16
       9.000      89.04
      10.000      99.05
      11.000     109.57
      12.000     119.61
      13.000     130.55
      14.000     138.73
      15.000     149.58
      16.000     157.78
      17.000     169.37
      18.000     178.02
      19.000     189.58
      20.000     197.62
      21.000     203.21
      22.000     209.40
      23.000     211.94
      24.000     218.96
      25.000     223.11
      26.000     230.10
      27.000     234.80
      28.000     240.14
      29.000     243.26
      30.000     246.66
      31.000     255.88
      32.000     255.55
      33.000     264.05
      34.000     267.34
      35.000     269.31
      36.000     278.19
      37.000     283.10
      38.000     289.05
      39.000     294.74
      40.000     295.80
      41.000     299.09
      42.000     298.48
      43.000     301.23
      44.000     300.07
      45.000     300.41
      46.000     296.77
      47.000     301.80
      48.000     300.85
      49.000     301.08
      50.000     303.25
      51.000     306.19
      52.000     300.42
      53.000     299.49
      54.000     298.16
      55.000     298.39
      56.000     299.30
      57.000     299.77
      58.000     295.37
      59.000     302.84
      60.000     300.26
      61.000     297.33
      62.000     298.92
      63.000     298.22
      64.000     299.67
      65.000     300.85
      66.000     304.41
      67.000     299.78
      68.000     298.88
      69.000     300.34
      70.000     301.74
      71.000     301.45
      72.000     298.84
      73.000     300.57
      74.000     302.71
      75.000     298.02
      76.000     302.30
      77.000     302.39
      78.000     300.34
      79.000     298.33
      80.000     298.75
      81.000     300.47
      82.000     300.89
      83.000     304.38
      84.000     299.87
      85.000     302.72
      86.000     302.07
      87.000     300.77
      88.000     304.15
      89.000     299.91
      90.000     301.13
      91.000     300.65
      92.000     299.79
      93.000     297.77
      94.000     298.49
      95.000     300.52
      96.000     301.52
      97.000     301.07
      98.000     299.63
      99.000     302.08
     100.000     301.18
     101.000     298.92
     102.000     301.44
     103.000     301.19
     104.000     301.59
     105.000     303.22
     106.000     301.77
     107.000     299.67
     108.000     298.95
     109.000     301.02
     110.000     298.07
     111.000     300.67
     112.000     298.24
     113.000     299.85
     114.000     298.02
     115.000     299.79
     116.000     299.75
     117.000     297.72
     118.000     296.92
     119.000     302.60
     120.000     298.69
     121.000     300.30
     122.000     296.41
     123.000     303.16
     124.000     301.82
     125.000     297.80
     126.000     298.12
     127.000     298.96
     128.000     296.89
     129.000     304.37
     130.000     296.26
     131.000     303.01
     132.000     303.59
     133.000     299.94
     134.000     300.83
     135.000     299.21
     136.000     300.82
     137.000     300.54
     138.000     297.40
     139.000     303.77
     140.000     302.16
