Frame	Volume
1	729.512
2	731.763
3	733.292
4	732.322
5	733.401
6	730.397
7	734.24
8	733.761
9	733.399
10	733.097
11	733.431
12	733.13
13	735.935
14	736.275
15	732.967
16	732.185
17	731.979
18	732.948
19	733.57
20	735.819
21	732.945
22	732.645
23	733.344
24	734.108
25	734.754
26	734.266
27	734.523
28	732.654
29	733.958
30	734.461
31	731.92
32	732.648
33	733.311
34	734.208
35	734.428
36	734.522
37	734.127
38	733.189
39	732.565
40	734.691
41	731.701
42	733.776
43	732.563
44	734.048
45	734.3
46	734.072
47	734.795
48	733.63
49	734.632
50	734.184
51	734.279
52	733.76
53	733.334
54	734.108
55	732.509
56	733.527
57	733.363
58	733.414
59	734.309
60	734.755
61	733.295
62	733.032
63	731.558
64	733.276
65	733.021
66	733.629
67	733.771
68	733.506
69	733.958
70	733.532
71	733.938
72	734.063
73	734.415
74	734.515
75	734.324
76	734.25
77	734.39
78	733.837
79	733.298
80	734.707
81	733.391
82	734.384
83	734.7
84	733.874
85	733.754
86	733.876
87	734.024
88	733.204
89	733.878
90	733.927
91	734.4
92	733.557
93	733.05
94	733.138
95	733.097
96	734.044
97	733.966
98	734.04
99	734.296
100	734.351
101	733.84
102	733.665
103	734.577
104	733.207
105	733.52
106	733.789
107	733.819
108	733.97
109	733.207
110	733.658
111	734.017
112	734.148
113	733.541
114	733.872
115	733.282
116	734.174
117	733.639
118	733.426
119	733.611
120	733.408
121	734.037
122	734.134
123	733.456
124	734.436
125	733.917
126	733.945
127	733.966
128	733.575
129	733.885
130	733.811
131	733.68
132	733.897
133	734.107
134	733.927
135	733.696
136	733.198
137	733.846
138	734.329
139	733.857
140	733.944
141	733.808
142	733.84
143	734.058
144	733.91
145	733.493
146	733.338
147	733.456
148	733.873
149	733.723
150	733.47
151	733.404
152	733.345
153	734.261
154	733.7
155	734.2
156	733.783
157	733.88
158	734.272
159	733.824
160	733.823
161	733.468
162	733.676
163	733.839
164	733.78
165	733.794
166	733.889
167	733.386
168	733.683
169	733.914
170	734.039
171	733.786
172	733.5
173	734.001
174	733.93
175	734.005
176	733.756
177	733.671
178	733.562
179	733.534
180	733.781
181	733.774
182	733.674
183	733.85
184	733.759
185	733.618
186	733.622
187	733.771
188	733.816
189	733.892
190	733.684
191	733.545
192	733.501
193	733.981
194	733.707
195	733.967
196	733.719
197	733.858
198	733.586
199	733.329
200	733.789
201	733.788
202	733.929
203	733.785
204	733.952
205	733.636
206	733.557
207	733.935
208	733.917
209	733.777
210	733.917
211	733.6
212	733.867
213	733.649
214	733.655
215	733.714
216	733.994
217	733.915
218	733.762
219	733.719
220	733.621
221	733.924
222	733.977
223	733.822
224	733.672
225	733.904
226	733.902
227	733.596
228	733.869
229	733.915
230	734.037
231	733.875
232	733.84
233	733.711
234	733.813
235	733.744
236	733.957
237	734.105
238	733.787
239	733.953
240	733.942
241	733.731
242	733.753
243	733.854
244	733.752
245	733.959
246	733.801
247	733.779
248	733.777
249	733.852
250	733.821
251	733.922
252	733.814
253	733.764
254	733.908
255	733.826
256	733.843
257	733.773
258	733.863
259	733.732
260	733.719
261	733.882
262	733.901
263	733.9
264	733.786
265	733.79
266	733.829
267	733.843
268	733.728
269	733.906
270	733.854
271	733.841
272	733.899
273	734.017
274	733.699
275	733.953
276	733.949
277	733.795
278	733.683
279	733.96
280	733.868
281	733.751
282	733.81
283	733.77
284	733.841
285	733.801
286	733.91
287	733.743
288	733.726
289	733.81
290	733.867
291	733.79
292	733.815
293	733.869
294	733.714
295	733.869
296	733.884
297	733.816
298	734.067
299	733.881
300	733.791
301	733.834
302	733.607
303	733.921
304	733.898
305	733.695
306	733.839
307	733.805
308	733.811
309	733.921
310	733.744
311	733.863
312	733.63
313	733.881
314	733.856
315	733.816
316	733.843
317	733.848
318	733.803
319	733.808
320	733.798
321	733.848
322	733.797
323	733.815
324	733.774
325	733.81
326	733.747
327	733.845
328	733.816
329	733.783
330	733.753
331	733.905
332	733.923
333	733.884
334	733.788
335	733.795
336	733.764
337	733.899
338	733.894
339	733.833
340	733.83
341	733.752
342	733.96
343	733.671
344	733.832
345	733.681
346	733.893
347	733.79
348	733.887
349	733.861
350	733.629
351	733.804
352	733.754
353	733.824
354	733.829
