Frame	Volume
1	1172.74
2	1177.82
3	1168.23
4	1166.14
5	1169.02
6	1167.07
7	1169.81
8	1167.81
9	1167.97
10	1168.1
11	1166.97
12	1166.76
13	1166.72
14	1170.11
15	1169.48
16	1168.4
17	1169.87
18	1170.53
19	1171.41
20	1169.91
21	1170.03
22	1168.41
23	1169.95
24	1170.23
25	1167.41
26	1167.56
27	1168.33
28	1168.93
29	1169.12
30	1169.18
31	1168.41
32	1169.06
33	1168.71
34	1168.79
35	1168.62
36	1169.7
37	1168.12
38	1170.5
39	1169.14
40	1167.63
41	1167.14
42	1168.89
43	1168.1
44	1168.46
45	1168.63
46	1169.82
47	1169.99
48	1168.51
49	1168.38
50	1168.23
51	1169.84
52	1168.39
53	1169.27
54	1168.57
55	1169.19
56	1168.78
57	1167.4
58	1169.22
59	1168.06
60	1168.93
61	1168.28
62	1169.27
63	1169.54
64	1168.56
65	1169.39
66	1169.14
67	1169.12
68	1168.94
69	1168.69
70	1168.48
71	1168.02
72	1169.29
73	1169.16
74	1167.85
75	1168.47
76	1168.23
77	1168.45
78	1168.07
79	1168.62
80	1169.46
81	1168.37
82	1168.8
83	1167.97
84	1169.25
85	1168.46
86	1168.56
87	1168.74
88	1168.97
89	1168.61
90	1168.81
91	1168.65
92	1168.72
93	1168.47
94	1168.14
95	1168.88
96	1168.39
97	1169.12
98	1168.55
99	1168.82
100	1168.53
101	1168.63
102	1168.66
103	1168.65
104	1168.8
105	1168.48
106	1168.74
107	1168.38
108	1168.67
109	1168.9
110	1168.61
111	1168.73
112	1168.2
113	1168.55
114	1168.53
115	1168.97
116	1168.77
117	1168.96
118	1168.85
119	1168.24
120	1168.4
121	1168.52
122	1168.63
123	1168.66
124	1168.23
125	1168.74
126	1168.48
127	1168.72
128	1168.61
129	1168.37
130	1168.77
131	1168.26
132	1168.75
133	1168.55
134	1168.81
135	1168.48
136	1168.71
137	1168.67
138	1168.75
139	1168.79
140	1169
141	1168.76
142	1168.95
143	1168.72
144	1168.73
145	1168.46
146	1168.72
147	1168.84
148	1168.32
149	1168.7
150	1168.6
151	1168.57
152	1168.68
153	1168.73
154	1168.42
155	1169.01
156	1168.51
157	1168.49
158	1168.62
159	1168.78
160	1168.55
161	1168.82
162	1168.99
163	1168.64
164	1168.81
165	1168.57
166	1168.82
167	1168.86
168	1168.8
169	1168.37
170	1168.82
171	1168.79
172	1168.49
173	1168.67
174	1168.77
175	1168.69
176	1168.65
177	1168.66
178	1168.57
179	1168.74
180	1168.81
181	1168.59
182	1168.8
183	1168.74
184	1168.5
185	1168.58
186	1168.5
187	1168.55
188	1168.78
189	1168.61
190	1169.15
191	1168.69
192	1168.66
193	1168.78
194	1168.61
195	1168.79
196	1168.65
197	1168.67
198	1168.29
199	1168.62
200	1168.6
201	1168.49
202	1168.61
203	1168.72
204	1168.95
205	1168.78
206	1168.59
207	1168.62
208	1168.53
209	1168.76
210	1168.59
211	1168.66
212	1168.77
213	1168.66
214	1168.56
215	1168.75
216	1168.78
217	1168.78
218	1168.87
219	1168.8
220	1168.64
221	1168.74
222	1168.93
223	1168.63
224	1168.57
225	1168.67
226	1168.73
227	1168.59
228	1168.92
229	1168.72
230	1168.59
231	1168.81
232	1168.66
233	1168.82
234	1168.87
235	1168.52
236	1168.53
237	1168.61
238	1168.55
239	1168.8
240	1168.8
241	1168.72
242	1168.74
243	1168.73
244	1168.57
245	1168.75
246	1168.68
247	1168.74
248	1168.54
249	1168.7
250	1168.67
251	1168.67
252	1168.77
253	1168.72
254	1168.61
255	1168.76
256	1168.73
257	1168.81
258	1168.62
259	1168.73
260	1168.7
261	1168.63
262	1168.63
263	1168.73
264	1168.83
265	1168.79
266	1168.72
267	1168.65
268	1168.7
269	1168.66
270	1168.56
271	1168.84
272	1168.65
273	1168.68
274	1168.79
275	1168.64
276	1168.71
277	1168.72
278	1168.59
279	1168.74
280	1168.73
281	1168.7
282	1168.68
283	1168.75
284	1168.57
285	1168.64
286	1168.71
287	1168.68
288	1168.67
289	1168.67
290	1168.72
291	1168.76
292	1168.82
293	1168.67
294	1168.76
295	1168.62
296	1168.69
297	1168.67
298	1168.67
299	1168.64
300	1168.62
301	1168.72
302	1168.65
303	1168.66
304	1168.7
305	1168.73
306	1168.73
307	1168.71
308	1168.73
309	1168.66
310	1168.66
311	1168.72
312	1168.71
313	1168.68
314	1168.72
315	1168.64
316	1168.62
317	1168.62
318	1168.71
319	1168.74
320	1168.8
321	1168.69
322	1168.74
323	1168.71
324	1168.66
325	1168.61
326	1168.65
327	1168.79
328	1168.66
329	1168.75
330	1168.69
331	1168.81
332	1168.68
333	1168.79
334	1168.68
335	1168.73
336	1168.68
337	1168.77
338	1168.68
339	1168.7
340	1168.65
341	1168.67
342	1168.76
343	1168.7
344	1168.64
345	1168.69
346	1168.73
347	1168.57
348	1168.66
349	1168.72
350	1168.67
351	1168.68
352	1168.63
353	1168.69
354	1168.7
