1	1196.49
2	1369.95
3	1364.89
4	1226.8
5	1236.13
6	1197.88
7	1423.91
8	1315.41
9	1364.48
10	1352.51
11	1348.81
12	1414.39
13	1090.75
14	1154.87
15	998.013
16	1185.4
17	1239.8
18	1030.92
19	1279.93
20	1250.41
21	1529.2
22	1404.34
23	1345.68
24	1211.15
25	1264.36
26	1284.26
27	1125.85
28	1076.6
29	1316.32
30	1416.24
31	1122
32	1276.8
33	1556.08
34	1327.7
35	1451.76
36	1754.16
37	1155.56
38	1225.24
39	1079.07
40	1340
41	1478.93
42	1552.47
43	1360.36
44	1261.97
45	1507.11
46	1103.23
47	1442.7
48	1259.76
49	992.365
50	1282.72
51	1376.78
52	1291.29
53	1333.88
54	1284.98
55	1399.45
56	1343.1
57	1477.09
58	1297.14
59	1402.69
60	1277.62
61	1587.92
62	1449.72
63	1080.05
64	1136.94
65	1314.31
66	1048.54
67	1355.88
68	1491.41
69	1443.08
70	1526.35
71	1182.42
72	1318.09
73	1257.74
74	1242.55
75	1367.81
76	1322.65
77	1202.99
78	1008.99
79	1189.41
80	1050.57
81	1308.88
82	1107.26
83	1129.46
84	1160.76
85	1315.61
86	1183.67
87	1114.07
88	1053.81
89	1036.99
90	1326.11
91	1129.06
92	1385.63
93	1154.69
94	1282.92
95	935.456
96	874.506
97	1025.32
98	1264.11
99	1279.65
100	1138.95
101	1301.62
102	1206.87
103	1156.14
104	975.038
105	1048.6
106	1293.08
107	1245.63
108	1284.89
109	1049.87
110	1107.68
111	1185.23
112	1186.73
113	1157.37
114	1062.19
115	1185.32
116	1189.95
117	1228.05
118	1128.59
119	1083.19
120	1169.89
121	1251.71
122	1318.04
123	1240.19
124	1092.8
125	1299.81
126	1260.21
127	1143.38
128	1241.87
129	1169.29
130	1173.24
131	1240.7
132	1246.3
133	1156.61
134	1318.21
135	1107.7
136	1157.32
137	1216.93
138	1360.08
139	1335.76
140	1390.55
141	1341.07
142	1384.92
143	1154.22
144	1379.5
145	1204.2
146	1280.76
147	1545.98
148	1150.33
149	1326.46
150	1321.73
151	925.831
152	1071.38
153	1134.44
154	1195
155	1293.72
156	1206.02
157	1313.22
158	1294.21
159	1363.56
160	1434.48
161	1090.01
162	1333.55
163	1454.82
164	1294.53
165	1334.55
166	1174.17
167	1246.17
168	1447.78
169	1401.11
170	1318
171	1401.91
172	1343.75
173	1193.7
174	1424.34
175	1054.42
176	1192.67
177	1135.98
178	1047.19
179	1004.14
180	1243.15
181	1111.93
182	1105.87
183	984.86
184	890.677
185	1140.08
186	1123.57
187	955.406
188	1033.2
189	948.893
190	946.024
191	953.959
192	939.702
193	943.684
194	856.803
195	812.127
196	880.741
197	831.74
198	941.875
199	1026.52
200	920.923
201	972.613
202	954.659
203	1010.61
204	1049.04
205	811.404
206	961.991
207	1160.6
208	892.444
209	810.325
210	878.136
211	768.204
212	740.448
213	884.596
214	965.144
215	738.712
216	949.456
217	919.343
218	779.702
219	749.258
220	751.686
221	765.581
222	808.091
223	748.429
224	756.003
225	759.157
226	834.862
227	750.442
228	600.367
229	887.17
230	743.603
231	787.291
232	661.774
233	715.895
234	670.349
235	730.338
236	724.781
237	882.285
238	893.93
239	857.228
240	732.702
241	624.859
242	894.179
243	796.471
244	773.591
245	843.012
246	793.876
247	779.525
248	840.688
249	850.245
250	666.223
251	783.358
252	870.096
253	708.589
254	679.316
255	676.715
256	704.836
257	744.803
258	628.076
259	723.904
260	869
261	637.698
262	789.723
263	844.143
264	839.096
265	756.683
266	892.209
267	770.384
268	843.406
269	705.259
270	744.299
271	817.878
272	728.088
273	808.913
274	737.655
275	704.185
276	719.605
277	886.02
278	799.256
279	733.256
280	644.058
281	791.931
282	702.21
283	778.837
284	782.93
285	735.924
286	680.462
287	721.168
288	677.217
289	771.989
290	604.694
291	701.596
292	675.08
293	774.716
294	628.632
295	718.82
296	888.59
297	651.888
298	1013.7
299	780.049
300	771.552
301	985.909
302	804.833
303	806.39
304	979.786
305	905.535
306	889.66
307	701.715
308	1020.41
309	801.381
310	744.037
311	843.696
312	737.002
313	732.465
314	848.019
315	769.527
316	844.563
317	814.748
318	700.067
319	730.707
320	878.947
321	712.391
322	677.707
323	664.801
324	707.821
325	773.247
326	730.772
327	584.017
328	614.157
329	834.341
330	788.905
331	760.012
332	720.127
333	795.561
334	653.946
335	648.041
336	839.388
337	818.839
338	847.606
339	657.331
340	602.801
341	623.715
342	634.327
343	708.91
344	728.856
345	777.176
346	716.762
347	666.777
348	800.553
349	775.313
350	863.794
351	805.285
352	739.716
353	659.178
354	690.211
355	614.186
356	749.494
357	773.05
358	764.439
359	651.683
360	732.083
361	804.786
362	687.842
363	756.208
364	768.121
365	736.525
366	861.9
367	735.981
368	855.13
369	801.423
370	768.092
371	695.896
372	686.972
373	694.588
374	629.042
375	615.806
376	909.53
377	692.961
378	717.577
379	735.277
380	626.725
381	783.784
382	746.077
383	745.291
384	638.037
385	816.423
386	569.127
387	672.1
388	746.666
389	693.711
390	800.837
391	754.098
392	794.152
393	788.63
394	792.891
395	802.813
396	661.764
397	703.802
398	900.303
399	999.082
400	836.064
401	900.12
402	859.347
403	806.705
404	825.173
405	849.549
406	980.679
407	828.922
408	746.133
409	823.007
410	810.149
411	860.294
412	690.591
413	721.705
414	712.166
415	673.712
416	627.582
417	775.151
418	695.319
419	746.415
420	608.412
421	810.045
422	740.909
423	787.435
424	868.39
425	797.534
426	708.935
427	578.222
428	669.137
429	612.669
430	619.364
431	643.832
432	725.131
433	637.592
434	730.912
435	679.225
436	787.016
437	634.846
438	765.176
439	751.116
440	852.06
441	557.954
442	763.703
443	672.992
444	830.212
445	814.797
446	964.296
447	1042.42
448	836.177
449	941.205
450	1066.5
451	1002.83
452	1001.04
453	1008.63
454	1073.54
455	963.579
456	1003.36
457	964.014
458	997.067
459	1024.98
460	1075.54
461	1220.31
462	1026.78
463	1066.03
464	1080.78
465	979.35
466	900.491
467	1088.12
468	1066.06
469	859.235
470	926.105
471	1106.37
472	1220.26
473	1169.23
474	990.651
475	1030.63
476	954.752
477	1005.86
478	1204.44
479	1053.27
480	1016.64
481	879.163
482	867.997
483	859.23
484	846.197
485	983.237
486	747.938
487	945.178
488	739.998
489	1039.02
490	900.736
491	894.405
492	882.797
493	1007.08
494	1077.34
495	1048.43
496	961.906
497	905.395
498	955.938
499	860.072
500	1061.73
501	894.121
502	1109.94
503	906.478
504	1207.77
505	961.23
506	1174.4
507	974.721
508	992.114
509	982.609
510	871.068
511	846.801
512	928.556
513	876.652
514	916.262
515	922.886
516	893.124
517	827.559
518	743.443
519	933.279
520	745.448
521	601.526
522	685.295
523	761.55
524	723.534
525	692.711
526	706.988
527	828.926
528	840.654
529	950.445
530	701.91
531	694.332
532	667.694
533	705.77
534	781.306
535	753.593
536	611.363
537	652.421
538	811.988
539	695.654
540	747.032
541	669.336
542	719.078
543	683.131
544	838.384
545	804.798
546	676.381
547	758.362
548	653.623
549	724.903
550	715.352
551	642.05
552	566.748
553	609.517
554	772.433
555	810.508
556	733.997
557	577.583
558	706.372
559	663.786
560	728.884
561	774.762
562	751.821
563	731.317
564	688.1
565	694.535
566	700.663
567	621.759
568	610.333
569	751.042
570	615.41
571	700.283
572	635.436
573	684.986
574	865.914
575	734.88
576	851.036
577	619.257
578	743.501
579	666.64
580	636.9
581	727.389
582	664.801
583	644.073
584	857.926
585	649.597
586	617.391
587	780.071
588	661.669
589	672.937
590	712.248
591	605.343
592	894.134
593	939.533
594	1014.83
595	796.579
596	895.364
597	825.838
598	767.617
599	743.413
600	809.149
601	650.671
602	733.214
603	727.999
604	633.966
605	614.373
606	560.391
607	662.734
608	843.227
609	751.841
610	832.342
611	839.743
612	889.018
613	918.723
614	781.674
615	753.209
616	867.655
617	732.453
618	643.423
619	848.296
620	719.955
621	797.457
622	867.55
623	820.983
624	673.376
625	660.82
626	741.216
627	718.158
628	796.319
629	600.597
630	674.022
631	712.408
632	656.466
633	668.721
634	723.776
635	751.565
636	598.531
637	732.035
638	699.337
639	749.869
640	671.788
641	796.876
642	720.016
643	650.314
644	695.396
645	806.929
646	622.396
647	695.835
648	858.011
649	831.891
650	800.179
651	922.303
652	801.14
653	932.072
654	872.47
655	863.034
656	879.068
657	966.818
658	878.451
659	834.444
660	973.762
661	739.189
662	780.081
663	843.677
664	725.696
665	866.522
666	688.468
667	709.222
668	804.291
669	855.482
670	959.009
671	1031.25
672	980.311
673	809.473
674	751.758
675	810.771
676	816.723
677	771.805
678	830.262
679	801.998
680	800.444
681	934.769
682	792.031
683	695.842
684	821.206
685	776.023
686	871.247
687	638.681
688	704.882
689	766.568
690	726.092
691	728.903
692	837.176
693	721.698
694	833.851
695	949.688
696	793.264
697	926.612
698	861.014
699	908.407
700	806.913
701	889.533
702	815.409
703	965.924
704	844.549
705	773.235
706	855.417
707	842.442
708	742.454
709	837.627
710	822.152
711	839.29
712	885.791
713	779.574
714	833.292
715	727.71
716	691.86
717	874.809
718	812.622
719	751.659
720	982.179
721	950.019
722	922.043
723	1035
724	1103.18
725	958.21
726	1126.07
727	990.086
728	876.394
729	1150.16
730	1034.85
731	1041.93
732	1015.01
733	979.813
734	868.47
735	746.106
736	764.939
737	708.865
738	598.641
739	623.481
740	661.349
741	785.99
742	687.232
743	658.757
744	725.534
745	738.319
746	758.155
747	796.069
748	785.094
749	729.127
750	803.056
751	801.974
752	644.945
753	728.822
754	593.66
755	631.987
756	742.852
757	767.745
758	714.09
759	884.666
760	769.808
761	660.477
762	771.943
763	759.454
764	711.48
765	774.945
766	713.71
767	643.851
768	687.49
769	772.759
770	676.034
771	830.37
772	776.356
773	769.483
774	766.785
775	649.354
776	715.87
777	875.688
778	904.554
779	832.544
780	869.12
781	687.778
782	810.662
783	817.843
784	724.964
785	808.455
786	727.499
787	718.68
788	762.354
789	863.563
790	863.017
791	845.53
792	815.887
793	667.65
794	776.675
795	759.448
796	818.756
797	932.549
798	732.258
799	818.565
800	842.521
801	846.837
802	870.803
803	884.792
804	684.802
805	731.817
806	699.128
807	1037.91
808	998.749
809	932.824
810	1137.63
811	798.378
812	867.805
813	710.839
814	820.169
815	817.589
816	712.263
817	830.304
818	754.751
819	990.873
820	1050.04
821	1068.25
822	963.02
823	1179.69
824	1131.21
825	1306.33
826	1203.94
827	1186.22
828	1192.46
829	1026.11
830	1267.06
831	1105.41
832	1225.91
833	1021.33
834	1043.62
835	823.249
836	1063.55
837	1130.64
838	1234.85
839	1148.06
840	1193.66
841	1183.97
842	1336.05
843	1457.71
844	1297.87
845	1004.18
846	1107.36
847	758.687
848	1109.99
849	1050.58
850	1035.68
851	1101.75
852	1247.33
853	1344.28
854	1183.13
855	1191.65
856	1129.86
857	1439.43
858	1169.86
859	1118.45
860	1206.42
861	1150.9
862	1364.56
863	1118.33
864	1067.41
865	1182.65
866	1202.98
867	934.058
868	731.864
869	845.648
870	639.64
871	727.524
872	721.963
873	1026.31
874	1065.44
875	1038.46
876	981.943
877	957.248
878	1122.02
879	979.58
880	1070.31
881	1224.03
882	1236.01
883	1266
884	1284.88
885	1333.55
886	1147.75
887	1147.34
888	983.406
889	1144.99
890	1026.74
891	1022.24
892	967.941
893	1161.59
894	1218.29
895	988.52
896	1148.48
897	867.487
898	998.458
899	976.997
900	983.837
901	931.703
902	975.804
903	936.208
904	987.929
905	929.418
906	985.076
907	986.369
908	1140.89
909	1060.66
910	1020.97
911	1235.05
912	1176.13
913	1198.94
914	1100.86
915	1015.88
916	964.277
917	1057.82
918	1171.01
919	1086.91
920	1188.12
921	1179.51
922	1119.38
923	1197.02
924	1074.5
925	1227.77
926	913.313
927	945.514
928	805.538
929	880.194
930	822.264
931	842.796
932	871.62
933	951.72
934	1096.32
935	1021.32
936	1072
937	1154.93
938	886.445
939	880.188
940	880.192
941	862.859
942	826.336
943	969.587
944	1209.06
945	1031.23
946	848.231
947	875.636
948	1101.69
949	1020.61
950	1019.61
951	1230.55
952	871.051
953	864.511
954	1138.13
955	952.7
956	1103.95
957	736.769
958	1039.48
959	837.833
960	923.868
961	1041.39
962	1049.39
963	1285.36
964	913.399
965	1026.27
966	989.025
967	993.326
968	1015.19
969	904.804
970	881.52
971	775.04
972	732.327
973	828.578
974	649.785
975	796.47
976	817.855
977	852.386
978	704.344
979	751.114
980	911.826
981	1086.76
982	938.849
983	933.244
984	916.361
985	1106.17
986	1043.75
987	855.327
988	1053.62
989	907.542
990	1006.63
991	972.357
992	1036.98
993	902.59
994	910.895
995	821.59
996	621.617
997	864.931
998	833.636
999	750.034
1000	695.422
1001	972.099
1002	804.585
1003	776.593
1004	783.374
1005	718.122
