Frame	Volume
1	1895
2	1897.9
3	1900.9
4	1900.35
5	1900.61
6	1894.77
7	1898.35
8	1895.5
9	1895.57
10	1900.55
11	1899.61
12	1893.34
13	1900.45
14	1892.58
15	1895.41
16	1898.08
17	1895.07
18	1896.39
19	1898.71
20	1894.12
21	1898.05
22	1899.77
23	1898.85
24	1895.82
25	1896.69
26	1896.4
27	1896.89
28	1897.82
29	1897.26
30	1898.37
31	1898.61
32	1897.85
33	1892.73
34	1896.63
35	1898.22
36	1897
37	1898.14
38	1896.6
39	1898.53
40	1899.66
41	1897.1
42	1899.36
43	1893.77
44	1896.71
45	1897.49
46	1897.93
47	1895.79
48	1898.53
49	1897.04
50	1897.72
51	1897.17
52	1899.36
53	1897.37
54	1897.59
55	1899.09
56	1897.4
57	1896.93
58	1896.51
59	1897.16
60	1898.54
61	1897.05
62	1896.73
63	1897.2
64	1897.44
65	1898.61
66	1896.99
67	1896.16
68	1897.77
69	1898.1
70	1897.37
71	1898.12
72	1896.81
73	1896.64
74	1898.44
75	1897.33
76	1895.4
77	1897.72
78	1896.89
79	1897.87
80	1897.36
81	1897.47
82	1897.41
83	1896.35
84	1896.51
85	1897.02
86	1897.66
87	1898.42
88	1896.86
89	1897
90	1897.76
91	1897
92	1897.01
93	1898.03
94	1896.96
95	1897.41
96	1897.83
97	1897.74
98	1897.25
99	1897.1
100	1897.8
101	1898.11
102	1898
103	1897.8
104	1897.27
105	1897.29
106	1897.87
107	1897.33
108	1897.55
109	1897.46
110	1897.48
111	1897.2
112	1897.59
113	1897.24
114	1897.7
115	1897.07
116	1897.06
117	1897.48
118	1897.57
119	1897.38
120	1896.99
121	1897.28
122	1897.75
123	1897.6
124	1898.02
125	1897.47
126	1897.13
127	1897.3
128	1897.08
129	1896.94
130	1897.31
131	1897.81
132	1897.54
133	1897.14
134	1898.07
135	1897.35
136	1897.22
137	1897.54
138	1897.76
139	1897.36
140	1897.57
141	1897.25
142	1897.02
143	1897.59
144	1897.51
145	1896.96
146	1897.58
147	1896.86
148	1897.25
149	1897.92
150	1897.02
151	1897.61
152	1897.59
153	1897.41
154	1897.33
155	1897.32
156	1897.35
157	1897.49
158	1897.43
159	1897.31
160	1897.04
161	1897.19
162	1897.33
163	1897.83
164	1897.34
165	1897.38
166	1897.44
167	1897.44
168	1897.22
169	1897.36
170	1897.54
171	1897.45
172	1897.36
173	1897.51
174	1897.33
175	1897.38
176	1897.17
177	1897.09
178	1897.25
179	1897.75
180	1897.27
181	1896.98
182	1897.08
183	1897.45
184	1897.26
185	1897.51
186	1897.24
187	1897.49
188	1897.13
189	1897.43
190	1897.08
191	1897.56
192	1897.55
193	1897.24
194	1897.3
195	1896.9
196	1897.45
197	1897.15
198	1897.28
199	1897.15
200	1897.26
201	1897.4
202	1897.16
203	1897.38
204	1897.51
205	1897.56
206	1897.37
207	1897.3
208	1897.32
209	1897.52
210	1897.23
211	1897.26
212	1897.36
213	1897.32
214	1897.38
215	1897.47
216	1897.14
217	1897.02
218	1897.47
219	1897.37
220	1897.73
221	1897.45
222	1897.58
223	1897.57
224	1897.7
225	1897.18
226	1897.19
227	1897.28
228	1897.28
229	1897.18
230	1897.18
231	1897.45
232	1897.28
233	1897.22
234	1897.22
235	1897.41
236	1897.42
237	1897.35
238	1897.25
239	1896.96
240	1897.01
241	1897.22
242	1897.5
243	1897.38
244	1897.27
245	1897.23
246	1897.29
247	1897.61
248	1897.55
249	1897.17
250	1897.21
251	1897.41
252	1897.35
253	1897.24
254	1897.02
255	1897.34
256	1897.32
257	1897.1
258	1897.09
259	1897.32
260	1897.37
261	1897.33
262	1897.25
263	1897.42
264	1897.12
265	1897.35
266	1897.46
267	1897.35
268	1897.36
269	1897.21
270	1897.35
271	1896.95
272	1897.39
273	1897.35
274	1897.12
275	1897.25
276	1897.1
277	1897.34
278	1897.3
279	1897.27
280	1897.36
281	1897.35
282	1897.35
283	1897.5
284	1897.3
285	1897.3
286	1897.34
287	1897.61
288	1897.42
289	1897.28
290	1897.59
291	1897.42
292	1897.48
293	1897.4
294	1897.49
295	1897.32
296	1897.36
297	1897.33
298	1897.3
299	1897.34
300	1897.42
301	1897.32
302	1897.41
303	1897.27
304	1897.36
305	1897.44
306	1897.37
307	1897.4
308	1897.33
309	1897.42
310	1897.29
311	1897.33
312	1897.31
313	1897.32
314	1897.39
315	1897.33
316	1897.31
317	1897.38
318	1897.45
319	1897.31
320	1897.3
321	1897.37
322	1897.39
323	1897.36
324	1897.41
325	1897.27
326	1897.31
327	1897.31
328	1897.33
329	1897.29
330	1897.28
331	1897.33
332	1897.27
333	1897.29
334	1897.37
335	1897.3
336	1897.39
337	1897.36
338	1897.41
339	1897.34
340	1897.35
341	1897.37
342	1897.29
343	1897.31
344	1897.45
345	1897.44
346	1897.28
347	1897.39
348	1897.31
349	1897.42
350	1897.35
351	1897.31
352	1897.47
353	1897.25
354	1897.42
355	1897.19
356	1897.39
357	1897.25
358	1897.28
359	1897.32
360	1897.34
361	1897.28
362	1897.44
363	1897.46
364	1897.38
365	1897.34
366	1897.36
367	1897.31
368	1897.23
369	1897.37
370	1897.31
371	1897.28
372	1897.33
373	1897.46
374	1897.24
375	1897.42
376	1897.4
377	1897.32
378	1897.3
379	1897.32
380	1897.33
381	1897.35
382	1897.25
383	1897.28
384	1897.33
385	1897.4
386	1897.55
387	1897.27
388	1897.3
389	1897.3
390	1897.35
391	1897.38
392	1897.36
393	1897.34
394	1897.25
395	1897.29
396	1897.3
397	1897.33
398	1897.33
399	1897.33
