Frame	Volume
1	1448.41
2	1447.51
3	1439.42
4	1432.22
5	1440.03
6	1434.33
7	1438.41
8	1435.81
9	1437.43
10	1436.18
11	1435.47
12	1437.33
13	1438.15
14	1435.92
15	1430.73
16	1438.24
17	1439.71
18	1438.51
19	1435.68
20	1436.84
21	1436.01
22	1433.41
23	1437.85
24	1436.29
25	1434.91
26	1438.55
27	1436.65
28	1438.58
29	1435.12
30	1434.52
31	1436.92
32	1437.15
33	1435.13
34	1436.36
35	1436.07
36	1438.74
37	1436.75
38	1437.4
39	1438.41
40	1438.69
41	1435.3
42	1436.62
43	1437.22
44	1436.25
45	1437.12
46	1437.74
47	1438.09
48	1435.77
49	1435.69
50	1437.7
51	1436.2
52	1436.96
53	1438.07
54	1437.17
55	1436.08
56	1436.61
57	1437.16
58	1436.32
59	1437.29
60	1436.77
61	1436.68
62	1436.78
63	1436.71
64	1436.62
65	1436.95
66	1436.51
67	1436.91
68	1436.05
69	1437.24
70	1436.6
71	1435.94
72	1437.23
73	1436.46
74	1437.12
75	1436.93
76	1436.82
77	1437.61
78	1436.82
79	1436.82
80	1436.78
81	1437.05
82	1437.33
83	1436.84
84	1436.47
85	1436.48
86	1436.14
87	1436.28
88	1436.58
89	1437.18
90	1436.65
91	1436.31
92	1436.48
93	1435.84
94	1436.88
95	1436.82
96	1436.09
97	1436.96
98	1437.26
99	1436.65
100	1436.49
101	1436.7
102	1437.38
103	1437.13
104	1436.7
105	1436.51
106	1436.06
107	1437.33
108	1436.64
109	1436.87
110	1436.79
111	1437.39
112	1436.93
113	1436.68
114	1437.38
115	1436.51
116	1436.63
117	1436.8
118	1436.87
119	1436.59
120	1436.67
121	1436.79
122	1436.63
123	1436.58
124	1436.59
125	1436.81
126	1436.97
127	1436.96
128	1436.25
129	1436.14
130	1437.32
131	1436.32
132	1436.79
133	1435.86
134	1437.08
135	1437.32
136	1436.81
137	1436.92
138	1436.67
139	1436.97
140	1436.81
141	1436.68
142	1436.89
143	1436.8
144	1436.74
145	1437
146	1436.69
147	1436.57
148	1436.68
149	1436.83
150	1436.9
151	1437.04
152	1437.47
153	1436.96
154	1436.85
155	1436.94
156	1437.13
157	1436.89
158	1436.63
159	1436.84
160	1436.55
161	1436.72
162	1436.73
163	1436.89
164	1436.93
165	1436.54
166	1436.95
167	1436.58
168	1436.88
169	1437.12
170	1437.12
171	1437.22
172	1436.84
173	1436.96
174	1437.13
175	1436.95
176	1436.9
177	1436.81
178	1436.66
179	1436.81
180	1437.02
181	1436.84
182	1436.93
183	1436.85
184	1436.83
185	1436.82
186	1436.73
187	1436.75
188	1436.67
189	1436.58
190	1436.46
191	1436.8
192	1436.88
193	1436.91
194	1436.81
195	1436.77
196	1436.6
197	1437.04
198	1436.82
199	1436.93
200	1436.91
201	1436.98
202	1436.75
203	1436.89
204	1436.76
205	1437.12
206	1436.97
207	1436.84
208	1436.66
209	1436.74
210	1436.88
211	1436.99
212	1436.91
213	1436.74
214	1436.98
215	1437
216	1436.8
217	1436.85
218	1436.7
219	1436.95
220	1436.94
221	1436.97
222	1436.8
223	1436.81
224	1436.7
225	1436.88
226	1436.75
227	1436.49
228	1436.8
229	1436.75
230	1436.98
231	1436.7
232	1436.79
233	1436.95
234	1436.78
235	1436.92
236	1436.88
237	1436.73
238	1436.73
239	1437.05
240	1436.94
241	1436.84
242	1436.95
243	1436.92
244	1436.93
245	1436.99
246	1436.63
247	1437.1
248	1436.76
249	1437.08
250	1436.86
251	1437.03
252	1436.76
253	1436.81
254	1436.92
255	1436.87
256	1436.96
257	1437.09
258	1436.88
259	1436.48
260	1436.8
261	1436.76
262	1436.83
263	1436.81
264	1436.83
265	1436.92
266	1436.96
267	1436.94
268	1436.85
269	1436.87
270	1436.73
271	1437.01
272	1437.03
273	1436.86
274	1437.03
275	1437.02
276	1436.86
277	1436.91
278	1436.76
279	1436.79
280	1436.95
281	1437.03
282	1436.85
283	1436.79
284	1436.74
285	1436.79
286	1436.92
287	1436.89
288	1436.9
289	1436.78
290	1436.89
291	1436.96
292	1436.86
293	1436.9
294	1436.79
295	1436.75
296	1436.74
297	1436.97
298	1436.77
299	1436.93
300	1436.92
301	1436.81
302	1436.83
303	1436.87
304	1436.93
305	1436.96
306	1436.73
307	1436.78
308	1436.88
309	1436.99
310	1436.84
311	1436.77
312	1436.86
313	1436.84
314	1436.8
315	1436.87
316	1436.84
317	1436.79
318	1436.86
319	1436.85
320	1436.85
321	1436.76
322	1436.77
323	1436.87
324	1436.92
325	1436.78
326	1436.78
327	1436.94
328	1436.85
329	1436.91
330	1436.87
331	1436.86
332	1436.95
333	1436.88
334	1436.85
335	1436.87
336	1436.87
337	1436.9
338	1436.86
339	1436.81
340	1436.93
341	1436.87
342	1436.83
343	1436.84
344	1436.84
345	1436.86
346	1436.88
347	1436.87
348	1436.89
349	1436.93
350	1436.85
351	1436.9
352	1436.81
353	1436.9
354	1436.87
355	1436.91
356	1436.86
357	1436.81
358	1436.87
359	1436.85
360	1436.81
361	1436.83
362	1436.9
363	1436.93
364	1436.79
365	1436.85
366	1436.87
367	1436.79
368	1436.79
369	1436.89
370	1436.76
371	1436.78
372	1436.76
373	1436.76
374	1436.88
375	1436.85
376	1436.84
377	1436.84
378	1436.85
379	1436.86
380	1436.89
381	1436.87
382	1436.88
383	1437.01
384	1436.9
385	1436.83
386	1436.78
387	1436.82
388	1436.85
389	1436.84
390	1436.79
391	1436.75
392	1436.74
393	1436.79
394	1436.88
395	1436.83
396	1436.93
397	1436.85
398	1436.85
399	1436.78
