Frame	Volume
1	1131.91
2	1113.04
3	1105.47
4	1108.86
5	1110.45
6	1111.65
7	1125.19
8	1106.94
9	1106.07
10	1110.67
11	1106.88
12	1115.22
13	1108.14
14	1114.17
15	1112.56
16	1114.5
17	1122.38
18	1111.51
19	1114.45
20	1111.14
21	1111
22	1120.33
23	1110.78
24	1108.26
25	1111.5
26	1110.83
27	1110.03
28	1112.21
29	1112.45
30	1109.14
31	1118.8
32	1109.08
33	1110.11
34	1114.48
35	1119.08
36	1111.1
37	1110.49
38	1109.23
39	1113.19
40	1113.05
41	1110.69
42	1110.27
43	1119.69
44	1111.54
45	1117.35
46	1110.24
47	1110.91
48	1111.7
49	1110.62
50	1107.82
51	1109.2
52	1118.75
53	1112.02
54	1111.78
55	1111.48
56	1111.87
57	1108.91
58	1110.23
59	1120.62
60	1110.71
61	1110.72
62	1109.64
63	1110.67
64	1108.8
65	1112.94
66	1110.73
67	1109.42
68	1109.24
69	1112.15
70	1111.72
71	1121.57
72	1111.02
73	1108.56
74	1110.11
75	1110.32
76	1111.88
77	1108.27
78	1110.43
79	1110.36
80	1111.56
81	1111.36
82	1111.02
83	1110.67
84	1110.75
85	1110.77
86	1111.19
87	1109.92
88	1110.24
89	1110.87
90	1110.76
91	1112
92	1110.83
93	1110.98
94	1111.54
95	1111.31
96	1110.17
97	1119.65
98	1110.62
99	1110.89
100	1109.73
101	1111.49
102	1109.95
103	1120.83
104	1111.22
105	1111.39
106	1110.97
107	1111.03
108	1110.63
109	1111.04
110	1110.88
111	1110.33
112	1110.66
113	1110.71
114	1110.98
115	1111.12
116	1110.3
117	1110.41
118	1110.24
119	1110.12
120	1111.4
121	1111.05
122	1109.8
123	1110.41
124	1110.49
125	1110.85
126	1109.68
127	1111.21
128	1111.23
129	1110.37
130	1110.18
131	1110.4
132	1111.03
133	1111.09
134	1110.6
135	1110.37
136	1110.83
137	1111.1
138	1111.02
139	1111.4
140	1110.69
141	1110.52
142	1110.79
143	1110.66
144	1110.57
145	1111.05
146	1111.02
147	1110.94
148	1112.04
149	1111.37
150	1110.36
151	1111.58
152	1110.94
153	1110.74
154	1110.61
155	1111.11
156	1111.42
157	1110.63
158	1110.46
159	1110.8
160	1111.1
161	1110.65
162	1110.29
163	1110.99
164	1110.58
165	1110.56
166	1110.85
167	1111.2
168	1110.79
169	1110.7
170	1111.49
171	1110.74
172	1110.55
173	1110.85
174	1111.08
175	1110.59
176	1110.06
177	1110.74
178	1110.06
179	1111.08
180	1110.82
181	1110.61
182	1110.43
183	1110.86
184	1110.98
185	1111.12
186	1111.26
187	1111.17
188	1110.6
189	1110.94
190	1111.32
191	1110.84
192	1109.68
193	1110.69
194	1110.45
195	1110.73
196	1110.7
197	1110.86
198	1110.63
199	1111.13
200	1110.89
201	1111
202	1110.54
203	1110.77
204	1110.88
205	1110.75
206	1110.99
207	1111.13
208	1111
209	1110.72
210	1110.76
211	1110.35
212	1110.7
213	1110.71
214	1110.9
215	1110.71
216	1110.69
217	1110.85
218	1110.69
219	1110.19
220	1110.83
221	1110.93
222	1110.93
223	1111.13
224	1110.98
225	1110.55
226	1110.98
227	1110.53
228	1111.36
229	1110.21
230	1110.92
231	1110.71
232	1111.01
233	1110.4
234	1110.61
235	1110.93
236	1110.76
237	1111
238	1110.93
239	1110.81
240	1110.65
241	1110.9
242	1110.76
243	1110.81
244	1110.87
245	1110.75
246	1111.01
247	1110.7
248	1110.73
249	1110.76
250	1110.83
251	1110.47
252	1111.18
253	1110.72
254	1110.71
255	1110.72
256	1110.69
257	1110.83
258	1110.67
259	1110.81
260	1110.76
261	1110.76
262	1110.61
263	1110.83
264	1110.97
265	1110.62
266	1110.51
267	1111.18
268	1110.86
269	1110.99
270	1110.85
271	1110.59
272	1110.66
273	1110.75
274	1110.63
275	1110.87
276	1110.71
277	1110.54
278	1110.91
279	1110.57
280	1110.82
281	1110.88
282	1110.97
283	1110.77
284	1110.92
285	1110.78
286	1110.69
287	1110.75
288	1110.84
289	1110.71
290	1110.85
291	1110.7
292	1110.86
293	1110.85
294	1110.68
295	1110.56
296	1110.91
297	1110.73
298	1110.81
299	1110.78
300	1110.67
301	1110.68
302	1110.8
303	1110.82
304	1110.61
305	1110.77
306	1110.84
307	1110.61
308	1110.82
309	1110.75
310	1110.8
311	1110.78
312	1110.67
313	1110.71
314	1110.74
315	1110.77
316	1110.68
317	1110.62
318	1110.73
319	1110.61
320	1110.81
321	1110.96
322	1110.64
323	1110.73
324	1110.89
325	1110.79
326	1110.93
327	1110.53
328	1110.69
329	1110.69
330	1110.94
331	1110.82
332	1110.78
333	1110.78
334	1110.86
335	1110.87
336	1110.82
337	1110.65
338	1110.77
339	1110.75
340	1110.6
341	1110.77
342	1110.76
343	1110.7
344	1110.89
345	1110.88
346	1110.83
347	1110.77
348	1110.81
349	1110.63
350	1110.72
351	1110.88
352	1110.95
353	1110.8
354	1110.74
