       0.000           0.0000
       1.000         497.7012
       2.000         909.2046
       3.000        1373.7784
       4.000        1809.0118
       5.000        2270.8242
       6.000        2768.6714
       7.000        3199.1758
       8.000        3686.2095
       9.000        4162.7080
      10.000        4619.7705
      11.000        5057.9512
      12.000        5564.1353
      13.000        5990.5923
      14.000        6384.8945
      15.000        6838.2041
      16.000        7437.1528
      17.000        7818.1411
      18.000        8377.4736
      19.000        8823.4775
      20.000        9270.3203
      21.000        9496.4629
      22.000        9616.2988
      23.000       10025.7939
      24.000       10158.1387
      25.000       10343.2891
      26.000       10592.8662
      27.000       11027.1240
      28.000       11083.7461
      29.000       11193.3135
      30.000       11656.7910
      31.000       11766.6270
      32.000       12073.2646
      33.000       12227.5938
      34.000       12386.2168
      35.000       12751.0684
      36.000       12922.6016
      37.000       13140.0488
      38.000       13527.4238
      39.000       13554.9004
      40.000       13825.8145
      41.000       13957.6035
      42.000       13793.2793
      43.000       13785.9111
      44.000       13987.9326
      45.000       14044.7246
      46.000       13850.5088
      47.000       13959.1914
      48.000       14093.6348
      49.000       13949.5684
      50.000       13887.9531
      51.000       14157.7188
      52.000       14045.0361
      53.000       13918.4395
      54.000       14072.8848
      55.000       13807.3906
      56.000       13910.5186
      57.000       13930.3877
      58.000       13780.7832
      59.000       13934.2891
      60.000       13827.9395
      61.000       13891.4492
      62.000       13727.8467
      63.000       13872.7373
      64.000       13935.3770
      65.000       13924.3047
      66.000       13973.1611
      67.000       13893.0977
      68.000       13828.0254
      69.000       13827.0820
      70.000       14066.2969
      71.000       13898.5420
      72.000       14080.6191
      73.000       13852.4424
      74.000       14005.6338
      75.000       14057.0898
      76.000       13867.0654
      77.000       13872.8779
      78.000       14067.3584
      79.000       13841.6523
      80.000       13948.5693
      81.000       13850.4668
      82.000       13927.2666
      83.000       13905.4297
      84.000       13891.5459
      85.000       13806.7656
      86.000       13879.8086
      87.000       13849.4121
      88.000       13957.9902
      89.000       13911.2178
      90.000       13908.7070
      91.000       13807.9619
      92.000       13978.2803
      93.000       14136.5078
      94.000       13803.8057
      95.000       13649.2441
      96.000       13897.9941
      97.000       14064.3945
      98.000       13858.9170
      99.000       14062.7256
     100.000       13890.0000
     101.000       14028.6846
     102.000       13969.8838
     103.000       13991.6289
     104.000       13816.5762
     105.000       13735.1465
     106.000       13778.7871
     107.000       13878.8496
     108.000       14028.4482
     109.000       13899.9443
     110.000       13990.0938
     111.000       13951.3271
     112.000       13799.6914
     113.000       13868.0498
     114.000       13963.6357
     115.000       13867.1270
     116.000       13897.9795
     117.000       13845.5371
     118.000       13994.9082
     119.000       14074.9336
     120.000       13891.1777
     121.000       13805.0254
     122.000       13916.9277
     123.000       13959.9346
     124.000       13884.3857
     125.000       13796.4570
     126.000       13892.8906
     127.000       14046.8154
     128.000       13827.3857
     129.000       13903.7275
     130.000       13896.7207
     131.000       13836.8691
     132.000       13810.3457
     133.000       14017.3945
     134.000       13908.6309
     135.000       13741.1582
     136.000       13889.3945
     137.000       14055.8203
     138.000       13743.9170
     139.000       13942.8984
     140.000       13853.7090
