       0.000      -93627.2479
       1.000      -72855.6700
       2.000      -72661.5088
       3.000      -72338.1676
       4.000      -72047.1544
       5.000      -71712.6847
       6.000      -71453.5606
       7.000      -71131.4615
       8.000      -70810.5404
       9.000      -70658.3580
      10.000      -70362.6622
      11.000      -70044.3868
      12.000      -69859.9852
      13.000      -69471.4780
      14.000      -69212.0173
      15.000      -69030.5418
      16.000      -68808.5347
      17.000      -68509.4827
      18.000      -68237.4210
      19.000      -68030.8038
      20.000      -67850.0337
      21.000      -67749.0145
      22.000      -67468.1138
      23.000      -67351.2655
      24.000      -67123.8869
      25.000      -67219.3530
      26.000      -67049.1823
      27.000      -66913.6448
      28.000      -66715.7779
      29.000      -66610.0781
      30.000      -66435.3859
      31.000      -66381.4737
      32.000      -66210.6385
      33.000      -66134.4102
      34.000      -65933.0145
      35.000      -65819.3354
      36.000      -65686.8086
      37.000      -65505.9514
      38.000      -65526.8992
      39.000      -65192.8624
      40.000      -65068.1632
      41.000      -64815.3548
      42.000      -64845.7003
      43.000      -64913.8238
      44.000      -65142.4666
      45.000      -65189.3389
      46.000      -65086.0784
      47.000      -65072.9606
      48.000      -65020.8891
      49.000      -64975.0338
      50.000      -65061.4027
      51.000      -65000.6529
      52.000      -65202.3513
      53.000      -65211.6784
      54.000      -65142.9878
      55.000      -65336.7411
      56.000      -65152.7282
      57.000      -65269.8549
      58.000      -65308.6998
      59.000      -65239.2844
      60.000      -65215.5002
      61.000      -65143.2674
      62.000      -65416.3709
      63.000      -65387.6668
      64.000      -65233.1918
      65.000      -65381.1987
      66.000      -65318.2791
      67.000      -65366.2060
      68.000      -65417.0435
      69.000      -65622.1237
      70.000      -65535.2736
      71.000      -65517.3220
      72.000      -65568.6771
      73.000      -65602.5808
      74.000      -65491.1832
      75.000      -65471.5527
      76.000      -65538.8865
      77.000      -65642.3987
      78.000      -65537.5130
      79.000      -65618.2093
      80.000      -65461.3262
      81.000      -65491.0369
      82.000      -65605.7796
      83.000      -65715.0076
      84.000      -65729.5651
      85.000      -65512.2505
      86.000      -65643.0935
      87.000      -65554.2313
      88.000      -65641.5039
      89.000      -65448.6258
      90.000      -65481.2536
      91.000      -65607.0944
      92.000      -65521.1444
      93.000      -65646.3519
      94.000      -65603.8166
      95.000      -65652.7903
      96.000      -65740.9412
      97.000      -65607.3995
      98.000      -65558.8988
      99.000      -65897.7487
     100.000      -65780.8345
     101.000      -65586.2596
     102.000      -65782.8434
     103.000      -65872.0335
     104.000      -65797.6824
     105.000      -65770.4741
     106.000      -65791.2983
     107.000      -65824.9385
     108.000      -65847.8322
     109.000      -65864.9623
     110.000      -65943.9668
     111.000      -66050.8343
     112.000      -65868.5290
     113.000      -65751.8003
     114.000      -65836.3233
     115.000      -65918.1148
     116.000      -65861.9304
     117.000      -65886.8792
     118.000      -65974.2461
     119.000      -66013.6343
     120.000      -65974.3147
     121.000      -66003.9651
     122.000      -65828.1624
     123.000      -66114.3360
     124.000      -66237.2652
     125.000      -66070.8046
     126.000      -66150.4895
     127.000      -66139.2398
     128.000      -66161.7794
     129.000      -66055.3238
     130.000      -66193.8688
     131.000      -66064.5644
     132.000      -66089.8082
     133.000      -66042.7668
     134.000      -66029.1740
     135.000      -65970.4427
     136.000      -65986.9118
     137.000      -66140.5260
     138.000      -66154.3259
     139.000      -66106.7410
     140.000      -66243.7566
