       0.000      -93865.6253
       1.000      -72369.7071
       2.000      -71697.6467
       3.000      -70952.9303
       4.000      -70236.0048
       5.000      -69545.9333
       6.000      -68742.5584
       7.000      -67973.6621
       8.000      -67348.3562
       9.000      -66578.5749
      10.000      -65842.4656
      11.000      -65032.2368
      12.000      -64221.0700
      13.000      -63483.5940
      14.000      -62856.6223
      15.000      -62217.4401
      16.000      -61524.4016
      17.000      -60550.7228
      18.000      -59997.5474
      19.000      -59256.6501
      20.000      -58394.9841
      21.000      -57987.8584
      22.000      -57769.4691
      23.000      -57345.4694
      24.000      -57011.8154
      25.000      -56714.7989
      26.000      -56307.3167
      27.000      -56006.1684
      28.000      -55598.5707
      29.000      -55425.5531
      30.000      -54814.2848
      31.000      -54663.3229
      32.000      -54025.2113
      33.000      -53831.5406
      34.000      -53417.7560
      35.000      -53104.4629
      36.000      -52601.7568
      37.000      -52392.4110
      38.000      -52035.9279
      39.000      -51422.1479
      40.000      -51077.0708
      41.000      -50833.3660
      42.000      -50996.0638
      43.000      -51198.8253
      44.000      -51098.4162
      45.000      -50926.9995
      46.000      -51126.3553
      47.000      -50860.0077
      48.000      -51181.6011
      49.000      -50922.6737
      50.000      -51082.3178
      51.000      -51207.1785
      52.000      -51091.8360
      53.000      -51155.4250
      54.000      -51379.4534
      55.000      -51163.8810
      56.000      -51192.2508
      57.000      -51260.8093
      58.000      -51341.2408
      59.000      -51331.2458
      60.000      -51319.3533
      61.000      -51114.0106
      62.000      -51283.2196
      63.000      -51619.7384
      64.000      -51296.7721
      65.000      -51350.8386
      66.000      -51422.0708
      67.000      -51457.9320
      68.000      -51577.1292
      69.000      -51459.6960
      70.000      -51439.0291
      71.000      -51250.8540
      72.000      -51448.9019
      73.000      -51625.3845
      74.000      -51600.9886
      75.000      -51474.2442
      76.000      -51780.9292
      77.000      -51542.7342
      78.000      -51752.5054
      79.000      -51585.5295
      80.000      -51689.9613
      81.000      -51730.3618
      82.000      -51613.8717
      83.000      -51511.0596
      84.000      -51709.4443
      85.000      -51643.9674
      86.000      -51537.5864
      87.000      -51679.7280
      88.000      -51667.4107
      89.000      -51735.5363
      90.000      -51718.4003
      91.000      -51786.3666
      92.000      -51989.9054
      93.000      -52024.1392
      94.000      -51859.3878
      95.000      -51810.9809
      96.000      -51819.8597
      97.000      -52072.9859
      98.000      -51818.1605
      99.000      -52020.0313
     100.000      -51874.9640
     101.000      -51824.2432
     102.000      -51865.6743
     103.000      -51851.2388
     104.000      -51927.6884
     105.000      -52252.5035
     106.000      -52034.7117
     107.000      -51958.7494
     108.000      -51862.7197
     109.000      -51898.3067
     110.000      -51925.1913
     111.000      -52074.7452
     112.000      -52003.1842
     113.000      -52166.2452
     114.000      -51979.2375
     115.000      -51990.5189
     116.000      -51905.7318
     117.000      -52047.3112
     118.000      -52434.3369
     119.000      -51984.1488
     120.000      -51889.2888
     121.000      -52481.5446
     122.000      -52038.5069
     123.000      -52120.9848
     124.000      -52087.5099
     125.000      -52117.3703
     126.000      -52010.7086
     127.000      -52143.2553
     128.000      -52181.4629
     129.000      -52109.0342
     130.000      -52001.1139
     131.000      -52129.2459
     132.000      -52524.5874
     133.000      -52243.3500
     134.000      -52270.6017
     135.000      -52326.0939
     136.000      -52282.2894
     137.000      -52120.6110
     138.000      -52265.9014
     139.000      -52347.0087
     140.000      -52489.4454
