       0.000       0.00
       1.000       9.94
       2.000      19.41
       3.000      29.41
       4.000      39.15
       5.000      49.43
       6.000      59.55
       7.000      68.40
       8.000      79.97
       9.000      89.81
      10.000      98.51
      11.000     108.99
      12.000     118.61
      13.000     129.25
      14.000     138.08
      15.000     151.14
      16.000     160.41
      17.000     171.31
      18.000     177.83
      19.000     188.05
      20.000     199.21
      21.000     202.79
      22.000     209.47
      23.000     214.99
      24.000     217.49
      25.000     225.28
      26.000     229.49
      27.000     232.67
      28.000     239.44
      29.000     243.65
      30.000     247.12
      31.000     256.29
      32.000     257.48
      33.000     264.43
      34.000     270.39
      35.000     274.79
      36.000     281.20
      37.000     287.21
      38.000     288.07
      39.000     295.23
      40.000     297.44
      41.000     298.45
      42.000     297.01
      43.000     303.02
      44.000     300.10
      45.000     299.90
      46.000     299.61
      47.000     302.40
      48.000     300.39
      49.000     304.21
      50.000     300.84
      51.000     302.06
      52.000     299.10
      53.000     300.23
      54.000     299.03
      55.000     298.77
      56.000     302.03
      57.000     301.96
      58.000     300.77
      59.000     301.07
      60.000     301.11
      61.000     301.43
      62.000     299.88
      63.000     301.88
      64.000     301.00
      65.000     296.73
      66.000     298.75
      67.000     299.45
      68.000     302.35
      69.000     296.30
      70.000     300.91
      71.000     299.45
      72.000     298.74
      73.000     304.10
      74.000     302.09
      75.000     302.34
      76.000     299.26
      77.000     304.01
      78.000     303.42
      79.000     301.52
      80.000     299.68
      81.000     297.20
      82.000     298.46
      83.000     301.15
      84.000     300.46
      85.000     297.77
      86.000     300.06
      87.000     302.26
      88.000     300.28
      89.000     297.39
      90.000     296.24
      91.000     299.80
      92.000     298.08
      93.000     299.71
      94.000     295.22
      95.000     301.98
      96.000     302.83
      97.000     299.87
      98.000     296.31
      99.000     301.02
     100.000     299.23
     101.000     298.84
     102.000     299.45
     103.000     299.23
     104.000     300.81
     105.000     300.66
     106.000     300.09
     107.000     299.94
     108.000     301.06
     109.000     300.54
     110.000     300.87
     111.000     298.40
     112.000     299.92
     113.000     300.29
     114.000     300.57
     115.000     303.09
     116.000     301.80
     117.000     298.48
     118.000     295.81
     119.000     302.35
     120.000     300.22
     121.000     300.34
     122.000     301.46
     123.000     299.60
     124.000     301.14
     125.000     300.24
     126.000     301.40
     127.000     299.85
     128.000     300.34
     129.000     298.46
     130.000     300.95
     131.000     301.66
     132.000     296.04
     133.000     301.33
     134.000     301.02
     135.000     300.36
     136.000     300.21
     137.000     301.09
     138.000     301.26
     139.000     298.68
     140.000     299.26
