Frame	Volume
1	1192.94
2	1162.75
3	1159.03
4	1143.05
5	1161.97
6	1157.22
7	1156.41
8	1155.81
9	1153.71
10	1156.59
11	1153.04
12	1152.43
13	1160.6
14	1155.95
15	1151.48
16	1162.19
17	1150.86
18	1158.14
19	1156.18
20	1154.6
21	1153.9
22	1151.55
23	1149.96
24	1149.37
25	1155.8
26	1156.31
27	1156.67
28	1153.07
29	1153.35
30	1153.41
31	1152.49
32	1153.28
33	1150.71
34	1157.14
35	1155.72
36	1153.77
37	1153.58
38	1152.85
39	1155.72
40	1153.72
41	1154.38
42	1152.59
43	1152.72
44	1152.94
45	1152.99
46	1152.22
47	1153.05
48	1151.37
49	1150.99
50	1153.68
51	1151.76
52	1152.52
53	1154.41
54	1153.83
55	1153.33
56	1154.56
57	1150.22
58	1155.77
59	1154.4
60	1154.83
61	1152.36
62	1153.7
63	1152.63
64	1155.43
65	1152.8
66	1154.3
67	1152.94
68	1153.37
69	1153.96
70	1153.79
71	1152.65
72	1154.65
73	1154.93
74	1154.78
75	1153.29
76	1153.85
77	1153.28
78	1153.77
79	1154.88
80	1153.06
81	1154.15
82	1155.55
83	1154.49
84	1153.82
85	1154.24
86	1152.35
87	1152.91
88	1153.84
89	1154.22
90	1152.96
91	1156.4
92	1155.05
93	1153.18
94	1153.94
95	1155.08
96	1153.53
97	1154.58
98	1154.59
99	1155.18
100	1154.04
101	1153.21
102	1154.4
103	1153.63
104	1153.79
105	1153.88
106	1153.11
107	1153.02
108	1155.36
109	1154.09
110	1154.52
111	1153.77
112	1153.07
113	1154.1
114	1153.04
115	1153.61
116	1154.61
117	1154.37
118	1154.15
119	1154.48
120	1154.2
121	1154.53
122	1153.51
123	1154.75
124	1155.18
125	1154.66
126	1154.83
127	1153.52
128	1153.88
129	1153.7
130	1154.05
131	1154.32
132	1154.02
133	1153.21
134	1154.15
135	1154.26
136	1153.71
137	1154.23
138	1154.18
139	1153.84
140	1154.39
141	1153.42
142	1154.58
143	1153.64
144	1154.13
145	1153.85
146	1154.56
147	1154.23
148	1154.21
149	1154.13
150	1154.6
151	1153.58
152	1154.52
153	1154.28
154	1153.24
155	1154.37
156	1153.7
157	1154.5
158	1154.08
159	1153.98
160	1154.26
161	1153.67
162	1154.5
163	1154.99
164	1154.57
165	1154.37
166	1154
167	1154.06
168	1154.31
169	1153.43
170	1153.88
171	1154.58
172	1154.06
173	1154.57
174	1154.13
175	1154.15
176	1153.85
177	1154.36
178	1154.25
179	1154.98
180	1153.96
181	1153.86
182	1154.71
183	1153.93
184	1153.5
185	1154.1
186	1154.2
187	1153.99
188	1153.84
189	1154.24
190	1154.76
191	1154.15
192	1154.02
193	1154.24
194	1154.1
195	1154.74
196	1154.98
197	1153.58
198	1154.4
199	1154.57
200	1154.33
201	1154.41
202	1153.97
203	1154.02
204	1154.2
205	1153.97
206	1154.05
207	1153.58
208	1154.14
209	1154.12
210	1153.78
211	1153.84
212	1154.06
213	1154.39
214	1153.97
215	1153.9
216	1154.48
217	1154.22
218	1154.35
219	1153.69
220	1153.94
221	1153.99
222	1154.47
223	1153.96
224	1154.17
225	1154.04
226	1154.06
227	1154.09
228	1153.8
229	1154.03
230	1154.31
231	1154.35
232	1154.29
233	1153.77
234	1153.93
235	1154.02
236	1154.01
237	1154.17
238	1154.03
239	1154.16
240	1154.48
241	1153.99
242	1154.23
243	1154.08
244	1154.17
245	1153.96
246	1154.29
247	1153.77
248	1154.14
249	1154.31
250	1154.38
251	1154
252	1154.12
253	1153.9
254	1153.91
255	1154.14
256	1154.25
257	1154.15
258	1154.38
259	1154.35
260	1154.07
261	1153.77
262	1154.34
263	1154.2
264	1153.86
265	1154.16
266	1154.29
267	1153.95
268	1153.61
269	1153.85
270	1154.15
271	1153.91
272	1154.22
273	1153.69
274	1154.12
275	1153.97
276	1154.33
277	1154.15
278	1153.83
279	1154.05
280	1153.99
281	1153.86
282	1154.27
283	1154.38
284	1154.16
285	1154.49
286	1154.16
287	1153.74
288	1154.25
289	1153.97
290	1154.03
291	1154.09
292	1154.3
293	1154.08
294	1154.28
295	1154.21
296	1153.87
297	1154.06
298	1154.18
299	1154.07
300	1154.16
301	1153.85
302	1154.22
303	1154.23
304	1154.25
305	1154.45
306	1153.99
307	1153.96
308	1154.13
309	1154.35
310	1154.07
311	1154.23
312	1154.04
313	1154.12
314	1153.97
315	1154.19
316	1154.15
317	1154.1
318	1154.29
319	1154.21
320	1153.97
321	1154.22
322	1154.2
323	1154.34
324	1154.11
325	1154.17
326	1154.13
327	1154.13
328	1154.12
329	1154
330	1154.19
331	1154.15
332	1154.17
333	1154.2
334	1154.09
335	1154.2
336	1154.12
337	1154.18
338	1154.02
339	1154.08
340	1154.03
341	1154.04
342	1154.23
343	1154.13
344	1154.12
345	1154.13
346	1153.99
347	1154.12
348	1154.12
349	1154.12
350	1154.22
351	1154.24
352	1154.13
353	1154.16
354	1154.06
