#Frame           RMSD
       1       2.1489
       2       1.8524
       3       1.7031
       4       1.7900
       5       1.6679
       6       1.1904
       7       1.1637
       8       1.0576
       9       1.0423
      10       1.0072
      11       1.4993
      12       1.6043
      13       1.5395
      14       2.2597
      15       0.8694
      16       0.9539
      17       1.0677
      18       2.0727
      19       2.6131
      20       1.3388
      21       1.0615
      22       1.0414
      23       1.0485
      24       1.5579
      25       1.8531
      26       1.9274
      27       0.9955
      28       2.0537
      29       1.1204
      30       1.2567
      31       0.9033
      32       1.6454
      33       1.0795
      34       1.1316
      35       2.1140
      36       1.6787
      37       1.6465
      38       2.2098
      39       1.5818
      40       1.2616
      41       1.0190
      42       0.9984
      43       0.9931
      44       1.3012
      45       0.9314
      46       1.0967
      47       1.0337
      48       1.3666
      49       0.9143
      50       1.1337
      51       1.0427
      52       0.9990
      53       2.2017
      54       0.9350
      55       1.0353
      56       1.2287
      57       1.4809
      58       0.8528
      59       1.1053
      60       2.1533
      61       0.9871
      62       0.8948
      63       1.3491
      64       1.0534
      65       1.5427
      66       0.9214
      67       1.2052
      68       0.8992
      69       1.1045
      70       1.6019
      71       1.1735
      72       1.1799
      73       1.0790
      74       1.3370
      75       1.5683
      76       1.7094
      77       0.9152
      78       1.2266
      79       1.2939
      80       1.1458
      81       1.1882
      82       1.9591
      83       1.7730
      84       1.0688
      85       1.0267
      86       0.9743
      87       1.2771
      88       0.8849
      89       0.9677
      90       0.8663
      91       1.3893
      92       1.0080
      93       1.2053
      94       1.6402
      95       1.7312
      96       1.1553
      97       1.3908
      98       1.5433
      99       1.2049
     100       1.0264
     101       1.4145
     102       1.0968
     103       0.8960
     104       1.0013
     105       1.3239
     106       1.6111
     107       2.1533
     108       1.1134
     109       1.0414
     110       1.4098
     111       0.8920
     112       1.0750
     113       1.1113
     114       1.1961
     115       1.0443
     116       0.9016
     117       1.1613
     118       1.8099
     119       1.0154
     120       1.0352
     121       1.0335
     122       0.9431
     123       1.3115
     124       1.0449
     125       1.2108
     126       1.3876
     127       1.2381
     128       1.6802
     129       0.9963
     130       1.1191
     131       1.3571
     132       1.0852
     133       1.1107
     134       1.7301
     135       1.0294
     136       0.9763
     137       0.9380
     138       1.7947
     139       1.3206
     140       0.9468
     141       1.3166
     142       1.9304
     143       1.0756
     144       0.8127
     145       1.5708
     146       0.9886
     147       0.9690
     148       1.0140
     149       1.1062
     150       1.0658
     151       1.3232
     152       1.0089
     153       0.9433
     154       1.2634
     155       2.1164
     156       1.4889
     157       1.4678
     158       0.8792
     159       1.4653
     160       1.0278
     161       1.1957
     162       0.7984
     163       1.4416
     164       0.9931
     165       1.3199
     166       1.0178
     167       0.9141
     168       1.2368
     169       1.3391
     170       1.6412
     171       2.1023
     172       1.4781
     173       1.3132
     174       1.0459
     175       0.8863
     176       1.2590
     177       0.8515
     178       1.1176
     179       1.2454
     180       0.8408
     181       0.8911
     182       0.9396
     183       0.9711
     184       2.2821
     185       1.4287
     186       1.6264
     187       1.0760
     188       1.3004
     189       0.9346
     190       1.2181
     191       1.0759
     192       1.0838
     193       1.5150
     194       1.1190
     195       0.9413
     196       0.8525
     197       2.3346
     198       1.7401
     199       1.0142
     200       1.2054
     201       0.9281
     202       0.9596
     203       1.0037
     204       1.4085
     205       1.1514
     206       1.4371
     207       1.0241
     208       0.9586
     209       1.2481
     210       0.9616
     211       1.1340
     212       0.9084
     213       1.2153
     214       1.2192
     215       0.9762
     216       0.8397
     217       1.8322
     218       1.4911
     219       0.9846
     220       0.9831
     221       1.4572
     222       1.1903
     223       2.1160
     224       0.9088
     225       1.2873
     226       1.3929
     227       1.0955
     228       1.0087
     229       1.0714
     230       0.9640
     231       1.3464
     232       1.4672
     233       2.0067
     234       0.7993
     235       1.2347
     236       1.0625
     237       1.1663
     238       1.5734
     239       1.1427
     240       1.4182
     241       1.1885
     242       1.1581
     243       1.1546
     244       0.9871
     245       0.8672
     246       1.3543
     247       2.0440
     248       1.7866
     249       0.9177
     250       1.5577
     251       0.9517
     252       0.9305
     253       1.5855
     254       1.2318
     255       1.4865
     256       1.3770
     257       1.2024
     258       1.1078
     259       1.5579
     260       1.0350
     261       1.0666
     262       0.9989
     263       1.6010
     264       1.6177
     265       1.6775
     266       1.5783
     267       1.6323
     268       1.5518
     269       0.8820
     270       1.3281
     271       1.2074
     272       1.1310
     273       1.1893
     274       1.2418
     275       1.6443
     276       1.2634
     277       1.0473
     278       0.9183
     279       1.4975
     280       0.9202
     281       1.3034
     282       0.9658
     283       0.9736
     284       1.4734
     285       1.8902
     286       1.2404
     287       1.9554
     288       1.8241
     289       1.3628
     290       1.3747
     291       1.3427
     292       1.6454
     293       1.9529
     294       1.1428
     295       1.3554
     296       1.0826
     297       1.0611
     298       1.6199
     299       1.2941
     300       0.9680
     301       1.4517
     302       1.0380
     303       1.2305
     304       1.3440
     305       0.9808
     306       0.8680
     307       1.1393
     308       0.8550
     309       2.1013
     310       1.7051
     311       2.2711
     312       1.7564
     313       1.9107
     314       1.9395
     315       1.1894
     316       1.1237
     317       1.7532
     318       0.8990
     319       1.0475
     320       1.2142
     321       0.8246
     322       1.1917
     323       1.2821
     324       1.3781
     325       0.8171
     326       1.3057
     327       0.9727
     328       2.1001
     329       1.3356
     330       0.9745
     331       1.7724
     332       2.3547
     333       1.2978
     334       2.1162
     335       1.2412
     336       1.4444
     337       0.9698
     338       1.2908
     339       0.8587
     340       0.9236
     341       1.1708
     342       0.8163
     343       1.5694
     344       1.2077
     345       1.2782
     346       1.1344
     347       1.1788
     348       0.9939
     349       1.0573
     350       1.5883
     351       1.5895
     352       1.3115
     353       2.0667
     354       0.8823
     355       0.9793
     356       0.8979
     357       0.9174
     358       1.1291
     359       1.3218
     360       1.0079
     361       0.9498
     362       1.7263
     363       1.3486
     364       0.9391
     365       1.2774
     366       1.0144
     367       1.7821
     368       1.3453
     369       1.2023
     370       1.5914
     371       0.9664
     372       0.9660
     373       1.0603
     374       1.9022
     375       1.0737
     376       1.3285
     377       0.8954
     378       1.2153
     379       1.2396
     380       1.0283
     381       1.2359
     382       1.0981
     383       0.8003
     384       1.2728
     385       1.2523
     386       0.8788
     387       1.5393
     388       1.0682
     389       1.3530
     390       1.2668
     391       1.1695
     392       0.9108
     393       1.2139
     394       1.1333
     395       1.4752
     396       1.4008
     397       1.1224
     398       1.0019
     399       0.9761
     400       1.2995
     401       0.9869
     402       1.8713
     403       1.7428
     404       1.1681
     405       0.9926
     406       1.0316
     407       1.1245
     408       2.0886
     409       2.1008
     410       1.2089
     411       1.0510
     412       1.1169
     413       1.3601
     414       1.3478
     415       1.1629
     416       1.1110
     417       0.8266
     418       0.9857
     419       1.1779
     420       1.2242
     421       1.2610
     422       0.9968
     423       1.8421
     424       1.6645
     425       0.9818
     426       1.6895
     427       0.9053
     428       1.1517
     429       1.0196
     430       1.3798
     431       1.1154
     432       1.1607
     433       0.9791
     434       1.2387
     435       1.5247
     436       0.9887
     437       1.2287
     438       1.2744
     439       0.8819
     440       1.1084
     441       0.9048
     442       1.2366
     443       1.1595
     444       2.1535
     445       2.2642
     446       2.0829
     447       1.1493
     448       1.4924
     449       1.5566
     450       0.8800
     451       1.6870
     452       0.8571
     453       1.1272
     454       1.1866
     455       1.2753
     456       0.9367
     457       1.7041
     458       1.3325
     459       1.2006
     460       1.1655
     461       1.0554
     462       1.3128
     463       1.0048
     464       1.5006
     465       1.6236
     466       1.0401
     467       0.9177
     468       0.8992
     469       1.3483
     470       1.2491
     471       1.1909
     472       1.4676
     473       1.4998
     474       2.1316
     475       2.0836
     476       1.6511
     477       1.2457
     478       1.5172
     479       1.3577
     480       1.2323
     481       1.1216
     482       1.1549
     483       1.8055
     484       1.2862
     485       1.4771
     486       1.3916
     487       1.0418
     488       1.8890
     489       1.4221
     490       1.5766
     491       1.6771
     492       0.9263
     493       0.9918
     494       0.9136
     495       1.0721
     496       2.3006
     497       1.4101
     498       2.1897
     499       1.5477
     500       1.7885
     501       1.9314
     502       1.5389
     503       2.2947
     504       1.5654
     505       1.2960
     506       1.3001
     507       1.2021
     508       0.9667
     509       1.7552
     510       1.6222
     511       1.3035
     512       1.0448
     513       1.0883
     514       1.0951
     515       1.0223
     516       1.0232
     517       1.2236
     518       1.0556
     519       1.4609
     520       0.8851
     521       1.4574
     522       1.3720
     523       1.9335
     524       1.5596
     525       2.1653
     526       1.7549
     527       1.1905
     528       1.9222
     529       1.7443
     530       1.0785
     531       0.9664
     532       1.1186
     533       1.0393
     534       1.0874
     535       1.2328
     536       1.3119
     537       1.1982
     538       0.9305
     539       1.1067
     540       0.9528
     541       1.1626
     542       1.1301
     543       1.7270
     544       0.8174
     545       1.8696
     546       1.3909
     547       1.7122
     548       1.9035
     549       0.8985
     550       1.6298
     551       1.1138
     552       0.8354
     553       1.0152
     554       1.0048
     555       1.6536
     556       1.5447
     557       1.0521
     558       1.1010
     559       1.2163
     560       0.8739
     561       1.2159
     562       0.9213
     563       1.3072
     564       1.1536
     565       2.3872
     566       1.4584
     567       1.4113
     568       1.4864
     569       0.8548
     570       1.1198
     571       1.0176
     572       1.3764
     573       1.8753
     574       1.1812
     575       1.5589
     576       1.0070
     577       1.0269
     578       1.3425
     579       1.0698
     580       1.7969
     581       1.1373
     582       1.2800
     583       1.3340
     584       0.9775
     585       1.2046
     586       1.0518
     587       0.9934
     588       1.2990
     589       1.8609
     590       0.8907
     591       0.9049
     592       1.0421
     593       1.4497
     594       1.1167
     595       0.7703
     596       1.3428
     597       1.1413
     598       1.0187
     599       1.5872
     600       1.0545
     601       1.0198
     602       1.5610
     603       1.0066
     604       0.9451
     605       1.2159
     606       1.5181
     607       0.8907
     608       1.0912
     609       1.0769
     610       1.2810
     611       2.0616
     612       0.8475
     613       1.3859
     614       1.0174
     615       1.3643
     616       1.2066
     617       1.2342
     618       1.1654
     619       1.4774
     620       1.3629
     621       1.0289
     622       1.0049
     623       1.0100
     624       0.9045
     625       1.1419
     626       1.0521
     627       1.2182
     628       0.8007
     629       0.8587
     630       0.8216
     631       0.7796
     632       0.8669
     633       1.2988
     634       1.8617
     635       1.9062
     636       2.2317
     637       1.1103
     638       1.0159
     639       1.2509
     640       1.2289
     641       1.6893
     642       1.7169
     643       0.9397
     644       1.0968
     645       1.3151
     646       1.8342
     647       0.9265
     648       0.9467
     649       0.9715
     650       0.9795
     651       1.4622
     652       1.5567
     653       1.5725
     654       2.1945
     655       1.7112
     656       1.1419
     657       0.9390
     658       1.3883
     659       1.4081
     660       1.2135
     661       1.4258
     662       1.2327
     663       1.4702
     664       2.1634
     665       1.1828
     666       0.8940
     667       1.5822
     668       1.3657
     669       1.1839
     670       0.8865
     671       1.2829
     672       1.0850
     673       1.6002
     674       1.5201
     675       1.8753
     676       1.1404
     677       1.7221
     678       2.2957
     679       1.1704
     680       0.9397
     681       0.8998
     682       1.0313
     683       0.8563
     684       1.6240
     685       1.2483
     686       1.2627
     687       1.4792
     688       1.9645
     689       1.1362
     690       1.3568
     691       1.6248
     692       1.8131
     693       1.8794
     694       1.1615
     695       1.6289
     696       0.8693
     697       1.7917
     698       1.4256
     699       2.0200
     700       1.4295
     701       1.9651
     702       1.8039
     703       1.6353
     704       1.4792
     705       1.8416
     706       1.3904
     707       1.5256
     708       0.8425
     709       1.0698
     710       0.9517
     711       1.2223
     712       1.3673
     713       1.2132
     714       1.0523
     715       1.5249
     716       0.9975
     717       1.3622
     718       1.1124
     719       0.8978
     720       1.4237
     721       0.9425
     722       0.7916
     723       1.8504
     724       1.0978
     725       2.1942
     726       2.0967
     727       2.1077
     728       1.9889
     729       2.1022
     730       1.8927
     731       1.9579
     732       1.8314
     733       1.4597
     734       2.0398
     735       1.3327
     736       0.9631
     737       1.3023
     738       1.1637
     739       0.9760
     740       1.2505
     741       0.9426
     742       1.0938
     743       1.3432
     744       1.0630
     745       1.6033
     746       1.3077
     747       1.3446
     748       1.0734
     749       1.1609
     750       0.8826
     751       1.0169
     752       2.1726
     753       1.4726
     754       2.1275
     755       1.9035
     756       1.4066
     757       0.8302
     758       1.3310
     759       1.3751
     760       1.0689
     761       0.9288
     762       1.0781
     763       0.9238
     764       0.8702
     765       1.6148
     766       1.1423
     767       1.0944
     768       0.9974
     769       1.3499
     770       0.9540
     771       1.0298
     772       1.0398
     773       1.9625
     774       1.4139
     775       1.6141
     776       0.9087
     777       1.7819
     778       1.4360
     779       2.2725
     780       1.2064
     781       1.0029
     782       1.2073
     783       1.4843
     784       1.8248
     785       1.1475
     786       0.9860
     787       1.3801
     788       1.1801
     789       0.9397
     790       1.1084
     791       1.2597
     792       1.1699
     793       1.1826
     794       1.0967
     795       1.1240
     796       1.3741
     797       1.0449
     798       1.2210
     799       1.5038
     800       1.6074
     801       1.0736
     802       0.8923
     803       0.8229
     804       0.9110
     805       1.0339
     806       1.6205
     807       1.4605
     808       1.2953
     809       0.9060
     810       1.0107
     811       1.3389
     812       1.2410
     813       0.8768
     814       1.2301
     815       1.0216
     816       1.4420
     817       0.9040
     818       1.2524
     819       1.2442
     820       1.3669
     821       0.9253
     822       1.9737
     823       1.4959
     824       0.9651
     825       1.3000
     826       1.0041
     827       1.3385
     828       1.0722
     829       1.8307
     830       1.0344
     831       1.0776
     832       1.1187
     833       1.3452
     834       1.0957
     835       0.9875
     836       1.3299
     837       0.9039
     838       1.8234
     839       1.4572
     840       1.7807
     841       1.1618
     842       1.3174
     843       0.8440
     844       1.4372
     845       1.0491
     846       1.0880
     847       0.8987
     848       1.0829
     849       0.9944
     850       1.2157
     851       1.4529
     852       1.0549
     853       1.0668
     854       1.3977
     855       1.1023
     856       0.9473
     857       1.0961
     858       0.9856
     859       1.1403
     860       1.4099
     861       0.9144
     862       1.6736
     863       1.5750
     864       1.0573
     865       1.0054
     866       1.5254
     867       1.2145
     868       1.9237
     869       1.4022
     870       1.2758
     871       0.8669
     872       0.8829
     873       1.9981
     874       1.6285
     875       1.1104
     876       1.1544
     877       0.8843
     878       1.0353
     879       0.8281
     880       1.8875
     881       1.0584
     882       1.4877
     883       2.3510
     884       1.6305
     885       1.7133
     886       1.0173
     887       0.8810
     888       0.9773
     889       1.1301
     890       0.9596
     891       0.8951
     892       1.2250
     893       1.6681
     894       1.7450
     895       0.9011
     896       0.8970
     897       0.7890
     898       0.8864
     899       1.0049
     900       1.4967
     901       1.4175
     902       2.1185
     903       1.2556
     904       1.4832
     905       2.1160
     906       1.7413
     907       1.6121
     908       1.1689
     909       1.1874
     910       1.3554
     911       0.9525
     912       1.0824
     913       1.0994
     914       1.8778
     915       0.8758
     916       1.0751
     917       1.4258
     918       0.9177
     919       1.0047
     920       1.3226
     921       1.5287
     922       1.4301
     923       1.8802
     924       1.9689
     925       1.5983
     926       2.1483
     927       2.1489
     928       1.6357
     929       1.5231
     930       1.2224
     931       1.0557
     932       1.0993
     933       1.1374
     934       1.3720
     935       1.0343
     936       1.1733
     937       1.0997
     938       1.1539
     939       1.1102
     940       1.1801
     941       0.9379
     942       0.8789
     943       1.0041
     944       1.3232
     945       1.1169
     946       0.9047
     947       1.2829
     948       1.5756
     949       2.3057
     950       1.9372
     951       1.3857
     952       1.6505
     953       1.4308
     954       1.1704
     955       1.4901
     956       1.1894
     957       1.3701
     958       1.0302
     959       1.3343
     960       1.0692
     961       1.2628
     962       1.2818
     963       1.3986
     964       0.9109
     965       1.8333
     966       0.9376
     967       1.5291
     968       0.9264
     969       1.2362
     970       0.9836
     971       1.6096
     972       0.9753
     973       1.7366
     974       1.8314
     975       2.2148
     976       1.9179
     977       1.2036
     978       1.1256
     979       1.3191
     980       1.6783
     981       2.1030
     982       0.9162
     983       1.3104
     984       1.2355
     985       1.0528
     986       1.2031
     987       1.0578
     988       1.6635
     989       1.0601
     990       1.0474
     991       1.2182
     992       1.1199
     993       1.2555
     994       1.1417
     995       2.0215
     996       1.0412
     997       0.9630
     998       1.5682
     999       0.9995
    1000       0.9291
    1001       0.9034
    1002       1.0301
    1003       2.0126
    1004       1.6864
    1005       1.4399
    1006       1.1178
    1007       1.1022
    1008       2.1759
    1009       1.4435
    1010       0.8567
    1011       1.5768
    1012       0.9794
    1013       1.1569
    1014       1.7611
    1015       1.6417
    1016       1.0044
    1017       1.1969
    1018       1.1383
    1019       1.0506
    1020       0.8799
    1021       0.9283
    1022       1.0823
    1023       1.2925
    1024       1.2817
    1025       2.2460
    1026       1.2882
    1027       1.5772
    1028       1.2484
    1029       1.3077
    1030       1.7097
    1031       1.2249
    1032       1.6688
    1033       1.0401
    1034       1.2417
    1035       1.3888
    1036       1.1533
    1037       1.0456
    1038       1.0775
    1039       1.3493
    1040       0.8492
    1041       1.0231
    1042       0.8215
    1043       0.8093
    1044       2.1767
    1045       1.1069
    1046       1.5067
    1047       1.1875
    1048       1.5886
    1049       1.0320
    1050       1.1860
    1051       1.0515
    1052       1.1029
    1053       1.9793
    1054       1.2016
    1055       1.1475
    1056       1.1526
    1057       0.9437
    1058       1.1221
    1059       0.9141
    1060       1.0984
    1061       1.0388
    1062       1.0113
    1063       0.8941
    1064       0.9989
    1065       0.9661
    1066       2.0984
    1067       1.0548
    1068       0.8886
    1069       1.1175
    1070       0.9287
    1071       1.0873
    1072       1.1626
    1073       1.1349
    1074       0.9354
    1075       0.8870
    1076       0.9440
    1077       1.0046
    1078       1.8767
    1079       1.5546
    1080       1.1901
    1081       1.0832
    1082       0.9923
    1083       1.1112
    1084       1.1805
    1085       1.7630
    1086       0.8840
    1087       1.2999
    1088       2.7004
    1089       1.6866
    1090       1.9426
    1091       0.9522
    1092       1.3885
    1093       1.0731
    1094       1.2483
    1095       1.4421
    1096       1.0211
    1097       1.0954
    1098       0.9229
    1099       1.4316
    1100       1.5932
    1101       1.6037
    1102       2.1853
    1103       1.5445
    1104       1.6471
    1105       1.4225
    1106       1.2569
    1107       1.6860
    1108       1.1207
    1109       0.9155
    1110       1.6561
    1111       0.8122
    1112       1.4593
    1113       1.3718
    1114       1.1574
    1115       1.6633
    1116       1.6923
    1117       1.7055
    1118       1.8313
    1119       1.6704
    1120       1.5907
    1121       1.5077
    1122       1.1939
    1123       0.8969
    1124       1.0202
    1125       1.0168
    1126       1.0468
    1127       0.8877
    1128       1.1212
    1129       1.3549
    1130       1.4563
    1131       1.3643
    1132       2.2743
    1133       1.0343
    1134       0.8674
    1135       0.9897
    1136       1.3730
    1137       0.9404
    1138       1.2852
    1139       1.1475
    1140       1.7522
    1141       1.4059
    1142       1.3663
    1143       1.4727
    1144       1.0051
    1145       1.2312
    1146       0.9778
    1147       1.4100
    1148       1.7343
    1149       1.3150
    1150       2.0296
    1151       1.5845
    1152       1.5287
    1153       0.9865
    1154       1.2347
    1155       1.1513
    1156       1.1751
    1157       0.9969
    1158       1.4131
    1159       1.0296
    1160       1.1292
    1161       1.7900
    1162       0.9026
    1163       1.0300
    1164       1.1016
    1165       0.7809
    1166       1.8481
    1167       1.1041
    1168       1.0290
    1169       2.0601
    1170       1.9837
    1171       1.7966
    1172       1.1093
    1173       2.1848
    1174       0.9455
    1175       1.6042
    1176       1.2598
    1177       1.0280
    1178       0.9601
    1179       1.4014
    1180       1.0120
    1181       1.1099
    1182       1.0258
    1183       1.0424
    1184       1.7279
    1185       1.5936
    1186       0.8564
    1187       1.6122
    1188       0.9416
    1189       1.8654
    1190       1.5262
    1191       2.0800
    1192       1.3346
    1193       1.2213
    1194       1.2721
    1195       1.1939
    1196       1.5167
    1197       1.1677
    1198       1.0873
    1199       1.0210
    1200       1.3208
    1201       1.3545
    1202       0.9331
    1203       1.7088
    1204       0.9654
    1205       0.9260
    1206       1.1419
    1207       0.9860
    1208       1.5637
    1209       1.5756
    1210       0.9071
    1211       1.9632
    1212       1.4677
    1213       1.0094
    1214       1.5587
    1215       1.0373
    1216       1.5322
    1217       1.7815
    1218       1.0896
    1219       1.5684
    1220       1.7636
    1221       1.2625
    1222       1.4560
    1223       1.5717
    1224       0.9199
    1225       1.5017
    1226       1.3869
    1227       0.8608
    1228       1.6036
    1229       1.3465
    1230       1.0589
    1231       1.8462
    1232       1.1629
    1233       1.5703
    1234       1.3014
    1235       0.9051
    1236       1.0329
    1237       0.9467
    1238       1.2703
    1239       1.1872
    1240       0.9426
    1241       0.9501
    1242       1.0007
    1243       1.7449
    1244       0.9307
    1245       1.1560
    1246       1.9948
    1247       1.1392
    1248       1.0543
    1249       1.2014
    1250       1.4712
    1251       1.2916
    1252       1.2652
    1253       0.9656
    1254       1.2884
    1255       1.2000
    1256       1.3982
    1257       1.5825
    1258       1.2928
    1259       1.3663
    1260       1.0353
    1261       1.1859
    1262       1.2202
    1263       1.0163
    1264       1.1203
    1265       0.9575
    1266       0.8434
    1267       1.1451
    1268       1.3488
    1269       1.6111
    1270       0.9404
    1271       1.1416
    1272       1.5208
    1273       0.9783
    1274       1.2547
    1275       1.4089
    1276       1.1976
    1277       0.9609
    1278       2.4681
    1279       1.0515
    1280       1.4113
    1281       1.4518
    1282       1.3676
    1283       0.8401
    1284       1.2626
    1285       1.0031
    1286       0.9749
    1287       1.8172
    1288       1.0193
    1289       1.1324
    1290       0.9395
    1291       1.4782
    1292       1.0117
    1293       1.2490
    1294       1.0203
    1295       1.1695
    1296       1.7235
    1297       1.4245
    1298       1.6527
    1299       0.9934
    1300       1.3016
    1301       1.9264
    1302       1.2680
    1303       1.1561
    1304       1.2967
    1305       1.3865
    1306       1.6190
    1307       0.9470
    1308       1.3967
    1309       1.1253
    1310       1.6912
    1311       0.9674
    1312       1.6297
    1313       1.1042
    1314       1.1998
    1315       1.3051
    1316       1.1206
    1317       1.0380
    1318       0.8738
    1319       2.2569
    1320       1.4698
    1321       1.2259
    1322       1.1164
    1323       0.8447
    1324       1.1383
    1325       1.2282
    1326       1.7417
    1327       1.0978
    1328       1.2910
    1329       0.8538
    1330       1.0198
    1331       0.9689
    1332       0.8400
    1333       2.8654
    1334       1.8093
    1335       1.7255
    1336       0.8935
    1337       1.1093
    1338       1.1763
    1339       1.1583
    1340       1.0491
    1341       1.2390
    1342       0.9712
    1343       1.9124
    1344       1.8255
    1345       2.1044
    1346       1.2336
    1347       1.2760
    1348       0.8008
    1349       1.1221
    1350       1.4147
    1351       1.1530
    1352       0.9029
    1353       1.3658
    1354       1.1347
    1355       0.9554
    1356       2.2082
    1357       1.9992
    1358       1.2150
    1359       1.2206
    1360       1.6589
    1361       1.4075
    1362       0.9652
    1363       1.4756
    1364       0.9969
    1365       1.0561
    1366       1.4274
    1367       1.6753
    1368       1.7498
    1369       1.0990
    1370       2.0866
    1371       1.3908
    1372       0.9934
    1373       0.9296
    1374       1.2118
    1375       1.0293
    1376       1.8546
    1377       1.1764
    1378       1.3490
    1379       0.8018
    1380       0.8751
    1381       1.2969
    1382       1.1649
    1383       2.0238
    1384       1.3130
    1385       1.4196
    1386       1.8645
    1387       0.9421
    1388       0.9967
    1389       1.3541
    1390       1.0480
    1391       2.0217
    1392       1.3757
    1393       2.1235
    1394       1.0405
    1395       1.3418
    1396       0.9298
    1397       0.9494
    1398       1.1377
    1399       1.3764
    1400       1.6892
    1401       1.2642
    1402       1.2020
    1403       1.0774
    1404       1.0750
    1405       1.0713
    1406       1.6752
    1407       1.5665
    1408       1.0667
    1409       1.4842
    1410       1.3741
    1411       0.9960
    1412       1.0094
    1413       0.8226
    1414       1.5242
    1415       1.0441
    1416       1.0374
    1417       1.9217
    1418       1.8340
    1419       1.1038
    1420       1.5754
    1421       2.3462
    1422       1.4721
    1423       1.1165
    1424       1.1717
    1425       1.2499
    1426       0.8943
    1427       1.3128
    1428       1.0485
    1429       1.6112
    1430       1.2957
    1431       0.9231
    1432       1.9137
    1433       2.1604
    1434       0.9292
    1435       0.9155
    1436       1.6402
    1437       1.2048
    1438       1.1460
    1439       0.8537
    1440       1.9523
    1441       2.0476
    1442       1.6738
    1443       1.5882
    1444       1.4063
    1445       2.2918
    1446       1.0110
    1447       1.3157
    1448       1.3788
    1449       2.1214
    1450       2.1459
    1451       1.4311
    1452       1.4077
    1453       1.2082
    1454       1.1984
    1455       1.5310
    1456       0.8893
    1457       1.2404
    1458       0.9283
    1459       1.3429
    1460       1.1636
    1461       1.3763
    1462       0.9238
    1463       1.1526
    1464       1.9191
    1465       0.9583
    1466       1.0948
    1467       0.9312
    1468       0.8815
    1469       0.8156
    1470       0.9294
    1471       1.6881
    1472       2.0568
    1473       1.0635
    1474       1.3949
    1475       1.1891
    1476       2.3740
    1477       1.3572
    1478       1.1333
    1479       1.1208
    1480       1.0015
    1481       1.1276
    1482       1.1453
    1483       1.6683
    1484       1.9155
    1485       1.4015
    1486       1.3333
    1487       1.0604
    1488       1.4034
    1489       1.1921
    1490       0.8876
    1491       1.3241
    1492       1.5923
    1493       1.6741
    1494       1.1286
    1495       0.9424
    1496       0.8892
    1497       1.0410
    1498       1.0217
    1499       1.3940
    1500       1.3723
    1501       1.0569
    1502       1.5684
    1503       1.0290
    1504       1.0678
    1505       0.8700
    1506       1.1838
    1507       1.2237
    1508       1.8317
    1509       1.9949
    1510       1.1443
    1511       1.4666
    1512       1.0663
    1513       1.2668
    1514       1.1793
    1515       1.5689
    1516       1.2265
    1517       1.0882
    1518       1.2477
    1519       1.2864
    1520       1.8198
    1521       1.1339
    1522       1.1594
    1523       1.2165
    1524       1.0306
    1525       1.1767
    1526       1.4114
    1527       1.3176
    1528       0.8370
    1529       1.4107
    1530       1.3326
    1531       0.9737
    1532       1.3102
    1533       1.3409
    1534       1.2427
    1535       1.7079
    1536       0.9300
    1537       1.6159
    1538       1.2762
    1539       1.2703
    1540       0.9699
    1541       1.0992
    1542       1.3411
    1543       0.8310
    1544       1.3262
    1545       1.3553
    1546       1.4314
    1547       1.7930
    1548       1.8701
    1549       1.1000
    1550       1.4065
    1551       1.6397
    1552       1.4182
    1553       1.0569
    1554       1.2152
    1555       1.8308
    1556       1.1883
    1557       1.0540
    1558       1.2775
    1559       1.7488
    1560       1.1409
    1561       1.0215
    1562       1.2781
    1563       1.0259
    1564       1.4031
    1565       1.4125
    1566       1.2453
    1567       1.8443
    1568       0.8361
    1569       1.8756
    1570       1.0442
    1571       0.9202
    1572       1.0371
    1573       1.3744
    1574       0.8629
    1575       1.1930
    1576       2.2044
    1577       1.1294
    1578       1.3535
    1579       1.0824
    1580       1.3388
    1581       0.9760
    1582       1.6163
    1583       1.1566
    1584       1.4062
    1585       0.9692
    1586       1.0640
    1587       2.0317
    1588       1.1490
    1589       0.8516
    1590       1.2952
    1591       1.0539
    1592       1.6497
    1593       1.5735
    1594       1.0835
    1595       0.8761
    1596       1.0714
    1597       1.5225
    1598       1.3541
    1599       1.8498
    1600       1.1429
    1601       2.2453
    1602       1.9028
    1603       1.0435
    1604       0.9376
    1605       0.9003
    1606       1.0830
    1607       1.5950
    1608       1.2599
    1609       0.9484
    1610       0.9296
    1611       1.0144
    1612       1.9737
    1613       1.1315
    1614       0.8992
    1615       1.0182
    1616       1.0453
    1617       1.6076
    1618       1.3657
    1619       1.0037
    1620       0.8084
    1621       1.4815
    1622       2.0118
    1623       1.3175
    1624       1.0893
    1625       0.9746
    1626       1.5496
    1627       1.0014
    1628       0.9949
    1629       1.1237
    1630       1.2602
    1631       1.5154
    1632       0.9677
    1633       1.9734
    1634       1.2327
    1635       1.0500
    1636       1.5369
    1637       1.7407
    1638       1.6717
    1639       1.1568
    1640       0.8606
    1641       0.8576
    1642       0.9592
    1643       1.4120
    1644       1.9753
    1645       1.3540
    1646       2.0140
    1647       1.8071
    1648       1.2674
    1649       1.1824
    1650       1.7155
    1651       1.4082
    1652       1.6697
    1653       1.3851
    1654       1.0536
    1655       1.3146
    1656       1.1567
    1657       1.0841
    1658       1.1349
    1659       1.5101
    1660       1.1083
    1661       1.3837
    1662       1.1314
    1663       1.0161
    1664       0.8953
    1665       1.3830
    1666       1.7205
    1667       1.1303
    1668       0.8528
    1669       1.3072
    1670       1.7051
    1671       1.4821
    1672       1.3231
    1673       1.6978
    1674       1.0206
    1675       2.1294
    1676       1.5750
    1677       1.5966
    1678       1.0625
    1679       1.7220
    1680       1.2119
    1681       0.8663
    1682       2.0041
    1683       1.8841
    1684       1.5104
    1685       1.2348
    1686       1.2044
    1687       0.8734
    1688       1.1401
    1689       0.8668
    1690       0.9537
    1691       1.4047
    1692       1.1669
    1693       1.0207
    1694       1.1013
    1695       2.1133
    1696       1.1091
    1697       1.5546
    1698       1.6093
    1699       1.0967
    1700       1.6476
    1701       1.3410
    1702       1.2750
    1703       1.4149
    1704       1.6476
    1705       1.0983
    1706       1.1210
    1707       1.0996
    1708       1.4468
    1709       1.2847
    1710       1.1152
    1711       1.4169
    1712       1.3986
    1713       1.0969
    1714       1.1544
    1715       1.1463
    1716       0.9083
    1717       1.4150
    1718       0.8853
    1719       1.3088
    1720       0.9507
    1721       1.4674
    1722       1.1290
    1723       1.7684
    1724       1.0163
    1725       1.0059
    1726       1.1298
    1727       0.9435
    1728       1.4060
    1729       1.2814
    1730       1.4901
    1731       1.9872
    1732       1.1569
    1733       1.6041
    1734       0.9992
    1735       1.2915
    1736       1.3320
    1737       1.6321
    1738       1.0786
    1739       1.8505
    1740       1.2949
    1741       1.2566
    1742       1.4210
    1743       1.9450
    1744       1.7067
    1745       1.6122
    1746       1.2160
    1747       1.0371
    1748       1.2727
    1749       1.0934
    1750       1.3812
    1751       1.2315
    1752       1.6406
    1753       2.4307
    1754       1.2740
    1755       1.7631
    1756       1.1643
    1757       0.8747
    1758       1.0173
    1759       1.0910
    1760       0.8659
    1761       1.1315
    1762       1.3280
    1763       1.1442
    1764       1.4386
    1765       1.0123
    1766       0.9946
    1767       1.0770
    1768       1.4407
    1769       1.4289
    1770       1.4683
    1771       1.0349
    1772       1.0326
    1773       2.0269
    1774       1.0639
    1775       0.9687
    1776       0.8314
    1777       0.9136
    1778       1.6310
    1779       1.2914
    1780       1.7016
    1781       0.9623
    1782       1.8496
    1783       1.1264
    1784       1.2474
    1785       1.3601
    1786       1.0830
    1787       1.4026
    1788       1.2169
    1789       2.0887
    1790       1.3401
    1791       0.9744
    1792       1.4571
    1793       1.2112
    1794       1.5440
    1795       0.9630
    1796       1.0035
    1797       0.8875
    1798       1.4045
    1799       1.1641
    1800       1.0584
    1801       1.1044
    1802       1.0852
    1803       1.3420
    1804       1.4746
    1805       1.6307
    1806       1.1344
    1807       1.1141
    1808       0.9646
    1809       1.5531
    1810       0.9260
    1811       1.1042
    1812       1.2209
    1813       1.1379
    1814       1.3273
    1815       1.2735
    1816       2.0011
    1817       1.3289
    1818       1.3623
    1819       1.4953
    1820       1.4278
    1821       1.0328
    1822       1.0908
    1823       1.0460
    1824       1.1181
    1825       1.0397
    1826       1.9330
    1827       1.0544
    1828       0.8962
    1829       1.4757
    1830       0.8994
    1831       1.2444
    1832       1.6231
    1833       1.0058
    1834       0.9709
    1835       0.9667
    1836       1.0665
    1837       1.0927
    1838       1.0152
    1839       1.2671
    1840       2.4382
    1841       1.8050
    1842       0.8325
    1843       1.2334
    1844       1.6717
    1845       2.0589
    1846       1.4103
    1847       1.2041
    1848       1.0462
    1849       0.8857
    1850       2.0304
    1851       1.1994
    1852       1.2378
    1853       1.2134
    1854       0.9938
    1855       1.8043
    1856       1.3186
    1857       1.1319
    1858       1.4615
    1859       1.2967
    1860       2.1687
    1861       1.7565
    1862       1.0691
    1863       2.0042
    1864       1.0234
    1865       0.8811
    1866       1.8982
    1867       1.9107
    1868       1.5462
    1869       0.9170
    1870       0.9560
    1871       1.4253
    1872       1.1091
    1873       1.4382
    1874       1.2698
    1875       2.0766
    1876       2.1666
    1877       1.3608
    1878       1.3209
    1879       0.8170
    1880       1.0324
    1881       1.4194
    1882       0.8523
    1883       1.1602
    1884       1.2548
    1885       1.2513
    1886       1.3367
    1887       1.1820
    1888       1.5247
    1889       1.6844
    1890       1.1484
    1891       0.9453
    1892       1.5834
    1893       1.2411
    1894       0.9255
    1895       1.4696
    1896       0.9567
    1897       1.7770
    1898       1.9655
    1899       1.3848
    1900       1.3312
    1901       1.1653
    1902       1.6118
    1903       0.9813
    1904       1.2436
    1905       0.8850
    1906       0.9777
    1907       1.6141
    1908       1.1578
    1909       1.4283
    1910       1.1204
    1911       1.3516
    1912       1.1539
    1913       1.6868
    1914       1.3799
    1915       1.2193
    1916       0.8129
    1917       2.2110
    1918       1.0054
    1919       1.2169
    1920       1.4114
    1921       1.2491
    1922       1.3427
    1923       1.6717
    1924       1.2242
    1925       1.0180
    1926       1.0857
    1927       1.2129
    1928       1.2186
    1929       0.9362
    1930       1.0851
    1931       1.4223
    1932       1.4583
    1933       1.1252
    1934       1.0832
    1935       1.2644
    1936       0.8630
    1937       1.9571
    1938       1.6939
    1939       1.6165
    1940       0.9845
    1941       1.1042
    1942       2.1171
    1943       1.1157
    1944       0.9174
    1945       1.1596
    1946       1.1975
    1947       1.2319
    1948       1.2310
    1949       1.2417
    1950       1.4717
    1951       1.3253
    1952       1.4289
    1953       1.0746
    1954       1.4410
    1955       1.3729
    1956       1.3330
    1957       1.2554
    1958       1.5397
    1959       1.4060
    1960       1.8322
    1961       1.0752
    1962       0.9548
    1963       1.0930
    1964       1.0405
    1965       1.1350
    1966       1.3103
    1967       1.0242
    1968       0.8158
    1969       1.3520
    1970       0.8856
    1971       1.3053
    1972       1.0231
    1973       1.0102
    1974       0.8661
    1975       1.1897
    1976       1.1904
    1977       1.0580
    1978       1.0218
    1979       0.9516
    1980       1.4836
    1981       1.0241
    1982       0.9305
    1983       1.4222
    1984       1.4395
    1985       0.9250
    1986       1.0503
    1987       1.3446
    1988       1.1181
    1989       1.1803
    1990       1.2065
    1991       1.2777
    1992       1.9304
    1993       1.2412
    1994       1.0714
    1995       1.0342
    1996       1.4049
    1997       1.3169
    1998       1.3516
    1999       2.2220
    2000       1.1847
    2001       1.2716
    2002       0.9791
    2003       1.4917
    2004       1.2043
    2005       1.4083
    2006       2.2424
    2007       1.1724
    2008       1.2124
    2009       1.1522
    2010       0.9416
    2011       1.1602
    2012       1.2301
    2013       1.1249
    2014       1.0434
    2015       1.7010
    2016       1.1647
    2017       1.2751
    2018       1.7554
    2019       0.8945
    2020       0.9333
    2021       1.5968
    2022       1.3520
    2023       1.1359
    2024       1.1329
    2025       1.2234
    2026       1.0677
    2027       1.3699
    2028       0.9741
    2029       1.2273
    2030       1.0464
    2031       1.2153
    2032       1.1749
    2033       1.6156
    2034       0.9360
    2035       0.8811
    2036       1.1650
    2037       0.9300
    2038       0.9856
    2039       1.3823
    2040       1.5018
    2041       1.3669
    2042       1.1351
    2043       0.9291
    2044       0.9791
    2045       1.2015
    2046       1.1410
    2047       1.2045
    2048       1.6600
    2049       1.1975
    2050       1.2744
    2051       1.3432
    2052       1.0497
    2053       1.5779
    2054       1.5519
    2055       2.2859
    2056       1.3892
    2057       1.0108
    2058       1.0781
    2059       1.0169
    2060       1.3377
    2061       0.8947
    2062       1.2793
    2063       1.4459
    2064       1.0135
    2065       1.1187
    2066       1.1449
    2067       1.1015
    2068       1.0929
    2069       1.2530
    2070       1.1102
    2071       1.4643
    2072       1.7792
    2073       1.4564
    2074       1.3139
    2075       1.1394
    2076       1.8800
    2077       1.4921
    2078       0.9610
    2079       1.1221
    2080       1.3902
    2081       0.9670
    2082       1.4334
    2083       1.0628
    2084       1.2162
    2085       1.1618
    2086       1.3293
    2087       0.8549
    2088       1.0703
    2089       1.7253
    2090       1.2434
    2091       1.1858
    2092       1.0631
    2093       0.9751
    2094       1.8110
    2095       1.3665
    2096       1.2109
    2097       1.1248
    2098       1.2646
    2099       1.0588
    2100       1.2358
    2101       1.4054
    2102       1.0988
    2103       1.1265
    2104       0.9134
    2105       1.0090
    2106       1.3498
    2107       1.0077
    2108       1.9926
    2109       1.1057
    2110       2.2784
    2111       1.2309
    2112       1.2774
    2113       1.4028
    2114       0.9248
    2115       1.1350
    2116       1.0526
    2117       2.5487
    2118       1.8471
    2119       1.0626
    2120       1.1214
    2121       1.5322
    2122       1.2666
    2123       1.6784
    2124       1.4110
    2125       1.9598
    2126       0.9836
    2127       0.8689
    2128       1.0701
    2129       1.2534
    2130       0.9504
    2131       1.0814
    2132       0.9982
    2133       2.1433
    2134       1.4383
    2135       0.9987
    2136       1.2310
    2137       1.0344
    2138       2.0274
    2139       1.6667
    2140       1.0320
    2141       0.9744
    2142       1.1405
    2143       1.2665
    2144       1.9472
    2145       1.1894
    2146       1.3465
    2147       1.1866
    2148       0.9932
    2149       0.8726
    2150       0.8814
    2151       1.0419
    2152       1.3273
    2153       1.3082
    2154       1.7779
    2155       1.0136
    2156       0.9349
    2157       0.7897
    2158       1.0506
    2159       1.1418
    2160       1.2153
    2161       1.7416
    2162       0.8706
    2163       1.6110
    2164       1.1304
    2165       1.4662
    2166       1.2384
    2167       1.4873
    2168       1.1626
    2169       1.4067
    2170       0.9781
    2171       1.0611
    2172       1.3986
    2173       1.1933
    2174       1.1464
    2175       0.9515
    2176       1.2543
    2177       2.0913
    2178       1.2095
    2179       1.2077
    2180       1.5577
    2181       1.5661
    2182       1.4508
    2183       1.2878
    2184       1.4445
    2185       1.9830
    2186       1.1648
    2187       1.6788
    2188       1.3346
    2189       0.9413
    2190       1.3094
    2191       1.2929
    2192       1.4880
    2193       1.4196
    2194       0.9647
    2195       1.0899
    2196       1.3389
    2197       1.1908
    2198       1.2710
    2199       1.8456
    2200       1.4673
    2201       1.0109
    2202       1.7039
    2203       1.1793
    2204       1.0857
    2205       1.4033
    2206       1.4537
    2207       1.3273
    2208       1.3006
    2209       1.1504
    2210       1.1339
    2211       0.9457
    2212       1.1128
    2213       0.7931
    2214       1.3730
    2215       1.7154
    2216       1.8067
    2217       0.9996
    2218       0.8149
    2219       1.2342
    2220       0.8267
    2221       1.0827
    2222       1.4140
    2223       0.9962
    2224       1.5141
    2225       1.0214
    2226       1.1582
    2227       0.9988
    2228       1.1336
    2229       1.0778
    2230       1.0071
    2231       1.0630
    2232       1.0571
    2233       0.8658
    2234       1.7025
    2235       1.2496
    2236       1.3390
    2237       0.9725
    2238       1.4951
    2239       1.0913
    2240       0.9805
    2241       1.1971
    2242       1.1630
    2243       1.3262
    2244       1.2218
    2245       1.1575
    2246       1.2951
    2247       1.3006
    2248       1.2558
    2249       1.5933
    2250       1.5117
    2251       1.2372
    2252       1.5107
    2253       1.1404
    2254       1.0680
    2255       1.3311
    2256       1.4628
    2257       1.0962
    2258       1.4003
    2259       1.1945
    2260       0.9551
    2261       1.0077
    2262       1.4933
    2263       1.6165
    2264       2.2776
    2265       1.4047
    2266       1.3550
    2267       1.1961
    2268       1.0211
    2269       1.2055
    2270       0.9884
    2271       1.4109
    2272       1.9678
    2273       0.8673
    2274       1.4595
    2275       1.2357
    2276       1.2093
    2277       0.9873
    2278       1.6728
    2279       1.1110
    2280       1.3460
    2281       1.1058
    2282       1.3893
    2283       0.9916
    2284       1.3393
    2285       1.4137
    2286       1.1737
    2287       1.0494
    2288       1.0866
    2289       1.3690
    2290       1.1022
    2291       1.6693
    2292       1.6612
    2293       0.8509
    2294       1.2971
    2295       1.3437
    2296       1.1693
    2297       0.9281
    2298       1.1866
    2299       0.7202
    2300       1.1206
    2301       1.0666
    2302       1.0064
    2303       1.2764
    2304       1.2255
    2305       1.2373
    2306       1.0364
    2307       1.6560
    2308       1.0753
    2309       1.5658
    2310       1.5746
    2311       1.2577
    2312       0.9375
    2313       1.5423
    2314       1.4164
    2315       1.1674
    2316       1.1024
    2317       1.0564
    2318       1.4454
    2319       1.4204
    2320       1.0200
    2321       1.4237
    2322       1.3002
    2323       1.3234
    2324       1.1183
    2325       0.9992
    2326       1.1021
    2327       1.0809
    2328       1.1124
    2329       1.4094
    2330       1.1588
    2331       1.4791
    2332       1.1807
    2333       1.2102
    2334       1.3170
    2335       1.3868
    2336       1.2700
    2337       1.3036
    2338       1.3935
    2339       1.0952
    2340       1.7634
    2341       1.3753
    2342       0.9568
    2343       1.1963
    2344       1.5004
    2345       1.2192
    2346       1.0734
    2347       1.0311
    2348       1.1660
    2349       1.1022
    2350       1.0256
    2351       1.2249
    2352       1.1963
    2353       0.9319
    2354       1.4597
    2355       1.3304
    2356       1.1537
    2357       1.2684
    2358       1.1541
    2359       0.7652
    2360       0.9548
    2361       1.3347
    2362       1.7659
    2363       1.5374
    2364       1.1715
    2365       1.3671
    2366       1.1189
    2367       0.8231
    2368       1.4877
    2369       1.2302
    2370       1.1002
    2371       1.1347
    2372       0.9901
    2373       1.1824
    2374       1.4119
    2375       1.1954
    2376       1.3661
    2377       1.4756
    2378       1.0404
    2379       1.4673
    2380       1.0409
    2381       1.5207
    2382       1.2952
    2383       1.0158
    2384       1.0144
    2385       1.9481
    2386       1.1502
    2387       1.0030
    2388       1.8447
    2389       1.7050
    2390       1.2046
    2391       1.1007
    2392       1.1840
    2393       1.1712
    2394       0.9854
    2395       0.8483
    2396       2.2056
    2397       1.2826
    2398       1.0218
    2399       1.7688
    2400       1.7357
    2401       0.8641
    2402       1.1985
    2403       1.0063
    2404       2.4125
    2405       1.6783
    2406       0.9884
    2407       1.0281
    2408       1.2846
    2409       0.9869
    2410       2.1957
    2411       1.4462
    2412       1.2224
    2413       1.1826
    2414       1.5807
    2415       1.3806
    2416       1.0129
    2417       1.3407
    2418       1.2991
    2419       1.2955
    2420       1.0080
    2421       0.8887
    2422       1.6325
    2423       1.5510
    2424       1.0356
    2425       0.9998
    2426       0.9516
    2427       1.4683
    2428       1.1529
    2429       1.2763
    2430       1.3237
    2431       0.9187
    2432       1.3599
    2433       0.8028
    2434       1.3861
    2435       1.2909
    2436       1.1046
    2437       1.4726
    2438       0.9832
    2439       1.0591
    2440       1.0128
    2441       1.1304
    2442       1.4009
    2443       1.0642
    2444       1.1896
    2445       0.9801
    2446       1.7377
    2447       1.0786
    2448       1.0713
    2449       0.8359
    2450       1.0298
    2451       1.0966
    2452       1.0078
    2453       1.3849
    2454       1.4390
    2455       0.8867
    2456       1.5396
    2457       1.1821
    2458       1.0145
    2459       1.3650
    2460       1.5225
    2461       0.9256
    2462       1.3777
    2463       0.9817
    2464       1.4309
    2465       1.9337
    2466       1.4699
    2467       1.7579
    2468       1.2334
    2469       1.4495
    2470       1.1711
    2471       1.8069
    2472       1.3595
    2473       0.9721
    2474       1.4997
    2475       0.9479
    2476       1.2255
    2477       1.5441
    2478       1.3878
    2479       1.3751
    2480       1.5320
    2481       1.6556
    2482       1.8310
    2483       1.2196
    2484       1.1043
    2485       0.9615
    2486       1.0458
    2487       1.3904
    2488       1.1269
    2489       0.9400
    2490       1.1268
    2491       1.4384
    2492       0.9529
    2493       0.9793
    2494       0.8017
    2495       0.8962
    2496       1.7952
    2497       0.9664
    2498       0.9181
    2499       0.9940
    2500       2.2482
    2501       1.0771
    2502       1.1727
    2503       1.4150
    2504       1.2437
    2505       1.7108
    2506       1.5137
    2507       1.1598
    2508       1.6566
    2509       0.9187
    2510       1.2298
    2511       1.3054
    2512       1.5022
    2513       1.4909
    2514       0.9054
    2515       0.9916
    2516       1.0064
    2517       1.3431
    2518       1.2714
    2519       1.1166
    2520       1.3696
    2521       0.9925
    2522       1.0919
    2523       1.3231
    2524       1.0237
    2525       0.9725
    2526       1.7966
    2527       1.2268
    2528       1.2110
    2529       1.4248
    2530       1.0920
    2531       1.0460
    2532       0.9191
    2533       1.2113
    2534       1.4228
    2535       1.5674
    2536       1.0237
    2537       0.9943
    2538       1.6764
    2539       1.2947
    2540       0.8330
    2541       1.4036
    2542       0.9656
    2543       1.1217
    2544       1.0695
    2545       1.2467
    2546       1.0595
    2547       1.1568
    2548       0.9438
    2549       1.2947
    2550       1.0840
    2551       1.0517
    2552       0.8826
    2553       0.9549
    2554       0.9037
    2555       1.9590
    2556       1.3432
    2557       1.1807
    2558       0.9474
    2559       1.0853
    2560       0.9326
    2561       1.1021
    2562       1.1768
    2563       1.1399
    2564       1.0661
    2565       1.5077
    2566       1.1809
    2567       1.2539
    2568       1.3170
    2569       1.5513
    2570       1.4735
    2571       1.6726
    2572       1.5827
    2573       1.2576
    2574       1.2678
    2575       1.2761
    2576       1.2019
    2577       1.3544
    2578       1.2366
    2579       1.0697
    2580       1.4280
    2581       1.1004
    2582       1.1977
    2583       0.9951
    2584       1.1894
    2585       1.2536
    2586       1.0923
    2587       1.1898
    2588       1.4413
    2589       1.3162
    2590       1.2096
    2591       1.4916
    2592       0.9039
    2593       1.1792
    2594       1.8601
    2595       1.3873
    2596       1.5449
    2597       1.7890
    2598       1.5956
    2599       1.0042
    2600       1.0595
    2601       0.9809
    2602       1.0234
    2603       1.3097
    2604       0.9562
    2605       1.1724
    2606       0.8713
    2607       1.1291
    2608       1.2476
    2609       1.1598
    2610       1.2129
    2611       1.0118
    2612       1.0101
    2613       1.3998
    2614       0.9679
    2615       0.9149
    2616       0.9516
    2617       1.1539
    2618       1.6329
    2619       1.8739
    2620       1.3314
    2621       1.4340
    2622       1.4247
    2623       1.3518
    2624       1.3923
    2625       0.9319
    2626       1.4662
    2627       1.4076
    2628       1.0617
    2629       1.3025
    2630       1.5353
    2631       1.0598
    2632       1.1562
    2633       1.0453
    2634       0.9824
    2635       1.0581
    2636       1.4072
    2637       1.1230
    2638       0.8390
    2639       1.8605
    2640       1.4260
    2641       1.8712
    2642       1.8005
    2643       1.0383
    2644       1.0228
    2645       1.0126
    2646       2.4447
    2647       0.9385
    2648       0.9026
    2649       0.9533
    2650       1.1724
    2651       1.1745
    2652       0.8250
    2653       2.5365
    2654       0.9625
    2655       0.9516
    2656       2.3762
    2657       1.1037
    2658       1.2930
    2659       2.3896
    2660       1.8348
    2661       2.0193
    2662       0.8960
    2663       1.2546
    2664       1.8104
    2665       1.3421
    2666       1.0548
    2667       1.0308
    2668       0.9996
    2669       2.5651
    2670       1.3173
    2671       1.0516
    2672       0.9147
    2673       1.3535
    2674       0.9234
    2675       1.7470
    2676       1.6812
    2677       1.1167
    2678       1.2028
    2679       1.2861
    2680       1.1672
    2681       1.4368
    2682       1.2508
    2683       1.3777
    2684       1.1796
    2685       1.5207
    2686       1.4107
    2687       0.9606
    2688       1.1044
    2689       1.5110
    2690       1.0726
    2691       1.4459
    2692       1.0995
    2693       1.1527
    2694       1.8269
    2695       1.1246
    2696       1.5470
    2697       1.3723
    2698       1.5531
    2699       0.9796
    2700       0.9104
    2701       0.8616
    2702       0.9228
    2703       1.1194
    2704       1.6809
    2705       1.5114
    2706       1.1341
    2707       1.1569
    2708       1.1981
    2709       1.0198
    2710       1.0718
    2711       2.2225
    2712       0.9542
    2713       1.3077
    2714       1.7926
    2715       1.3429
    2716       1.4973
    2717       1.1058
    2718       1.2763
    2719       1.1189
    2720       1.5193
    2721       1.7994
    2722       1.4827
    2723       0.9963
    2724       1.0522
    2725       1.0701
    2726       1.0215
    2727       1.2062
    2728       1.1887
    2729       1.4534
    2730       1.7421
    2731       1.0410
    2732       1.2786
    2733       1.7314
    2734       0.9195
    2735       0.9364
    2736       1.2036
    2737       1.1033
    2738       1.1000
    2739       1.0407
    2740       1.0293
    2741       1.2717
    2742       0.8792
    2743       0.8855
    2744       0.9722
    2745       1.3435
    2746       0.8791
    2747       0.9393
    2748       1.1185
    2749       1.4825
    2750       1.0852
    2751       1.2205
    2752       1.2536
    2753       1.2206
    2754       1.5673
    2755       1.6521
    2756       1.4323
    2757       1.3540
    2758       1.7193
    2759       1.1647
    2760       1.3014
    2761       1.4964
    2762       1.0191
    2763       1.4887
    2764       1.1802
    2765       0.9694
    2766       1.2788
    2767       1.2416
    2768       1.2194
    2769       1.2629
    2770       1.3376
    2771       1.3260
    2772       1.3188
    2773       1.4175
    2774       1.5172
    2775       1.6637
    2776       1.1530
    2777       1.2348
    2778       1.6216
    2779       1.0315
    2780       1.3895
    2781       1.4732
    2782       1.4961
    2783       0.9840
    2784       1.3344
    2785       1.1636
    2786       1.0987
    2787       1.0428
    2788       1.0268
    2789       1.0247
    2790       1.0048
    2791       0.9552
    2792       1.0331
    2793       0.9923
    2794       1.6048
    2795       1.4439
    2796       1.1947
    2797       1.2128
    2798       1.0058
    2799       0.8326
    2800       1.2974
    2801       1.5924
    2802       1.3142
    2803       1.0203
    2804       1.2383
    2805       1.2465
    2806       1.1912
    2807       1.1210
    2808       1.2082
    2809       1.1493
    2810       1.1836
    2811       1.2091
    2812       1.3617
    2813       1.1613
    2814       1.1572
    2815       1.2494
    2816       0.9252
    2817       1.2889
    2818       1.8680
    2819       1.1869
    2820       1.1298
    2821       0.8748
    2822       1.4134
    2823       1.9099
    2824       1.1872
    2825       0.9979
    2826       1.1070
    2827       1.1256
    2828       1.3027
    2829       1.2548
    2830       1.2195
    2831       0.8857
    2832       1.4307
    2833       1.1349
    2834       1.7738
    2835       1.3079
    2836       0.8894
    2837       1.2754
    2838       1.2495
    2839       1.7324
    2840       1.0909
    2841       1.1717
    2842       1.4506
    2843       1.3547
    2844       1.7550
    2845       1.1426
    2846       0.9241
    2847       1.0632
    2848       1.1672
    2849       1.0876
    2850       1.1135
    2851       1.3565
    2852       1.3885
    2853       1.2959
    2854       1.7319
    2855       1.1076
    2856       0.8285
    2857       1.0852
    2858       0.9584
    2859       0.8531
    2860       1.8897
    2861       1.3696
    2862       1.0748
    2863       0.9753
    2864       1.1724
    2865       1.7714
    2866       1.5165
    2867       1.5983
    2868       0.9812
    2869       1.7601
    2870       1.1694
    2871       1.3689
    2872       1.1956
    2873       1.1438
    2874       1.1571
    2875       1.1018
    2876       1.0347
    2877       0.9856
    2878       2.8036
    2879       2.0228
    2880       1.1183
    2881       1.1050
    2882       1.3573
    2883       1.1037
    2884       1.6519
    2885       1.2452
    2886       2.3970
    2887       1.1060
    2888       1.5029
    2889       1.6043
    2890       1.1317
    2891       2.2585
    2892       1.1823
    2893       1.5322
    2894       1.9426
    2895       0.9692
    2896       1.0229
    2897       1.3947
    2898       1.0494
    2899       1.3996
    2900       1.0576
    2901       1.2937
    2902       0.9081
    2903       2.4591
    2904       0.9715
    2905       1.1247
    2906       1.0297
    2907       2.1349
    2908       1.7070
    2909       0.9342
    2910       1.8271
    2911       0.9107
    2912       0.9593
    2913       1.2225
    2914       1.9982
    2915       1.4519
    2916       1.4590
    2917       1.3113
    2918       1.2347
    2919       1.5337
    2920       1.3338
    2921       1.3679
    2922       1.6074
    2923       1.2229
    2924       1.3807
    2925       1.9482
    2926       1.2149
    2927       1.2316
    2928       1.3462
    2929       1.1637
    2930       1.2991
    2931       0.8564
    2932       1.3522
    2933       1.2522
    2934       1.1808
    2935       1.2663
    2936       0.9109
    2937       1.2360
    2938       0.9390
    2939       1.3527
    2940       1.2429
    2941       0.9561
    2942       0.9910
    2943       1.4446
    2944       1.4862
    2945       1.6129
    2946       1.7338
    2947       1.0608
    2948       1.4003
    2949       1.3285
    2950       1.1669
    2951       1.6409
    2952       1.2847
    2953       1.4161
    2954       1.7051
    2955       1.1262
    2956       1.3671
    2957       1.4709
    2958       0.8507
    2959       1.2776
    2960       1.2861
    2961       1.7365
    2962       1.7746
    2963       0.8834
    2964       0.8807
    2965       1.0039
    2966       1.2039
    2967       1.3501
    2968       1.0701
    2969       1.3583
    2970       1.2891
    2971       0.9499
    2972       1.0709
    2973       1.1384
    2974       1.3572
    2975       1.4187
    2976       0.9154
    2977       1.1894
    2978       1.1070
    2979       1.1717
    2980       1.1060
    2981       1.2066
    2982       1.8526
    2983       1.3635
    2984       1.1718
    2985       1.3825
    2986       1.1775
    2987       1.3395
    2988       1.4398
    2989       1.3305
    2990       0.9613
    2991       1.3067
    2992       1.3578
    2993       1.6032
    2994       1.0249
    2995       1.1187
    2996       1.2031
    2997       1.1681
    2998       1.2659
    2999       1.1565
    3000       1.1120
    3001       1.1606
    3002       1.9804
    3003       1.1663
    3004       1.8878
    3005       1.0011
    3006       1.6730
    3007       0.9302
    3008       1.1078
    3009       1.0904
    3010       1.0214
    3011       1.0147
    3012       0.9446
    3013       1.1985
    3014       1.1367
    3015       1.8100
    3016       0.8649
    3017       0.9653
    3018       0.9868
    3019       0.9368
    3020       1.7304
    3021       1.1103
    3022       1.1610
    3023       0.8703
    3024       1.0075
    3025       1.3650
    3026       1.2634
    3027       1.3527
    3028       1.8985
    3029       1.2445
    3030       1.1556
    3031       1.3743
    3032       0.8745
    3033       1.1542
    3034       1.1402
    3035       1.1265
    3036       1.0706
    3037       0.9743
    3038       1.1186
    3039       0.8697
    3040       1.1099
    3041       1.9465
    3042       1.6197
    3043       1.5457
    3044       1.3745
    3045       1.9616
    3046       1.5093
    3047       1.3612
    3048       1.0514
    3049       1.1173
    3050       1.2504
    3051       1.0180
    3052       1.1812
    3053       1.2623
    3054       1.2373
    3055       1.6379
    3056       0.8355
    3057       1.0684
    3058       0.9756
    3059       0.8009
    3060       1.5748
    3061       1.2666
    3062       1.2782
    3063       1.4221
    3064       0.8694
    3065       1.0580
    3066       1.3954
    3067       1.3360
    3068       1.4940
    3069       1.3611
    3070       1.2228
    3071       1.0454
    3072       1.1537
    3073       2.3435
    3074       1.2665
    3075       1.2827
    3076       2.4698
    3077       1.4248
    3078       1.0956
    3079       1.9317
    3080       1.0476
    3081       1.2108
    3082       1.3276
    3083       2.2861
    3084       1.4004
    3085       2.2167
    3086       1.3367
    3087       0.9116
    3088       2.1098
    3089       1.1908
    3090       0.9621
    3091       1.0892
    3092       1.2444
    3093       1.1343
    3094       1.7467
    3095       1.7876
    3096       0.9806
    3097       1.1440
    3098       0.7609
    3099       1.5599
    3100       0.8197
    3101       1.1894
    3102       0.9698
    3103       2.1190
    3104       1.4137
    3105       1.1825
    3106       1.7528
    3107       1.0978
    3108       1.0748
    3109       1.0644
    3110       1.0158
    3111       2.2392
    3112       1.5321
    3113       1.8515
    3114       1.1170
    3115       0.9562
    3116       1.4982
    3117       1.4094
    3118       1.2865
    3119       1.3842
    3120       1.4608
    3121       1.7704
    3122       0.9710
    3123       1.2555
    3124       1.2331
    3125       0.9685
    3126       0.9586
    3127       1.5429
    3128       2.1598
    3129       1.2548
    3130       1.1813
    3131       1.2758
    3132       1.1044
    3133       1.5694
    3134       1.0192
    3135       1.5372
    3136       0.9028
    3137       1.3092
    3138       1.4379
    3139       1.6613
    3140       0.9809
    3141       1.5445
    3142       1.2452
    3143       1.0020
    3144       1.1148
    3145       0.8701
    3146       1.0281
    3147       0.9675
    3148       0.8917
    3149       1.1333
    3150       1.4423
    3151       1.2405
    3152       1.0050
    3153       1.2648
    3154       1.0259
    3155       1.0128
    3156       1.4824
    3157       1.6213
    3158       1.3326
    3159       1.1266
    3160       1.0939
    3161       1.4407
    3162       1.2748
    3163       1.1468
    3164       1.4473
    3165       1.0985
    3166       1.0394
    3167       1.1197
    3168       1.6701
    3169       1.3987
    3170       1.3506
    3171       1.3647
    3172       1.6811
    3173       1.0385
    3174       0.9790
    3175       1.1652
    3176       1.3363
    3177       1.3955
    3178       1.9190
    3179       1.5647
    3180       1.1073
    3181       1.7153
    3182       0.9319
    3183       1.0818
    3184       1.0564
    3185       1.3132
    3186       1.1857
    3187       1.3692
    3188       0.8918
    3189       0.8917
    3190       1.6936
    3191       1.8440
    3192       1.2325
    3193       0.8663
    3194       0.9862
    3195       1.2060
    3196       1.1617
    3197       1.2508
    3198       1.5363
    3199       1.1974
    3200       1.5211
    3201       1.1128
    3202       1.0487
    3203       1.0046
    3204       1.0769
    3205       1.0883
    3206       1.5508
    3207       1.9995
    3208       1.7253
    3209       1.4104
    3210       1.6773
    3211       1.5621
    3212       0.8091
    3213       0.8344
    3214       1.0835
    3215       0.9764
    3216       1.1313
    3217       1.4121
    3218       1.7583
    3219       1.2415
    3220       0.9986
    3221       0.8753
    3222       0.9248
    3223       1.4664
    3224       1.1082
    3225       1.1819
    3226       1.2075
    3227       1.2753
    3228       0.9371
    3229       1.0836
    3230       1.1734
    3231       1.7087
    3232       1.2826
    3233       2.3801
    3234       1.1215
    3235       1.3296
    3236       2.5761
    3237       1.2221
    3238       2.1957
    3239       0.8447
    3240       1.3218
    3241       0.9741
    3242       0.8830
    3243       0.8189
    3244       1.0487
    3245       1.1019
    3246       1.7036
    3247       0.8424
    3248       0.9369
    3249       2.1039
    3250       1.6064
    3251       0.9013
    3252       1.4725
    3253       2.1281
    3254       1.0053
    3255       1.2354
    3256       1.4122
    3257       1.2697
    3258       1.2408
    3259       1.0580
    3260       1.1378
    3261       0.9114
    3262       1.6275
    3263       1.8330
    3264       1.8624
    3265       1.5957
    3266       1.3676
    3267       1.1683
    3268       1.2340
    3269       1.0857
    3270       1.0212
    3271       1.1784
    3272       1.3844
    3273       1.3162
    3274       1.1012
    3275       0.9773
    3276       1.3706
    3277       1.3998
    3278       1.4855
    3279       1.1408
    3280       0.9460
    3281       1.0845
    3282       0.9990
    3283       0.8423
    3284       1.1282
    3285       0.9041
    3286       1.1621
    3287       1.2779
    3288       1.3756
    3289       1.2160
    3290       1.3278
    3291       0.9566
    3292       0.8289
    3293       1.1878
    3294       1.7500
    3295       1.3506
    3296       0.8524
    3297       1.2369
    3298       0.9743
    3299       1.2890
    3300       1.2181
    3301       0.9537
    3302       1.1340
    3303       1.1692
    3304       0.8747
    3305       1.2418
    3306       1.0812
    3307       1.0231
    3308       1.0681
    3309       1.4063
    3310       1.3441
    3311       1.6147
    3312       1.1665
    3313       1.2980
    3314       1.1533
    3315       1.1037
    3316       1.0183
    3317       0.9980
    3318       1.0051
    3319       1.1066
    3320       1.3303
    3321       1.1885
    3322       0.8996
    3323       1.1414
    3324       1.2433
    3325       1.3169
    3326       1.3994
    3327       1.1547
    3328       1.0910
    3329       0.9727
    3330       1.1678
    3331       1.0839
    3332       0.8857
    3333       1.1120
    3334       1.2958
    3335       1.2252
    3336       1.3516
    3337       1.1635
    3338       1.2430
    3339       1.0726
    3340       1.1655
    3341       1.1851
    3342       1.4722
    3343       1.4045
    3344       1.3311
    3345       2.1782
    3346       1.4373
    3347       1.1758
    3348       1.2561
    3349       1.0255
    3350       1.2433
    3351       1.4878
    3352       1.1612
    3353       1.4023
    3354       1.3881
    3355       1.2993
    3356       2.3105
    3357       1.0535
    3358       1.3159
    3359       1.3069
    3360       1.1633
    3361       1.1514
    3362       0.9535
    3363       0.9731
    3364       1.6396
    3365       1.7781
    3366       1.3253
    3367       1.5514
    3368       1.3220
    3369       1.3391
    3370       2.4234
    3371       0.9851
    3372       1.9679
    3373       1.8680
    3374       0.9922
    3375       0.9699
    3376       1.0269
    3377       1.2002
    3378       0.9010
    3379       1.4629
    3380       1.2256
    3381       1.5272
    3382       1.6690
    3383       1.2287
    3384       1.0434
    3385       1.4218
    3386       1.4570
    3387       0.9419
    3388       1.5160
    3389       1.2195
    3390       0.9258
    3391       0.9493
    3392       0.9627
    3393       1.2517
    3394       1.0444
    3395       1.3638
    3396       0.9176
    3397       1.0713
    3398       1.1141
    3399       1.0395
    3400       1.1318
    3401       1.1707
    3402       0.9813
    3403       0.9377
    3404       1.1595
    3405       1.2939
    3406       1.1913
    3407       1.4189
    3408       1.4947
    3409       0.9962
    3410       1.2476
    3411       1.7320
    3412       1.7328
    3413       1.1213
    3414       0.8300
    3415       1.0820
    3416       1.0539
    3417       1.2254
    3418       0.9704
    3419       1.5742
    3420       1.3966
    3421       1.2796
    3422       1.2573
    3423       1.2833
    3424       1.2376
    3425       1.3590
    3426       1.0532
    3427       1.2356
    3428       0.9944
    3429       1.1558
    3430       1.1979
    3431       0.9258
    3432       1.1829
    3433       1.2655
    3434       0.9795
    3435       1.1328
    3436       1.2489
    3437       1.6835
    3438       1.4452
    3439       1.1909
    3440       0.9914
    3441       0.8666
    3442       0.8977
    3443       1.0609
    3444       0.9999
    3445       1.1661
    3446       2.5177
    3447       2.4725
    3448       1.3724
    3449       1.7629
    3450       1.2150
    3451       0.8286
    3452       1.1114
    3453       1.8533
    3454       1.5397
    3455       2.0043
    3456       1.3841
    3457       2.1790
    3458       1.2192
    3459       0.9108
    3460       1.1457
    3461       1.3742
    3462       1.0000
    3463       0.9818
    3464       1.2305
    3465       1.3138
    3466       1.3338
    3467       1.1537
    3468       0.9228
    3469       1.9253
    3470       1.1390
    3471       1.0731
    3472       1.0735
    3473       1.9307
    3474       1.3389
    3475       1.2275
    3476       1.2241
    3477       1.2831
    3478       0.9636
    3479       1.0097
    3480       1.2975
    3481       1.1782
    3482       1.2712
    3483       0.9184
    3484       1.1560
    3485       1.3935
    3486       0.9592
    3487       1.9181
    3488       1.0561
    3489       1.2594
    3490       1.1451
    3491       1.5274
    3492       1.1748
    3493       1.1632
    3494       1.4354
    3495       1.2914
    3496       1.0258
    3497       0.9490
    3498       1.0766
    3499       0.9585
    3500       0.9552
    3501       1.5945
    3502       1.5101
    3503       1.0013
    3504       1.4879
    3505       1.5826
    3506       1.7721
    3507       1.1690
    3508       1.1300
    3509       0.8766
    3510       1.0363
    3511       1.0885
    3512       1.2290
    3513       1.0550
    3514       1.3905
    3515       2.5463
    3516       1.3671
    3517       0.9947
    3518       1.3367
    3519       2.5763
    3520       1.9883
    3521       1.2970
    3522       1.8248
    3523       1.3935
    3524       1.0263
    3525       1.3253
    3526       1.0019
    3527       1.2064
    3528       1.1503
    3529       1.3716
    3530       0.9391
    3531       1.0433
    3532       1.2405
    3533       0.8764
    3534       1.7105
    3535       0.8989
    3536       0.8624
    3537       0.9622
    3538       1.0613
    3539       1.4656
    3540       1.1727
    3541       1.3942
    3542       1.5950
    3543       1.1893
    3544       1.1861
    3545       1.1406
    3546       1.1349
    3547       1.5997
    3548       1.2714
    3549       1.0254
    3550       1.0770
    3551       1.2881
    3552       0.8783
    3553       1.3719
    3554       1.7933
    3555       1.2804
    3556       1.6853
    3557       1.1675
    3558       1.0649
    3559       1.3669
    3560       1.8661
    3561       1.8415
    3562       1.0979
    3563       0.9930
    3564       1.0724
