#Frame           RMSD
       1       3.3514
       2       3.1746
       3       3.0566
       4       3.0370
       5       3.0188
       6       2.2438
       7       2.3449
       8       1.7025
       9       2.3231
      10       1.9857
      11       2.8369
      12       2.8495
      13       2.7250
      14       1.3634
      15       1.8476
      16       1.6552
      17       1.5924
      18       3.3107
      19       1.5035
      20       1.8320
      21       1.5905
      22       1.7858
      23       1.8294
      24       2.7834
      25       3.1392
      26       1.8593
      27       1.9509
      28       3.0600
      29       1.4764
      30       1.5439
      31       1.8337
      32       2.9687
      33       1.6194
      34       1.7104
      35       3.4264
      36       1.7258
      37       3.0321
      38       3.5153
      39       2.9251
      40       2.3698
      41       1.8397
      42       2.4037
      43       1.8187
      44       2.5623
      45       1.8771
      46       2.0190
      47       1.6956
      48       2.6106
      49       2.2161
      50       1.9307
      51       1.6318
      52       1.7200
      53       3.2596
      54       1.9215
      55       1.9641
      56       1.4469
      57       1.5707
      58       1.7816
      59       2.3685
      60       3.4739
      61       1.5660
      62       1.7493
      63       2.5581
      64       1.6795
      65       1.4805
      66       2.3006
      67       2.1386
      68       1.9197
      69       2.1807
      70       1.4376
      71       2.2022
      72       1.4083
      73       2.0267
      74       2.7092
      75       2.9691
      76       3.0293
      77       1.9687
      78       1.9261
      79       1.5582
      80       1.6020
      81       2.2661
      82       3.1071
      83       3.0095
      84       1.6357
      85       2.1326
      86       1.7917
      87       1.6703
      88       1.8762
      89       1.8736
      90       1.8221
      91       2.6349
      92       1.7046
      93       1.8408
      94       2.6932
      95       2.1972
      96       1.9034
      97       2.7301
      98       2.7328
      99       2.3971
     100       1.8434
     101       2.2672
     102       2.1603
     103       1.8701
     104       2.0295
     105       2.6969
     106       2.6570
     107       1.4221
     108       1.5244
     109       1.6054
     110       2.7793
     111       1.8739
     112       1.8639
     113       1.5594
     114       2.1461
     115       1.6858
     116       2.0430
     117       2.4782
     118       2.9773
     119       2.3177
     120       2.1170
     121       1.8304
     122       1.9641
     123       1.6860
     124       1.6802
     125       2.3297
     126       2.5091
     127       2.4057
     128       2.8285
     129       2.3497
     130       2.3255
     131       2.4691
     132       2.1946
     133       1.7158
     134       1.1502
     135       2.0041
     136       1.7392
     137       1.8525
     138       2.7829
     139       1.4493
     140       2.1732
     141       2.6394
     142       3.1092
     143       2.1091
     144       2.0144
     145       2.7092
     146       1.8968
     147       1.9009
     148       2.2576
     149       1.9794
     150       1.5586
     151       1.8065
     152       1.5857
     153       1.7173
     154       2.6749
     155       3.4202
     156       2.7808
     157       2.8243
     158       1.8314
     159       2.5825
     160       1.9290
     161       2.2577
     162       1.9639
     163       1.2499
     164       1.5915
     165       2.0302
     166       1.7664
     167       2.0238
     168       2.1040
     169       2.6413
     170       3.0117
     171       3.1593
     172       2.8041
     173       2.7304
     174       2.2615
     175       1.7058
     176       2.5522
     177       1.8556
     178       2.2641
     179       1.8762
     180       2.1117
     181       1.9880
     182       1.6956
     183       1.7473
     184       3.2456
     185       2.7403
     186       1.2672
     187       2.2913
     188       2.2140
     189       1.8289
     190       1.8937
     191       2.4475
     192       1.6822
     193       2.8412
     194       2.2575
     195       1.8166
     196       2.1665
     197       3.3209
     198       3.0853
     199       1.6516
     200       2.3035
     201       2.3090
     202       1.6996
     203       1.9692
     204       1.3250
     205       1.5164
     206       2.7324
     207       1.7398
     208       1.7062
     209       2.3739
     210       1.7004
     211       1.8388
     212       1.8942
     213       2.3229
     214       2.0580
     215       2.1485
     216       1.8502
     217       1.5974
     218       1.6040
     219       1.7469
     220       2.0646
     221       2.3117
     222       2.5741
     223       3.3772
     224       2.0683
     225       1.4099
     226       2.0482
     227       1.3553
     228       1.6123
     229       2.2330
     230       1.7323
     231       2.3221
     232       2.6643
     233       3.3496
     234       2.0134
     235       2.4426
     236       1.6642
     237       2.2174
     238       2.7906
     239       1.6533
     240       1.4170
     241       1.7708
     242       2.1148
     243       1.5693
     244       2.2424
     245       2.2245
     246       2.7075
     247       3.3028
     248       2.7415
     249       1.6394
     250       2.4235
     251       1.7246
     252       2.0454
     253       1.1790
     254       1.5189
     255       2.6703
     256       1.4557
     257       1.7967
     258       1.7953
     259       2.4468
     260       2.2971
     261       2.0592
     262       1.7449
     263       2.4952
     264       2.9076
     265       2.8299
     266       2.8616
     267       2.9286
     268       2.7516
     269       1.8288
     270       2.6664
     271       2.2506
     272       2.2929
     273       1.4110
     274       1.7772
     275       2.6719
     276       1.8652
     277       1.7895
     278       1.6586
     279       2.3687
     280       1.7586
     281       2.4668
     282       2.3130
     283       2.2736
     284       2.6611
     285       2.9742
     286       2.5960
     287       2.9398
     288       3.0825
     289       2.6476
     290       2.4441
     291       2.6849
     292       2.3774
     293       2.5835
     294       1.7496
     295       2.0892
     296       1.6474
     297       1.6772
     298       1.1375
     299       1.4420
     300       1.7793
     301       1.3091
     302       1.7694
     303       2.2397
     304       1.2942
     305       1.7918
     306       1.7123
     307       2.0973
     308       1.9395
     309       3.3950
     310       3.1003
     311       3.4830
     312       2.9540
     313       3.2617
     314       3.2677
     315       2.2770
     316       2.2196
     317       2.7578
     318       1.8837
     319       2.1748
     320       1.5036
     321       1.9513
     322       2.5617
     323       1.4589
     324       1.3226
     325       1.9126
     326       2.6736
     327       1.8792
     328       1.5006
     329       2.7135
     330       1.8960
     331       3.0502
     332       3.3408
     333       2.6236
     334       3.2350
     335       2.5412
     336       2.8718
     337       2.1379
     338       2.4229
     339       1.8076
     340       2.1521
     341       1.5744
     342       1.9068
     343       1.2849
     344       2.3164
     345       1.3327
     346       1.5133
     347       2.1835
     348       1.6046
     349       2.3392
     350       2.9610
     351       2.9029
     352       2.3192
     353       2.9818
     354       1.7669
     355       2.2366
     356       1.6993
     357       2.0673
     358       1.7691
     359       1.3512
     360       1.6441
     361       1.7937
     362       2.9500
     363       2.4836
     364       2.0261
     365       1.4552
     366       1.6814
     367       1.6139
     368       2.6515
     369       1.4506
     370       2.8611
     371       1.7949
     372       1.7272
     373       1.8678
     374       1.2496
     375       2.3171
     376       1.4176
     377       1.7736
     378       1.5010
     379       1.8224
     380       2.1356
     381       1.4743
     382       1.4273
     383       1.9551
     384       2.0350
     385       2.2928
     386       1.6909
     387       2.6740
     388       1.7526
     389       1.3378
     390       1.5903
     391       1.4439
     392       1.8407
     393       2.3530
     394       2.0128
     395       1.8694
     396       2.7451
     397       2.2687
     398       2.2482
     399       1.5025
     400       2.1522
     401       1.6436
     402       1.7126
     403       2.7187
     404       2.4172
     405       1.6233
     406       2.1417
     407       2.0771
     408       3.3075
     409       3.3953
     410       2.2194
     411       2.3649
     412       2.3206
     413       2.4309
     414       1.4000
     415       2.0782
     416       1.5710
     417       1.8347
     418       1.9178
     419       2.2354
     420       2.0791
     421       2.6301
     422       2.3513
     423       3.1707
     424       2.8322
     425       1.8482
     426       2.9922
     427       1.9449
     428       2.3256
     429       2.2158
     430       1.3296
     431       1.6532
     432       1.4226
     433       1.7061
     434       1.4587
     435       1.9093
     436       1.7802
     437       1.6890
     438       2.3576
     439       1.9200
     440       2.3363
     441       2.0471
     442       2.2616
     443       2.5069
     444       3.0939
     445       3.3241
     446       3.3691
     447       2.2919
     448       2.5332
     449       2.8176
     450       1.7524
     451       2.8271
     452       1.7567
     453       2.2174
     454       1.6328
     455       1.3840
     456       2.2943
     457       1.5704
     458       2.2948
     459       1.9691
     460       1.7089
     461       1.6495
     462       2.4629
     463       1.6168
     464       2.5728
     465       2.7836
     466       1.6990
     467       1.8160
     468       2.2113
     469       2.3388
     470       2.4572
     471       2.5361
     472       2.5782
     473       2.7654
     474       3.3500
     475       3.4056
     476       3.0279
     477       2.0496
     478       2.6159
     479       2.4539
     480       2.5275
     481       2.1711
     482       2.4829
     483       1.1057
     484       1.3442
     485       2.7644
     486       1.2752
     487       1.4301
     488       3.1177
     489       2.2148
     490       2.4153
     491       2.9603
     492       1.9561
     493       1.6435
     494       1.7754
     495       1.6619
     496       2.9771
     497       2.7323
     498       3.2400
     499       2.7423
     500       2.9600
     501       3.2304
     502       2.9475
     503       3.5768
     504       1.8669
     505       2.3787
     506       2.5456
     507       1.5635
     508       2.2903
     509       1.2186
     510       1.1530
     511       2.2662
     512       1.9155
     513       1.7878
     514       1.7720
     515       1.9286
     516       1.6709
     517       1.4955
     518       1.6481
     519       2.6764
     520       1.7249
     521       1.4198
     522       2.1925
     523       3.0532
     524       2.9108
     525       3.1850
     526       3.1349
     527       2.5316
     528       3.2539
     529       3.0479
     530       2.3376
     531       2.2007
     532       1.9499
     533       1.9042
     534       2.2653
     535       1.4308
     536       1.5122
     537       2.5683
     538       1.7401
     539       1.6621
     540       1.7750
     541       1.7967
     542       1.8861
     543       2.9756
     544       1.9357
     545       3.0917
     546       2.7875
     547       2.7302
     548       3.1313
     549       2.0812
     550       2.0280
     551       2.1824
     552       1.9628
     553       1.9371
     554       2.2367
     555       1.1488
     556       1.2224
     557       2.1879
     558       1.9223
     559       1.4617
     560       1.9261
     561       2.2554
     562       2.1182
     563       2.6223
     564       1.6968
     565       1.6213
     566       2.6371
     567       2.5625
     568       1.1933
     569       2.1212
     570       2.1968
     571       1.6820
     572       2.5591
     573       3.0251
     574       2.2086
     575       2.7184
     576       1.8857
     577       2.0878
     578       2.4339
     579       1.6186
     580       2.9218
     581       2.5857
     582       2.3821
     583       2.4640
     584       1.9691
     585       1.4713
     586       1.6282
     587       2.1766
     588       2.5383
     589       2.6773
     590       1.9697
     591       1.7936
     592       2.2310
     593       1.8705
     594       2.0720
     595       1.8673
     596       2.2533
     597       1.9061
     598       1.8504
     599       1.3786
     600       1.8465
     601       2.0635
     602       2.7973
     603       1.9430
     604       2.0105
     605       2.4240
     606       2.8372
     607       1.8003
     608       1.7881
     609       2.4498
     610       1.7178
     611       3.2637
     612       1.8590
     613       2.5036
     614       1.7423
     615       2.4304
     616       1.3633
     617       1.9707
     618       2.3494
     619       2.7275
     620       1.9768
     621       2.2997
     622       2.0918
     623       1.6297
     624       1.8636
     625       1.7217
     626       1.5274
     627       1.5772
     628       1.9693
     629       1.8076
     630       1.9980
     631       1.9500
     632       1.7889
     633       2.5922
     634       3.2038
     635       3.0760
     636       3.3448
     637       2.3176
     638       1.8968
     639       2.2793
     640       1.4254
     641       1.0736
     642       2.4060
     643       1.7340
     644       1.7874
     645       1.9259
     646       2.4740
     647       2.1783
     648       1.8527
     649       2.0974
     650       1.8831
     651       2.1558
     652       2.7332
     653       2.8582
     654       3.4439
     655       2.8767
     656       1.6012
     657       1.6623
     658       2.4000
     659       1.1965
     660       1.9237
     661       1.2031
     662       1.6992
     663       2.4732
     664       3.4518
     665       1.9115
     666       1.7959
     667       2.8039
     668       2.5077
     669       2.3952
     670       2.0086
     671       2.3465
     672       2.1492
     673       2.9555
     674       2.6602
     675       3.1054
     676       2.4596
     677       3.0727
     678       3.5790
     679       2.1801
     680       2.0424
     681       2.1752
     682       2.3731
     683       1.9621
     684       1.3641
     685       1.4472
     686       1.6476
     687       1.7673
     688       3.2998
     689       1.5808
     690       2.4718
     691       2.3093
     692       1.6558
     693       3.1923
     694       2.3138
     695       1.4260
     696       1.8026
     697       2.9163
     698       2.5867
     699       2.9260
     700       2.7786
     701       3.1641
     702       3.0694
     703       2.8586
     704       2.5716
     705       3.1173
     706       1.2394
     707       2.6850
     708       2.0230
     709       2.0923
     710       2.2981
     711       1.9942
     712       1.3568
     713       1.6814
     714       2.2483
     715       1.3620
     716       1.8268
     717       2.4960
     718       1.7911
     719       1.9015
     720       2.6123
     721       2.2518
     722       1.9649
     723       3.1196
     724       2.2591
     725       3.4332
     726       3.3065
     727       3.4527
     728       3.2185
     729       3.3547
     730       3.2265
     731       3.3088
     732       3.1437
     733       1.5378
     734       2.8930
     735       2.6033
     736       1.9787
     737       1.6458
     738       2.4035
     739       2.3549
     740       1.3943
     741       1.9412
     742       1.6885
     743       2.3637
     744       1.5588
     745       2.8979
     746       2.4895
     747       2.4478
     748       2.1656
     749       1.9119
     750       1.8166
     751       2.1757
     752       3.0971
     753       2.8147
     754       3.3430
     755       3.1347
     756       1.4292
     757       2.0282
     758       1.9100
     759       2.5181
     760       2.3015
     761       1.7115
     762       1.8981
     763       2.1186
     764       1.9681
     765       1.1419
     766       1.8202
     767       1.6277
     768       1.4285
     769       2.3729
     770       2.0142
     771       1.6629
     772       1.7176
     773       3.2586
     774       2.6803
     775       2.8208
     776       1.9115
     777       2.9780
     778       2.7586
     779       3.4554
     780       2.5623
     781       1.6803
     782       2.2491
     783       1.3675
     784       2.6547
     785       2.1253
     786       1.7695
     787       2.5665
     788       1.6742
     789       1.7158
     790       1.9133
     791       1.4811
     792       2.1680
     793       1.8047
     794       1.7342
     795       2.2114
     796       2.2965
     797       1.7352
     798       1.4193
     799       1.7994
     800       2.7876
     801       1.9636
     802       1.7850
     803       1.8530
     804       1.7751
     805       2.2061
     806       2.7651
     807       1.9640
     808       1.5277
     809       1.7697
     810       1.6503
     811       2.1345
     812       2.5807
     813       1.7324
     814       2.2428
     815       2.0573
     816       2.0373
     817       1.8353
     818       1.6630
     819       1.7042
     820       2.5085
     821       1.8203
     822       3.1918
     823       2.6419
     824       2.2820
     825       1.6240
     826       2.2120
     827       2.2405
     828       1.8711
     829       2.5461
     830       1.6718
     831       1.5917
     832       1.7805
     833       1.4316
     834       2.1424
     835       2.0013
     836       1.7044
     837       2.1275
     838       3.0780
     839       1.9192
     840       2.6467
     841       1.6585
     842       2.6542
     843       1.9101
     844       2.6295
     845       1.6422
     846       2.1832
     847       1.7595
     848       2.3142
     849       2.0533
     850       2.4978
     851       2.6035
     852       1.9941
     853       2.2012
     854       1.4012
     855       2.4764
     856       2.3136
     857       1.6893
     858       1.7100
     859       1.4192
     860       2.3996
     861       2.1047
     862       1.5856
     863       2.3546
     864       2.1015
     865       2.3915
     866       2.6304
     867       2.5312
     868       3.2861
     869       2.5078
     870       1.2919
     871       2.1000
     872       1.6049
     873       3.3685
     874       2.8125
     875       1.9810
     876       1.6465
     877       1.7664
     878       2.2414
     879       1.8324
     880       3.1563
     881       2.0919
     882       2.4218
     883       3.5240
     884       2.8920
     885       2.9573
     886       1.5801
     887       1.7693
     888       2.1255
     889       2.2658
     890       2.2642
     891       1.9472
     892       2.1530
     893       2.9907
     894       1.5459
     895       1.7742
     896       2.0289
     897       2.0263
     898       1.7687
     899       1.5608
     900       2.5000
     901       2.7005
     902       3.3341
     903       2.4895
     904       2.7049
     905       3.4070
     906       3.0460
     907       1.3579
     908       2.1002
     909       2.3739
     910       1.8460
     911       1.9083
     912       1.5861
     913       1.5930
     914       3.0448
     915       1.9719
     916       2.1206
     917       2.3729
     918       1.9524
     919       1.7840
     920       2.2495
     921       2.8296
     922       2.8286
     923       3.0776
     924       3.2836
     925       2.8490
     926       3.5478
     927       3.4408
     928       2.8374
     929       1.3930
     930       2.3722
     931       1.6367
     932       2.2983
     933       2.4833
     934       2.1859
     935       1.7749
     936       2.0460
     937       1.7947
     938       1.5236
     939       1.7743
     940       2.2466
     941       1.8246
     942       1.9129
     943       2.0795
     944       2.2959
     945       2.1808
     946       1.7804
     947       2.0441
     948       2.7865
     949       3.5030
     950       3.1496
     951       2.6799
     952       2.9495
     953       2.4830
     954       2.5251
     955       2.6777
     956       2.1433
     957       2.2893
     958       2.3528
     959       1.2940
     960       1.6124
     961       2.2934
     962       2.5872
     963       1.3892
     964       1.9528
     965       3.0988
     966       1.6515
     967       2.7445
     968       1.8683
     969       1.5844
     970       1.5919
     971       2.7209
     972       1.7034
     973       2.9990
     974       2.5226
     975       3.5161
     976       3.2347
     977       1.7986
     978       1.4600
     979       2.4962
     980       1.3775
     981       1.8907
     982       1.6553
     983       2.7405
     984       2.3804
     985       2.1081
     986       2.4365
     987       1.6086
     988       1.0845
     989       1.5736
     990       1.8942
     991       1.5484
     992       2.0995
     993       1.5625
     994       1.9194
     995       3.2561
     996       1.9744
     997       2.0276
     998       1.7170
     999       2.1148
    1000       1.8053
    1001       1.9470
    1002       1.8081
    1003       3.1085
    1004       2.9957
    1005       1.6341
    1006       1.4181
    1007       2.3130
    1008       2.0116
    1009       1.6869
    1010       2.0514
    1011       2.8210
    1012       1.8567
    1013       1.5766
    1014       1.2176
    1015       1.0484
    1016       2.0201
    1017       1.7962
    1018       1.4731
    1019       2.2771
    1020       1.7805
    1021       1.7827
    1022       1.5506
    1023       2.5314
    1024       2.4071
    1025       3.3698
    1026       1.4804
    1027       2.1795
    1028       1.6305
    1029       1.3477
    1030       1.2730
    1031       2.2253
    1032       1.2586
    1033       1.8151
    1034       2.5498
    1035       1.3956
    1036       1.8644
    1037       1.7750
    1038       1.5488
    1039       1.3245
    1040       2.0203
    1041       1.8185
    1042       1.9523
    1043       1.9541
    1044       3.3711
    1045       1.8411
    1046       1.3292
    1047       1.5457
    1048       1.5663
    1049       2.4310
    1050       1.8687
    1051       1.4341
    1052       2.1774
    1053       3.2782
    1054       1.7864
    1055       1.7422
    1056       1.6213
    1057       2.2400
    1058       2.2046
    1059       1.6550
    1060       2.5558
    1061       1.5824
    1062       1.6884
    1063       1.7004
    1064       1.6595
    1065       1.9742
    1066       3.4534
    1067       1.6669
    1068       1.6804
    1069       1.5081
    1070       2.0484
    1071       2.2140
    1072       1.4331
    1073       1.5834
    1074       1.7151
    1075       1.9500
    1076       1.5867
    1077       1.9269
    1078       2.9155
    1079       2.5499
    1080       1.4585
    1081       1.8949
    1082       1.9931
    1083       1.5496
    1084       1.5721
    1085       3.0361
    1086       1.8495
    1087       1.5347
    1088       1.5157
    1089       2.9919
    1090       3.2425
    1091       2.0637
    1092       1.3192
    1093       1.8868
    1094       1.5101
    1095       1.5414
    1096       1.9280
    1097       2.1760
    1098       1.7280
    1099       2.2337
    1100       2.8104
    1101       2.8922
    1102       3.5543
    1103       2.7615
    1104       1.1295
    1105       1.2428
    1106       1.4605
    1107       2.8136
    1108       2.3255
    1109       1.9102
    1110       2.8001
    1111       1.8823
    1112       2.5524
    1113       1.3747
    1114       2.3866
    1115       2.8957
    1116       3.0302
    1117       2.9305
    1118       3.1192
    1119       2.7868
    1120       1.1484
    1121       1.2655
    1122       1.4824
    1123       1.8389
    1124       2.0857
    1125       1.7793
    1126       1.9532
    1127       2.0559
    1128       2.1226
    1129       2.5580
    1130       2.4875
    1131       2.7596
    1132       3.5293
    1133       1.7190
    1134       2.1212
    1135       2.2864
    1136       1.4142
    1137       2.3662
    1138       2.6818
    1139       1.4874
    1140       2.9655
    1141       2.6893
    1142       1.5103
    1143       2.5059
    1144       2.3217
    1145       2.3144
    1146       2.1107
    1147       2.1989
    1148       2.9295
    1149       2.4751
    1150       3.3991
    1151       2.7611
    1152       1.3255
    1153       1.7276
    1154       2.4094
    1155       1.5349
    1156       1.4738
    1157       2.2800
    1158       1.6070
    1159       1.9927
    1160       1.5606
    1161       3.1392
    1162       1.7206
    1163       2.2849
    1164       1.9998
    1165       1.9902
    1166       3.0954
    1167       1.7142
    1168       1.8795
    1169       3.1628
    1170       3.3266
    1171       3.1267
    1172       1.5319
    1173       3.2842
    1174       2.0493
    1175       1.6313
    1176       2.4567
    1177       2.3465
    1178       2.2378
    1179       2.3024
    1180       1.7210
    1181       1.6599
    1182       1.6899
    1183       1.6306
    1184       2.9854
    1185       1.8778
    1186       1.7090
    1187       2.8495
    1188       2.2282
    1189       3.1107
    1190       2.8586
    1191       3.2500
    1192       2.4616
    1193       2.4246
    1194       1.4660
    1195       1.3453
    1196       2.7740
    1197       2.3108
    1198       2.0036
    1199       2.4264
    1200       2.3671
    1201       2.6820
    1202       2.2586
    1203       1.1783
    1204       2.2334
    1205       1.9836
    1206       1.7929
    1207       2.0646
    1208       2.3794
    1209       3.0171
    1210       1.8600
    1211       3.2548
    1212       1.4741
    1213       2.2683
    1214       2.7419
    1215       1.9600
    1216       2.8083
    1217       3.1605
    1218       2.1415
    1219       1.2255
    1220       1.5899
    1221       1.2181
    1222       1.5424
    1223       2.9141
    1224       2.0935
    1225       1.5552
    1226       1.4510
    1227       1.8268
    1228       2.7043
    1229       2.0312
    1230       1.5467
    1231       1.2902
    1232       1.7564
    1233       1.5227
    1234       1.9264
    1235       2.1158
    1236       1.9599
    1237       1.6911
    1238       2.2414
    1239       2.5397
    1240       1.9004
    1241       1.8208
    1242       2.0824
    1243       2.9652
    1244       1.6683
    1245       1.7161
    1246       3.2598
    1247       2.4761
    1248       1.5202
    1249       1.5033
    1250       1.9339
    1251       1.4902
    1252       1.5173
    1253       1.6419
    1254       2.5298
    1255       2.5290
    1256       2.1900
    1257       2.0113
    1258       1.8363
    1259       2.7220
    1260       1.6754
    1261       2.4583
    1262       2.1618
    1263       1.6964
    1264       1.5416
    1265       1.8289
    1266       1.9066
    1267       1.5228
    1268       1.6358
    1269       1.2068
    1270       1.6225
    1271       1.7684
    1272       2.6185
    1273       1.9325
    1274       2.2643
    1275       1.3771
    1276       2.0556
    1277       2.0166
    1278       1.3117
    1279       1.6220
    1280       1.4121
    1281       1.3361
    1282       1.4018
    1283       1.9224
    1284       2.0150
    1285       2.3412
    1286       1.9053
    1287       1.3311
    1288       1.7632
    1289       2.0214
    1290       2.1037
    1291       1.4966
    1292       1.7842
    1293       1.4355
    1294       1.6552
    1295       2.0835
    1296       2.9131
    1297       2.6018
    1298       2.8361
    1299       1.9584
    1300       1.7768
    1301       1.2305
    1302       2.4940
    1303       2.1520
    1304       1.3391
    1305       2.2045
    1306       2.7541
    1307       1.8878
    1308       1.5818
    1309       1.7555
    1310       1.3147
    1311       2.1103
    1312       2.8817
    1313       2.2130
    1314       2.4621
    1315       2.1607
    1316       1.9855
    1317       1.6787
    1318       1.9969
    1319       3.3382
    1320       2.4371
    1321       1.3526
    1322       1.6010
    1323       1.8551
    1324       2.1480
    1325       2.0221
    1326       3.0883
    1327       2.2255
    1328       2.3885
    1329       2.2471
    1330       2.0947
    1331       2.2594
    1332       1.8334
    1333       1.6427
    1334       2.9514
    1335       2.8965
    1336       1.8344
    1337       1.7905
    1338       1.5954
    1339       2.2390
    1340       1.6399
    1341       1.4770
    1342       1.9209
    1343       3.2019
    1344       3.2003
    1345       3.1927
    1346       1.5784
    1347       2.2184
    1348       1.9986
    1349       1.6209
    1350       2.2833
    1351       1.5595
    1352       2.0884
    1353       1.3915
    1354       1.8767
    1355       2.3750
    1356       3.4748
    1357       3.3898
    1358       1.3407
    1359       2.0963
    1360       1.2619
    1361       1.8113
    1362       1.5445
    1363       2.7246
    1364       1.8924
    1365       1.7039
    1366       1.5348
    1367       2.4222
    1368       2.7923
    1369       2.4912
    1370       3.4004
    1371       1.5020
    1372       1.9854
    1373       1.6489
    1374       1.4801
    1375       1.6766
    1376       3.1460
    1377       1.5295
    1378       2.4349
    1379       1.9156
    1380       1.8983
    1381       1.4514
    1382       2.3395
    1383       2.8484
    1384       2.3481
    1385       1.3778
    1386       1.1977
    1387       1.7302
    1388       1.9917
    1389       1.2677
    1390       1.5348
    1391       1.3126
    1392       2.3089
    1393       3.2486
    1394       1.6211
    1395       2.4097
    1396       1.6709
    1397       2.2360
    1398       2.4208
    1399       2.7262
    1400       2.7728
    1401       1.3479
    1402       2.4985
    1403       2.3392
    1404       2.3508
    1405       2.0428
    1406       1.2572
    1407       1.6794
    1408       1.6324
    1409       1.4621
    1410       2.3543
    1411       2.0898
    1412       1.8512
    1413       1.9043
    1414       1.8149
    1415       2.3200
    1416       1.7216
    1417       3.1701
    1418       3.0573
    1419       1.4236
    1420       1.2301
    1421       3.5293
    1422       1.4777
    1423       1.4501
    1424       1.6591
    1425       2.3258
    1426       2.2400
    1427       1.4934
    1428       2.1284
    1429       1.4847
    1430       1.4435
    1431       1.7466
    1432       1.3579
    1433       1.3784
    1434       1.9268
    1435       1.9052
    1436       2.8379
    1437       2.3960
    1438       1.9978
    1439       1.8507
    1440       3.1460
    1441       3.1779
    1442       2.9184
    1443       1.6015
    1444       2.6890
    1445       1.3994
    1446       1.5761
    1447       1.8882
    1448       2.6532
    1449       3.2986
    1450       2.2684
    1451       1.9891
    1452       1.4150
    1453       1.4536
    1454       2.0577
    1455       1.6913
    1456       2.0797
    1457       1.5412
    1458       1.6268
    1459       2.2707
    1460       1.8382
    1461       2.7282
    1462       1.7357
    1463       1.4580
    1464       1.3984
    1465       2.3095
    1466       2.2681
    1467       1.7388
    1468       1.9656
    1469       1.9418
    1470       2.1583
    1471       2.8371
    1472       3.2282
    1473       1.9306
    1474       1.2448
    1475       2.0615
    1476       1.1917
    1477       1.4291
    1478       1.3594
    1479       1.6857
    1480       1.6967
    1481       2.4399
    1482       1.9347
    1483       2.9992
    1484       1.4556
    1485       2.0387
    1486       1.9820
    1487       1.5348
    1488       1.3562
    1489       2.2835
    1490       2.1145
    1491       1.3977
    1492       1.5519
    1493       1.0993
    1494       2.1926
    1495       1.9531
    1496       1.7843
    1497       1.5161
    1498       2.2346
    1499       1.3039
    1500       1.4064
    1501       1.5942
    1502       1.2224
    1503       1.6858
    1504       2.0078
    1505       1.8080
    1506       2.4006
    1507       2.0155
    1508       2.9684
    1509       2.9008
    1510       1.8601
    1511       1.3278
    1512       1.8581
    1513       1.4950
    1514       1.7225
    1515       1.5590
    1516       1.7514
    1517       1.5110
    1518       1.4960
    1519       1.5503
    1520       1.3303
    1521       1.4909
    1522       1.5900
    1523       1.5379
    1524       1.8783
    1525       2.2732
    1526       2.7521
    1527       1.3995
    1528       1.9162
    1529       1.5771
    1530       1.7037
    1531       1.8522
    1532       1.4077
    1533       1.4820
    1534       1.5305
    1535       1.2423
    1536       1.9800
    1537       1.3646
    1538       1.4874
    1539       1.5919
    1540       2.0465
    1541       1.5728
    1542       1.4606
    1543       1.7133
    1544       2.5286
    1545       2.4890
    1546       2.4220
    1547       2.9833
    1548       3.1435
    1549       1.5456
    1550       1.2403
    1551       2.5747
    1552       2.0539
    1553       1.5540
    1554       1.4530
    1555       1.3050
    1556       2.4282
    1557       2.3527
    1558       1.6122
    1559       2.7824
    1560       2.0633
    1561       1.8426
    1562       1.4187
    1563       2.4169
    1564       1.3312
    1565       2.4150
    1566       1.4716
    1567       3.1974
    1568       2.0312
    1569       3.2336
    1570       2.2105
    1571       1.8254
    1572       1.8715
    1573       1.7349
    1574       2.0998
    1575       1.5706
    1576       1.3273
    1577       2.3820
    1578       2.5743
    1579       2.4981
    1580       2.4475
    1581       2.3211
    1582       2.7913
    1583       1.7309
    1584       2.7363
    1585       1.9015
    1586       2.4469
    1587       3.3060
    1588       1.5501
    1589       2.0249
    1590       1.4216
    1591       1.7047
    1592       2.8083
    1593       2.8428
    1594       1.4848
    1595       2.0160
    1596       1.6136
    1597       2.7727
    1598       2.1943
    1599       3.0237
    1600       1.8902
    1601       3.4400
    1602       3.1955
    1603       1.9190
    1604       1.6845
    1605       1.7991
    1606       1.5022
    1607       2.7616
    1608       2.0818
    1609       1.8112
    1610       1.7414
    1611       2.3745
    1612       3.1269
    1613       1.7263
    1614       1.9994
    1615       1.7038
    1616       1.6315
    1617       2.8863
    1618       2.5580
    1619       2.1191
    1620       1.9075
    1621       2.6243
    1622       3.2401
    1623       1.3750
    1624       1.4880
    1625       2.2489
    1626       1.2377
    1627       1.6547
    1628       1.5740
    1629       1.6498
    1630       2.4480
    1631       1.4279
    1632       1.8615
    1633       3.1608
    1634       2.2019
    1635       2.1563
    1636       2.6507
    1637       1.1514
    1638       2.9237
    1639       2.1836
    1640       1.9912
    1641       2.0597
    1642       2.1201
    1643       1.4617
    1644       1.1430
    1645       1.5756
    1646       3.2470
    1647       2.7745
    1648       2.4255
    1649       2.0851
    1650       3.0818
    1651       1.5273
    1652       1.1964
    1653       2.7163
    1654       1.7780
    1655       2.6693
    1656       1.7417
    1657       2.4704
    1658       2.3047
    1659       1.4436
    1660       1.5222
    1661       1.4934
    1662       1.7095
    1663       1.6806
    1664       2.0168
    1665       2.4584
    1666       3.0263
    1667       1.6263
    1668       2.0314
    1669       2.6819
    1670       1.4374
    1671       1.4470
    1672       1.3400
    1673       1.3957
    1674       1.6369
    1675       3.3568
    1676       1.1713
    1677       2.2187
    1678       1.6231
    1679       1.4260
    1680       2.4707
    1681       2.1476
    1682       1.2760
    1683       1.3510
    1684       1.3669
    1685       1.4910
    1686       1.6431
    1687       1.8301
    1688       1.6843
    1689       1.6688
    1690       1.5276
    1691       2.5483
    1692       1.8147
    1693       2.2355
    1694       1.9537
    1695       3.3010
    1696       2.0558
    1697       1.5027
    1698       1.2941
    1699       1.7862
    1700       1.2751
    1701       1.3850
    1702       1.3961
    1703       1.2691
    1704       1.2673
    1705       1.4859
    1706       2.1284
    1707       2.1320
    1708       1.6217
    1709       1.3125
    1710       1.9312
    1711       1.5750
    1712       2.5413
    1713       2.3912
    1714       1.4763
    1715       1.6743
    1716       1.6484
    1717       2.6369
    1718       1.8753
    1719       1.3595
    1720       1.8546
    1721       1.2681
    1722       1.8463
    1723       1.4566
    1724       1.5704
    1725       1.6004
    1726       1.4849
    1727       2.1393
    1728       2.5615
    1729       2.3195
    1730       2.7432
    1731       3.0224
    1732       1.4134
    1733       1.3569
    1734       1.6255
    1735       1.5280
    1736       1.7292
    1737       1.3468
    1738       1.4547
    1739       2.5722
    1740       1.4664
    1741       1.4620
    1742       1.4055
    1743       1.4461
    1744       1.6187
    1745       1.6207
    1746       1.4909
    1747       1.5816
    1748       2.6270
    1749       2.5190
    1750       2.4757
    1751       2.2037
    1752       1.9260
    1753       2.3274
    1754       2.2101
    1755       1.2997
    1756       2.4244
    1757       1.9221
    1758       1.6090
    1759       1.6647
    1760       1.7437
    1761       1.6486
    1762       2.6624
    1763       1.5601
    1764       1.2389
    1765       1.6462
    1766       2.1038
    1767       2.1825
    1768       1.4287
    1769       1.6455
    1770       1.4519
    1771       1.5072
    1772       1.6277
    1773       1.3274
    1774       1.8098
    1775       2.1830
    1776       1.9705
    1777       1.9290
    1778       2.8619
    1779       2.3678
    1780       2.8598
    1781       2.0846
    1782       3.0266
    1783       1.6281
    1784       1.7398
    1785       1.3694
    1786       1.9281
    1787       1.4877
    1788       1.3645
    1789       1.3720
    1790       1.8263
    1791       1.7198
    1792       1.4744
    1793       1.7720
    1794       1.3850
    1795       1.7233
    1796       1.9888
    1797       2.0286
    1798       2.5873
    1799       2.1087
    1800       1.6920
    1801       1.4748
    1802       1.5977
    1803       1.5985
    1804       1.5143
    1805       2.8061
    1806       1.5811
    1807       2.0504
    1808       1.9905
    1809       1.3573
    1810       2.1644
    1811       1.6412
    1812       1.4542
    1813       1.6563
    1814       1.3344
    1815       2.4257
    1816       3.2891
    1817       2.2284
    1818       2.3442
    1819       1.5692
    1820       1.5900
    1821       2.4286
    1822       1.5716
    1823       1.7478
    1824       1.7343
    1825       1.8989
    1826       3.2192
    1827       1.6181
    1828       1.9933
    1829       2.6724
    1830       2.1706
    1831       2.3529
    1832       2.8091
    1833       1.8207
    1834       2.2641
    1835       1.6672
    1836       1.6280
    1837       1.6784
    1838       2.1649
    1839       2.3536
    1840       3.4539
    1841       3.0387
    1842       2.0905
    1843       1.5393
    1844       2.8564
    1845       1.8255
    1846       2.6925
    1847       1.5452
    1848       2.3250
    1849       1.8786
    1850       3.2499
    1851       2.3369
    1852       2.5611
    1853       2.4926
    1854       1.9768
    1855       3.0928
    1856       1.7511
    1857       1.7818
    1858       2.5044
    1859       2.2479
    1860       3.3646
    1861       1.5231
    1862       2.2532
    1863       3.1883
    1864       1.5950
    1865       1.8527
    1866       2.8656
    1867       3.2226
    1868       2.8072
    1869       1.8448
    1870       1.9112
    1871       1.5159
    1872       1.6921
    1873       2.4045
    1874       1.5463
    1875       3.2682
    1876       3.3892
    1877       1.5101
    1878       1.2858
    1879       2.0627
    1880       1.5616
    1881       1.5853
    1882       1.8340
    1883       1.3707
    1884       2.3800
    1885       2.1887
    1886       2.4392
    1887       1.7772
    1888       1.3594
    1889       1.3016
    1890       1.7052
    1891       2.2609
    1892       1.1315
    1893       1.5561
    1894       1.6665
    1895       2.3709
    1896       1.5735
    1897       2.9101
    1898       3.2334
    1899       1.7688
    1900       1.4725
    1901       2.5268
    1902       2.4325
    1903       1.8515
    1904       2.5723
    1905       2.2898
    1906       2.2383
    1907       1.3355
    1908       1.5368
    1909       1.4766
    1910       1.9401
    1911       1.3593
    1912       2.4532
    1913       2.8694
    1914       2.1214
    1915       2.4515
    1916       1.8542
    1917       3.4319
    1918       2.0048
    1919       1.6925
    1920       1.5033
    1921       1.5844
    1922       1.3495
    1923       1.4497
    1924       1.5484
    1925       1.9666
    1926       1.6879
    1927       2.6084
    1928       2.5562
    1929       2.2391
    1930       2.3845
    1931       1.4814
    1932       1.2337
    1933       1.6694
    1934       1.6383
    1935       1.9798
    1936       2.0095
    1937       1.3628
    1938       1.3488
    1939       2.9237
    1940       1.9035
    1941       2.2397
    1942       3.3689
    1943       1.9351
    1944       1.8016
    1945       1.7076
    1946       1.4483
    1947       1.4807
    1948       1.4773
    1949       1.5865
    1950       1.3990
    1951       1.3949
    1952       1.2609
    1953       1.7874
    1954       1.2127
    1955       2.6745
    1956       2.6306
    1957       1.4729
    1958       1.1467
    1959       1.4559
    1960       1.3949
    1961       1.5338
    1962       1.8873
    1963       1.5634
    1964       1.7112
    1965       1.8763
    1966       1.5138
    1967       1.7891
    1968       1.8557
    1969       1.3806
    1970       1.7803
    1971       1.5093
    1972       1.8156
    1973       1.7658
    1974       1.7899
    1975       1.4665
    1976       2.3929
    1977       2.2208
    1978       2.1205
    1979       1.8405
    1980       2.5928
    1981       1.5145
    1982       1.7061
    1983       1.5121
    1984       2.3736
    1985       2.0758
    1986       2.2716
    1987       1.6119
    1988       1.4763
    1989       1.7238
    1990       1.4503
    1991       1.4500
    1992       2.7342
    1993       1.5368
    1994       1.6106
    1995       1.5016
    1996       1.3577
    1997       1.8530
    1998       1.4461
    1999       1.1078
    2000       1.4535
    2001       2.5955
    2002       2.1543
    2003       2.7395
    2004       2.2800
    2005       1.7336
    2006       1.5333
    2007       2.0401
    2008       1.5280
    2009       2.4716
    2010       1.6586
    2011       1.7409
    2012       1.7655
    2013       1.7207
    2014       1.8232
    2015       1.3221
    2016       1.5315
    2017       1.8585
    2018       2.9481
    2019       2.0458
    2020       1.9874
    2021       1.5008
    2022       1.6456
    2023       1.5406
    2024       1.7765
    2025       1.8065
    2026       2.3947
    2027       1.4847
    2028       1.6163
    2029       1.5149
    2030       1.6368
    2031       1.3942
    2032       1.4145
    2033       2.8643
    2034       2.2951
    2035       1.9959
    2036       1.4601
    2037       1.7951
    2038       1.6710
    2039       2.4334
    2040       2.6167
    2041       2.3829
    2042       1.7743
    2043       1.7058
    2044       1.9093
    2045       1.6699
    2046       1.6836
    2047       1.6391
    2048       1.2165
    2049       1.7857
    2050       1.3934
    2051       1.4582
    2052       1.5282
    2053       1.5258
    2054       2.2620
    2055       1.4115
    2056       1.4604
    2057       1.5468
    2058       1.5240
    2059       1.8311
    2060       1.4277
    2061       1.8068
    2062       2.3172
    2063       2.6401
    2064       2.0224
    2065       1.9604
    2066       2.4945
    2067       2.0744
    2068       2.2565
    2069       1.2930
    2070       1.5917
    2071       2.4366
    2072       1.5179
    2073       1.5302
    2074       1.5080
    2075       1.7846
    2076       1.4534
    2077       2.8498
    2078       1.8968
    2079       2.0130
    2080       1.2481
    2081       1.9460
    2082       1.4143
    2083       2.3167
    2084       1.4803
    2085       1.3840
    2086       1.4709
    2087       1.9395
    2088       1.7947
    2089       1.2659
    2090       1.4741
    2091       2.4460
    2092       2.1588
    2093       1.6300
    2094       3.0071
    2095       2.3169
    2096       1.9827
    2097       2.2876
    2098       1.7442
    2099       1.5665
    2100       2.0647
    2101       1.3489
    2102       1.9399
    2103       1.6861
    2104       1.8265
    2105       1.9786
    2106       2.6092
    2107       1.8659
    2108       3.3818
    2109       1.8466
    2110       3.2021
    2111       1.5609
    2112       1.8094
    2113       1.3014
    2114       1.7690
    2115       1.9494
    2116       1.8632
    2117       1.3733
    2118       3.2083
    2119       1.6868
    2120       1.7850
    2121       2.7074
    2122       1.6402
    2123       2.9655
    2124       2.7025
    2125       3.2486
    2126       2.3062
    2127       1.8155
    2128       2.0769
    2129       2.4580
    2130       1.6729
    2131       1.7961
    2132       1.8156
    2133       3.3786
    2134       1.3473
    2135       1.7242
    2136       2.5266
    2137       2.0381
    2138       3.1998
    2139       2.6860
    2140       1.8773
    2141       2.2509
    2142       1.4750
    2143       2.1548
    2144       3.1157
    2145       2.5733
    2146       1.6324
    2147       1.5746
    2148       2.3603
    2149       1.8040
    2150       2.0814
    2151       1.9229
    2152       1.4461
    2153       1.3640
    2154       3.0068
    2155       1.7419
    2156       2.1730
    2157       1.7998
    2158       1.6021
    2159       1.6731
    2160       1.4231
    2161       2.9171
    2162       1.7897
    2163       2.9191
    2164       1.5347
    2165       1.5043
    2166       1.5565
    2167       1.4981
    2168       2.4979
    2169       2.6812
    2170       2.2621
    2171       1.8095
    2172       1.5044
    2173       1.6410
    2174       1.6568
    2175       1.8706
    2176       1.6983
    2177       3.3302
    2178       1.9108
    2179       1.5217
    2180       2.1856
    2181       1.5905
    2182       1.4384
    2183       1.5735
    2184       1.3301
    2185       2.6069
    2186       1.5887
    2187       1.3581
    2188       2.4498
    2189       2.1108
    2190       1.3950
    2191       1.6434
    2192       1.5457
    2193       1.4986
    2194       2.0442
    2195       2.1711
    2196       2.1523
    2197       1.4827
    2198       1.3653
    2199       3.1913
    2200       2.2129
    2201       2.2270
    2202       2.9090
    2203       1.4485
    2204       2.0771
    2205       1.3961
    2206       1.6521
    2207       1.3368
    2208       1.9092
    2209       1.7192
    2210       1.5561
    2211       1.8310
    2212       2.4157
    2213       2.1297
    2214       2.2553
    2215       2.9263
    2216       1.5075
    2217       2.2680
    2218       2.0124
    2219       1.7231
    2220       1.9163
    2221       1.8426
    2222       1.5007
    2223       1.5423
    2224       1.3869
    2225       1.9608
    2226       2.3822
    2227       1.9251
    2228       1.7314
    2229       1.4846
    2230       1.8532
    2231       2.2615
    2232       1.5836
    2233       1.7160
    2234       1.3833
    2235       2.4552
    2236       2.4917
    2237       1.8502
    2238       2.7928
    2239       1.4619
    2240       1.6906
    2241       1.5734
    2242       2.0292
    2243       2.2281
    2244       1.5987
    2245       1.6390
    2246       1.4432
    2247       1.5039
    2248       1.3201
    2249       2.4068
    2250       1.4334
    2251       1.4232
    2252       1.5953
    2253       1.7176
    2254       1.7018
    2255       2.0159
    2256       1.4035
    2257       1.8265
    2258       1.3776
    2259       1.7712
    2260       2.2961
    2261       1.9682
    2262       2.6994
    2263       1.5768
    2264       3.5275
    2265       1.4710
    2266       2.5853
    2267       2.4686
    2268       1.8269
    2269       1.3184
    2270       1.7302
    2271       1.6877
    2272       3.1866
    2273       1.8050
    2274       1.3142
    2275       1.9558
    2276       1.8003
    2277       1.9029
    2278       2.8295
    2279       1.9060
    2280       1.9679
    2281       1.4060
    2282       1.4360
    2283       1.9008
    2284       1.4089
    2285       1.2022
    2286       1.5723
    2287       2.2338
    2288       2.3175
    2289       1.5466
    2290       2.4339
    2291       1.3251
    2292       1.3264
    2293       1.9021
    2294       1.4361
    2295       2.5795
    2296       2.2188
    2297       1.8600
    2298       1.4402
    2299       1.9753
    2300       2.1555
    2301       2.2255
    2302       1.9073
    2303       1.4827
    2304       1.6737
    2305       1.4310
    2306       1.9639
    2307       1.4035
    2308       1.5261
    2309       1.4276
    2310       1.5117
    2311       1.3887
    2312       1.6678
    2313       1.5556
    2314       1.6711
    2315       1.6454
    2316       1.6207
    2317       1.8200
    2318       1.4043
    2319       1.4804
    2320       1.6996
    2321       1.3614
    2322       2.2962
    2323       2.5950
    2324       2.3724
    2325       2.3598
    2326       2.4622
    2327       2.4437
    2328       1.6305
    2329       1.4549
    2330       1.5286
    2331       1.3641
    2332       1.7251
    2333       1.5571
    2334       2.0294
    2335       1.4979
    2336       1.6884
    2337       2.0493
    2338       1.4658
    2339       1.6335
    2340       3.0917
    2341       2.6559
    2342       2.1061
    2343       2.1017
    2344       1.3964
    2345       1.6020
    2346       1.6367
    2347       2.1702
    2348       1.5865
    2349       1.7298
    2350       2.3013
    2351       2.4054
    2352       1.6046
    2353       1.8137
    2354       1.5811
    2355       1.3976
    2356       1.5305
    2357       1.4518
    2358       2.0388
    2359       1.9670
    2360       1.8387
    2361       2.4251
    2362       3.0201
    2363       2.3664
    2364       2.4013
    2365       1.4636
    2366       1.5551
    2367       1.7236
    2368       1.6444
    2369       1.4455
    2370       1.6851
    2371       2.4460
    2372       2.2219
    2373       1.6178
    2374       1.3950
    2375       2.1915
    2376       2.7245
    2377       1.4110
    2378       2.2524
    2379       2.7672
    2380       1.7544
    2381       2.1904
    2382       2.2652
    2383       2.2209
    2384       1.8469
    2385       2.3238
    2386       2.0059
    2387       1.7845
    2388       3.2360
    2389       3.0255
    2390       2.0476
    2391       1.5645
    2392       2.0601
    2393       2.5503
    2394       1.7453
    2395       1.9115
    2396       3.2054
    2397       1.4545
    2398       1.5651
    2399       3.1241
    2400       2.8609
    2401       1.7420
    2402       1.8726
    2403       2.0443
    2404       1.6160
    2405       2.6230
    2406       2.1147
    2407       2.1273
    2408       1.5845
    2409       1.6911
    2410       3.3379
    2411       2.5883
    2412       1.4354
    2413       2.3585
    2414       1.2225
    2415       2.6273
    2416       2.3071
    2417       1.5612
    2418       1.5274
    2419       1.3766
    2420       2.2837
    2421       1.7169
    2422       1.3742
    2423       1.4426
    2424       1.4804
    2425       1.9221
    2426       1.5620
    2427       1.4854
    2428       1.8211
    2429       2.6293
    2430       1.6151
    2431       2.2660
    2432       1.4117
    2433       1.9557
    2434       1.8241
    2435       1.4410
    2436       1.8037
    2437       1.4496
    2438       1.9851
    2439       2.2252
    2440       2.2598
    2441       1.5182
    2442       1.5121
    2443       1.7266
    2444       1.7685
    2445       1.7838
    2446       1.5049
    2447       2.0874
    2448       1.5971
    2449       2.1748
    2450       1.7110
    2451       1.5457
    2452       1.7666
    2453       1.6230
    2454       1.3704
    2455       2.1316
    2456       1.8557
    2457       1.7435
    2458       2.0300
    2459       2.6205
    2460       2.5517
    2461       1.7678
    2462       1.4650
    2463       1.6655
    2464       1.8366
    2465       1.4102
    2466       1.3473
    2467       1.2566
    2468       1.9373
    2469       1.4037
    2470       2.4065
    2471       1.1221
    2472       1.4843
    2473       1.6742
    2474       2.8569
    2475       1.7293
    2476       1.4395
    2477       1.4286
    2478       1.6279
    2479       1.3953
    2480       1.4765
    2481       1.3322
    2482       1.7137
    2483       2.0857
    2484       1.5630
    2485       2.1754
    2486       1.4335
    2487       1.6076
    2488       2.3373
    2489       1.7340
    2490       1.4973
    2491       1.3401
    2492       1.7601
    2493       2.1790
    2494       2.0374
    2495       1.7553
    2496       3.0376
    2497       1.7285
    2498       2.0062
    2499       1.6993
    2500       3.5502
    2501       1.8853
    2502       2.0321
    2503       1.7136
    2504       1.4297
    2505       1.3544
    2506       1.5421
    2507       1.5234
    2508       1.4226
    2509       1.7064
    2510       1.5989
    2511       1.7966
    2512       1.4644
    2513       1.4199
    2514       1.5817
    2515       2.3459
    2516       2.2478
    2517       1.3832
    2518       1.5654
    2519       2.1707
    2520       1.5682
    2521       1.7147
    2522       1.7642
    2523       1.4170
    2524       1.6142
    2525       1.7249
    2526       1.4910
    2527       1.7264
    2528       1.6094
    2529       1.3575
    2530       1.6199
    2531       1.7264
    2532       1.8732
    2533       1.6190
    2534       1.5037
    2535       2.7885
    2536       2.1750
    2537       1.8513
    2538       1.5339
    2539       1.4776
    2540       1.8117
    2541       1.3692
    2542       1.7925
    2543       2.3371
    2544       2.1759
    2545       2.0898
    2546       2.2942
    2547       1.6229
    2548       1.5649
    2549       1.2997
    2550       1.8608
    2551       2.0682
    2552       2.1406
    2553       1.6982
    2554       1.8960
    2555       3.1939
    2556       2.2915
    2557       1.5231
    2558       1.7265
    2559       1.5508
    2560       1.8263
    2561       1.6997
    2562       2.3381
    2563       1.5674
    2564       1.7475
    2565       1.8061
    2566       1.4132
    2567       1.3139
    2568       1.3777
    2569       1.3595
    2570       1.4502
    2571       1.3434
    2572       1.2973
    2573       1.8854
    2574       1.4135
    2575       1.4296
    2576       1.4885
    2577       2.2114
    2578       2.4972
    2579       2.2728
    2580       2.7275
    2581       2.2033
    2582       1.5841
    2583       1.7930
    2584       1.6011
    2585       1.3386
    2586       1.5584
    2587       1.7338
    2588       2.4437
    2589       1.5697
    2590       1.8157
    2591       1.3978
    2592       2.0063
    2593       1.6236
    2594       1.3535
    2595       2.6375
    2596       2.3607
    2597       2.9994
    2598       2.4975
    2599       1.9650
    2600       2.0447
    2601       1.7273
    2602       1.5449
    2603       1.6452
    2604       1.6627
    2605       1.6401
    2606       1.8075
    2607       2.3074
    2608       1.8069
    2609       1.5281
    2610       1.8019
    2611       1.7440
    2612       1.8530
    2613       1.4826
    2614       2.2617
    2615       2.1617
    2616       1.9094
    2617       2.0425
    2618       2.8539
    2619       3.0380
    2620       2.4457
    2621       1.8679
    2622       1.3850
    2623       1.4372
    2624       1.2122
    2625       1.7324
    2626       1.4999
    2627       1.4924
    2628       1.8886
    2629       2.4868
    2630       1.3680
    2631       1.9440
    2632       1.5399
    2633       2.2460
    2634       2.0105
    2635       1.7626
    2636       2.8348
    2637       1.5684
    2638       1.9918
    2639       2.9918
    2640       2.6586
    2641       3.1892
    2642       2.3656
    2643       1.5582
    2644       1.8887
    2645       1.9141
    2646       3.3255
    2647       2.2874
    2648       1.9902
    2649       1.9896
    2650       1.8607
    2651       1.5166
    2652       1.7858
    2653       3.4374
    2654       1.8981
    2655       1.7038
    2656       3.4138
    2657       1.7035
    2658       2.1993
    2659       1.5433
    2660       2.8422
    2661       3.0506
    2662       2.1052
    2663       2.5201
    2664       2.5279
    2665       1.4476
    2666       2.1823
    2667       1.7482
    2668       1.9033
    2669       1.5812
    2670       1.3764
    2671       2.1222
    2672       1.7897
    2673       1.5198
    2674       1.9538
    2675       2.8155
    2676       1.3379
    2677       2.1319
    2678       1.6927
    2679       1.4483
    2680       1.6784
    2681       2.4733
    2682       2.1844
    2683       1.4731
    2684       1.8111
    2685       1.5073
    2686       1.3144
    2687       1.6711
    2688       1.7011
    2689       1.6037
    2690       1.5635
    2691       2.5786
    2692       1.5300
    2693       1.5494
    2694       1.3370
    2695       1.5762
    2696       1.3490
    2697       1.4623
    2698       1.1362
    2699       1.5326
    2700       2.0474
    2701       1.9256
    2702       1.6341
    2703       1.6232
    2704       1.4319
    2705       1.5365
    2706       1.5463
    2707       1.4077
    2708       1.4070
    2709       2.3180
    2710       1.4849
    2711       3.4501
    2712       2.2119
    2713       1.4325
    2714       1.2416
    2715       1.3609
    2716       1.5231
    2717       1.6873
    2718       1.5277
    2719       1.7339
    2720       1.6831
    2721       2.9507
    2722       1.5415
    2723       2.3085
    2724       1.7526
    2725       1.7600
    2726       1.6580
    2727       1.5887
    2728       1.9623
    2729       1.4392
    2730       1.4582
    2731       1.7418
    2732       1.5895
    2733       2.9442
    2734       1.7661
    2735       1.6316
    2736       1.3012
    2737       2.3679
    2738       2.2912
    2739       1.7956
    2740       1.6218
    2741       1.3706
    2742       1.8714
    2743       2.0382
    2744       1.7858
    2745       2.0306
    2746       1.9897
    2747       1.7033
    2748       1.7596
    2749       2.7056
    2750       1.7874
    2751       1.4136
    2752       1.2779
    2753       1.9156
    2754       1.6340
    2755       1.3963
    2756       1.3698
    2757       1.6678
    2758       1.2982
    2759       1.9876
    2760       2.5887
    2761       2.8119
    2762       2.3379
    2763       1.9503
    2764       1.5991
    2765       1.7109
    2766       1.5032
    2767       1.4763
    2768       1.6858
    2769       1.5120
    2770       1.6427
    2771       1.4828
    2772       1.4640
    2773       1.3750
    2774       1.6390
    2775       1.4206
    2776       1.6395
    2777       1.7749
    2778       1.5281
    2779       1.6125
    2780       2.5784
    2781       2.7467
    2782       2.9063
    2783       1.6344
    2784       1.5003
    2785       1.8319
    2786       1.3869
    2787       1.5882
    2788       1.9066
    2789       2.2837
    2790       2.0092
    2791       1.6718
    2792       1.6971
    2793       1.6482
    2794       1.4773
    2795       1.4554
    2796       1.4864
    2797       2.2542
    2798       2.0465
    2799       1.8075
    2800       2.3689
    2801       2.7859
    2802       2.2705
    2803       1.6277
    2804       1.6005
    2805       2.4821
    2806       2.0629
    2807       1.6985
    2808       1.5630
    2809       1.5275
    2810       1.3761
    2811       1.3578
    2812       1.4590
    2813       1.7073
    2814       1.8087
    2815       1.8790
    2816       1.7100
    2817       1.4544
    2818       1.2103
    2819       2.0825
    2820       2.4560
    2821       2.2068
    2822       1.4058
    2823       3.2168
    2824       2.5366
    2825       1.4882
    2826       1.8408
    2827       1.5372
    2828       1.4197
    2829       1.8569
    2830       1.5497
    2831       1.7841
    2832       1.6620
    2833       1.5656
    2834       1.4151
    2835       1.4795
    2836       1.7916
    2837       1.6969
    2838       1.5619
    2839       3.0015
    2840       2.3764
    2841       2.3749
    2842       1.7405
    2843       1.6813
    2844       1.2980
    2845       2.0233
    2846       1.7155
    2847       1.6645
    2848       1.9464
    2849       2.3483
    2850       1.7993
    2851       1.2658
    2852       1.5453
    2853       1.4418
    2854       1.3242
    2855       2.3329
    2856       1.8198
    2857       1.9680
    2858       1.5326
    2859       2.0407
    2860       3.1609
    2861       2.2195
    2862       1.7947
    2863       1.7706
    2864       1.6777
    2865       1.2695
    2866       1.1165
    2867       1.3950
    2868       1.9879
    2869       1.7168
    2870       1.4277
    2871       1.4637
    2872       2.5973
    2873       1.9665
    2874       1.5837
    2875       1.6627
    2876       1.7088
    2877       1.7575
    2878       1.7002
    2879       3.3076
    2880       2.2601
    2881       1.6178
    2882       2.1385
    2883       1.4813
    2884       2.2428
    2885       1.5604
    2886       1.7403
    2887       1.6174
    2888       1.1495
    2889       2.3585
    2890       1.8386
    2891       1.2946
    2892       1.4965
    2893       1.3960
    2894       3.1682
    2895       1.9386
    2896       2.1678
    2897       2.0941
    2898       1.6430
    2899       2.5250
    2900       2.3089
    2901       1.4779
    2902       2.0470
    2903       1.5064
    2904       2.2220
    2905       1.7037
    2906       2.3451
    2907       1.6482
    2908       2.7611
    2909       1.5973
    2910       1.3314
    2911       1.7300
    2912       2.0103
    2913       2.4180
    2914       1.6105
    2915       1.3555
    2916       1.3984
    2917       2.6986
    2918       1.3934
    2919       1.6308
    2920       1.6949
    2921       1.2832
    2922       1.4067
    2923       1.9970
    2924       2.1343
    2925       1.4014
    2926       1.6116
    2927       1.9639
    2928       1.7433
    2929       2.3200
    2930       1.6756
    2931       2.1408
    2932       1.7746
    2933       1.4910
    2934       1.5563
    2935       2.0228
    2936       1.7193
    2937       1.4245
    2938       1.7269
    2939       1.5198
    2940       2.0150
    2941       2.0995
    2942       1.8941
    2943       1.4264
    2944       1.4514
    2945       1.4537
    2946       1.3552
    2947       1.7645
    2948       1.5099
    2949       1.9572
    2950       2.3233
    2951       1.2380
    2952       2.3621
    2953       1.4112
    2954       1.3341
    2955       1.9129
    2956       1.4375
    2957       1.5403
    2958       1.7041
    2959       1.5109
    2960       2.4648
    2961       3.0256
    2962       1.4129
    2963       1.8435
    2964       1.6371
    2965       2.2649
    2966       2.5895
    2967       1.4951
    2968       1.6418
    2969       2.6463
    2970       2.3921
    2971       1.8501
    2972       2.3063
    2973       1.6075
    2974       2.6057
    2975       1.3355
    2976       1.7861
    2977       1.4567
    2978       1.7497
    2979       1.5733
    2980       1.7359
    2981       1.7151
    2982       1.4431
    2983       1.4359
    2984       1.8007
    2985       2.5625
    2986       1.9755
    2987       2.7161
    2988       1.3052
    2989       2.6662
    2990       1.8632
    2991       1.2962
    2992       1.3907
    2993       2.7102
    2994       1.7423
    2995       1.8771
    2996       1.9645
    2997       1.4882
    2998       1.4402
    2999       1.8286
    3000       1.5118
    3001       1.8852
    3002       1.4387
    3003       2.1656
    3004       3.2487
    3005       1.9595
    3006       1.4295
    3007       1.5967
    3008       1.4657
    3009       1.5157
    3010       2.3902
    3011       2.3862
    3012       1.8126
    3013       1.5595
    3014       1.4848
    3015       3.0659
    3016       1.9822
    3017       2.2428
    3018       2.1517
    3019       2.1870
    3020       2.9478
    3021       1.5141
    3022       2.5071
    3023       1.9750
    3024       1.7639
    3025       1.4194
    3026       2.0111
    3027       1.3824
    3028       1.5439
    3029       1.6202
    3030       1.5670
    3031       1.5144
    3032       1.8704
    3033       2.5100
    3034       1.5840
    3035       1.5611
    3036       1.6326
    3037       1.7529
    3038       1.5982
    3039       1.8521
    3040       1.6877
    3041       1.6115
    3042       1.3122
    3043       1.3954
    3044       1.6559
    3045       1.5362
    3046       2.5040
    3047       2.4629
    3048       2.3396
    3049       1.5490
    3050       1.4200
    3051       1.8905
    3052       2.0534
    3053       1.9047
    3054       1.5852
    3055       1.4248
    3056       1.8438
    3057       1.8078
    3058       1.7478
    3059       1.9250
    3060       2.7331
    3061       1.5338
    3062       1.4968
    3063       1.5554
    3064       1.9934
    3065       1.9719
    3066       1.4236
    3067       1.5783
    3068       2.3460
    3069       2.5924
    3070       2.5561
    3071       2.0187
    3072       1.5207
    3073       3.2737
    3074       2.6105
    3075       1.8717
    3076       3.2398
    3077       2.1268
    3078       1.6566
    3079       3.0101
    3080       1.9383
    3081       2.4894
    3082       2.2464
    3083       1.6362
    3084       2.1369
    3085       1.6678
    3086       1.4487
    3087       1.8258
    3088       3.4202
    3089       1.5453
    3090       1.9985
    3091       2.3451
    3092       1.7767
    3093       1.5909
    3094       1.7879
    3095       1.4259
    3096       1.6340
    3097       1.5918
    3098       1.9417
    3099       1.2912
    3100       1.7607
    3101       1.6832
    3102       1.5549
    3103       3.3545
    3104       1.3032
    3105       1.6618
    3106       1.4776
    3107       1.5945
    3108       1.8018
    3109       2.4607
    3110       2.0044
    3111       1.6154
    3112       1.5056
    3113       1.2156
    3114       1.6137
    3115       2.3201
    3116       1.3169
    3117       1.5789
    3118       1.4841
    3119       1.4851
    3120       1.3959
    3121       1.4736
    3122       1.5157
    3123       1.8553
    3124       1.6165
    3125       1.8288
    3126       1.4749
    3127       2.6092
    3128       3.4123
    3129       1.6679
    3130       1.7818
    3131       1.4135
    3132       1.5721
    3133       1.2811
    3134       2.3395
    3135       2.8149
    3136       1.7403
    3137       1.9923
    3138       1.5865
    3139       1.1688
    3140       1.7202
    3141       1.2690
    3142       1.8908
    3143       1.5161
    3144       2.1719
    3145       1.9038
    3146       1.6526
    3147       2.3520
    3148       2.1529
    3149       2.4566
    3150       1.2532
    3151       1.4626
    3152       2.2172
    3153       1.6706
    3154       1.7114
    3155       1.7005
    3156       1.2262
    3157       1.4162
    3158       1.5084
    3159       1.5943
    3160       1.5151
    3161       2.6896
    3162       2.5831
    3163       2.3218
    3164       1.4434
    3165       1.6970
    3166       1.5904
    3167       1.9592
    3168       1.1753
    3169       1.9313
    3170       1.5184
    3171       1.4803
    3172       1.3581
    3173       1.4453
    3174       1.7975
    3175       1.5785
    3176       2.7391
    3177       1.7469
    3178       1.5059
    3179       1.2945
    3180       1.4336
    3181       1.4556
    3182       2.1844
    3183       1.8799
    3184       2.2167
    3185       1.5598
    3186       1.5063
    3187       2.5331
    3188       1.7722
    3189       1.8480
    3190       2.8370
    3191       2.9636
    3192       1.5403
    3193       2.0927
    3194       1.4939
    3195       1.3371
    3196       1.5122
    3197       1.4311
    3198       1.5396
    3199       2.4312
    3200       2.1612
    3201       1.6874
    3202       1.7581
    3203       1.5119
    3204       1.6391
    3205       2.2005
    3206       1.3273
    3207       1.4676
    3208       1.6570
    3209       2.2338
    3210       2.9671
    3211       1.3595
    3212       1.7748
    3213       2.0318
    3214       2.0280
    3215       2.2372
    3216       2.1826
    3217       1.6102
    3218       1.4123
    3219       2.4894
    3220       1.6410
    3221       1.9249
    3222       1.7738
    3223       1.3827
    3224       1.3904
    3225       1.6680
    3226       1.6622
    3227       1.6952
    3228       1.8721
    3229       1.4983
    3230       1.7288
    3231       2.9392
    3232       2.0063
    3233       3.3954
    3234       2.4237
    3235       2.5580
    3236       3.2823
    3237       2.2928
    3238       3.4104
    3239       1.8823
    3240       2.6408
    3241       1.6724
    3242       2.0262
    3243       1.8338
    3244       2.2748
    3245       1.7844
    3246       2.2160
    3247       1.8043
    3248       1.8857
    3249       2.9231
    3250       1.2973
    3251       1.7137
    3252       1.2008
    3253       3.3778
    3254       2.2652
    3255       1.3970
    3256       2.7463
    3257       1.4418
    3258       1.7910
    3259       1.9049
    3260       1.7096
    3261       1.9286
    3262       2.7516
    3263       2.6519
    3264       1.4219
    3265       1.5101
    3266       2.6161
    3267       1.5236
    3268       1.5875
    3269       1.5842
    3270       2.2487
    3271       2.5189
    3272       1.2954
    3273       1.5487
    3274       2.4228
    3275       2.1243
    3276       1.2887
    3277       1.7035
    3278       1.3759
    3279       1.6963
    3280       1.8239
    3281       1.5489
    3282       2.0594
    3283       1.7074
    3284       1.7085
    3285       1.9701
    3286       1.7745
    3287       1.6301
    3288       1.4919
    3289       1.6046
    3290       2.4770
    3291       2.0974
    3292       1.7541
    3293       1.7228
    3294       1.3861
    3295       1.4444
    3296       2.0042
    3297       1.6224
    3298       1.8034
    3299       1.4863
    3300       1.7600
    3301       2.2245
    3302       2.0238
    3303       1.4681
    3304       2.0200
    3305       2.0486
    3306       2.3468
    3307       1.7341
    3308       1.4094
    3309       1.4866
    3310       1.6622
    3311       1.5008
    3312       2.2098
    3313       2.5002
    3314       1.5993
    3315       1.8258
    3316       1.9002
    3317       1.8901
    3318       1.9237
    3319       1.5438
    3320       1.2408
    3321       1.6098
    3322       2.0313
    3323       1.6517
    3324       1.6683
    3325       1.5963
    3326       1.4364
    3327       1.4302
    3328       2.3028
    3329       1.6159
    3330       2.5458
    3331       1.6021
    3332       1.8294
    3333       1.7386
    3334       1.6049
    3335       1.3582
    3336       1.5904
    3337       1.9191
    3338       2.3417
    3339       1.8626
    3340       1.8414
    3341       1.5821
    3342       1.2183
    3343       1.5257
    3344       1.4536
    3345       1.4414
    3346       1.4473
    3347       1.5608
    3348       1.8011
    3349       2.3433
    3350       1.6047
    3351       2.7569
    3352       1.5239
    3353       2.7164
    3354       1.4864
    3355       1.3732
    3356       3.3861
    3357       2.0845
    3358       1.7240
    3359       1.4674
    3360       1.5918
    3361       2.1804
    3362       1.8393
    3363       1.9995
    3364       2.4516
    3365       2.6339
    3366       2.4036
    3367       2.3908
    3368       1.3223
    3369       1.2404
    3370       1.8005
    3371       1.6331
    3372       1.6320
    3373       3.1197
    3374       2.0971
    3375       1.8103
    3376       2.0347
    3377       1.6057
    3378       1.9248
    3379       1.2456
    3380       2.5342
    3381       1.2085
    3382       1.3238
    3383       1.5561
    3384       1.7978
    3385       2.6150
    3386       1.4304
    3387       1.5449
    3388       1.4286
    3389       1.6120
    3390       1.9138
    3391       1.5412
    3392       2.2928
    3393       1.4485
    3394       1.5528
    3395       1.4947
    3396       1.7970
    3397       1.7215
    3398       1.8590
    3399       1.6385
    3400       2.4137
    3401       1.7359
    3402       1.8714
    3403       2.2550
    3404       2.3573
    3405       1.2595
    3406       1.5156
    3407       2.7589
    3408       1.3901
    3409       1.7470
    3410       1.3568
    3411       1.5211
    3412       1.4681
    3413       1.6563
    3414       2.0702
    3415       1.6227
    3416       1.9226
    3417       2.5034
    3418       1.7276
    3419       1.1556
    3420       1.4641
    3421       1.9333
    3422       2.6799
    3423       1.5467
    3424       1.4906
    3425       1.5613
    3426       1.5833
    3427       2.1792
    3428       1.7708
    3429       1.6179
    3430       2.5054
    3431       2.1354
    3432       1.5454
    3433       2.3176
    3434       1.6656
    3435       1.6133
    3436       1.6568
    3437       1.5501
    3438       1.5862
    3439       1.9071
    3440       1.5832
    3441       1.7820
    3442       2.0247
    3443       2.3840
    3444       1.7514
    3445       2.4263
    3446       1.3801
    3447       3.3998
    3448       1.7668
    3449       2.6752
    3450       2.5944
    3451       2.0484
    3452       1.8907
    3453       2.6619
    3454       1.0764
    3455       3.2719
    3456       1.3594
    3457       3.4236
    3458       2.4803
    3459       1.9223
    3460       2.3332
    3461       1.3539
    3462       1.6627
    3463       2.1978
    3464       1.8471
    3465       1.4440
    3466       1.2541
    3467       2.2010
    3468       1.9094
    3469       1.3397
    3470       1.6174
    3471       1.6055
    3472       1.8960
    3473       1.4037
    3474       2.6689
    3475       1.5210
    3476       1.4799
    3477       1.2462
    3478       2.0703
    3479       1.8595
    3480       2.4610
    3481       1.8057
    3482       1.5918
    3483       2.1238
    3484       1.7846
    3485       1.5555
    3486       1.7429
    3487       1.3328
    3488       1.5270
    3489       2.5707
    3490       1.8241
    3491       1.5417
    3492       1.4769
    3493       1.6645
    3494       1.3421
    3495       1.3233
    3496       1.9825
    3497       1.6129
    3498       2.4505
    3499       1.8031
    3500       1.6443
    3501       1.3774
    3502       1.4538
    3503       1.9596
    3504       1.4679
    3505       1.3596
    3506       3.1180
    3507       2.2295
    3508       1.6322
    3509       2.0101
    3510       1.9477
    3511       2.3036
    3512       1.6137
    3513       1.7584
    3514       2.6080
    3515       3.5122
    3516       2.7725
    3517       1.6641
    3518       2.5698
    3519       3.3552
    3520       2.4576
    3521       2.0833
    3522       1.4439
    3523       1.3264
    3524       1.5683
    3525       1.4871
    3526       2.1360
    3527       2.4010
    3528       2.1859
    3529       2.7556
    3530       2.0077
    3531       1.6179
    3532       1.3188
    3533       1.9612
    3534       1.6596
    3535       1.6157
    3536       2.0057
    3537       1.9875
    3538       1.6451
    3539       1.3605
    3540       1.6749
    3541       2.5830
    3542       1.3312
    3543       1.9800
    3544       1.4881
    3545       1.7122
    3546       1.8590
    3547       1.5321
    3548       2.5957
    3549       1.7249
    3550       1.5294
    3551       1.4672
    3552       1.9149
    3553       1.6097
    3554       1.4328
    3555       2.5835
    3556       1.4256
    3557       1.6593
    3558       1.8643
    3559       1.5876
    3560       1.4100
    3561       1.5823
    3562       1.8348
    3563       1.8390
    3564       2.3663
