Frame	Volume
1	641.993
2	641.684
3	640.511
4	639.765
5	641.752
6	642.603
7	640.334
8	641.348
9	636
10	639.909
11	640.48
12	642.438
13	640.737
14	640.876
15	638.555
16	643.83
17	641.062
18	641.271
19	640.155
20	639.671
21	640.809
22	643.017
23	640.23
24	639.979
25	641.504
26	641.53
27	640.537
28	641.028
29	641.265
30	641.652
31	640.961
32	639.839
33	642.093
34	641.054
35	640.075
36	641.068
37	640.2
38	640.692
39	641.236
40	640.191
41	640.948
42	641.126
43	640.899
44	641.327
45	641.059
46	640.852
47	641.156
48	642.349
49	639.526
50	639.485
51	640.426
52	642.846
53	640.249
54	640.965
55	641.716
56	641.319
57	640.381
58	642.622
59	641.344
60	641.251
61	641.551
62	639.893
63	642.731
64	640.937
65	639.641
66	640.338
67	639.911
68	640.007
69	641.057
70	641.579
71	640.613
72	640.033
73	641.192
74	640.097
75	639.831
76	641.184
77	640.09
78	641.776
79	640.476
80	640.776
81	640.801
82	640.255
83	640.242
84	640.989
85	640.147
86	640.365
87	640.522
88	642.015
89	640.748
90	640.789
91	640.861
92	640.855
93	641.195
94	641.43
95	640.77
96	641.312
97	641.112
98	640.694
99	641.486
100	641.046
101	641.545
102	641.852
103	640.6
104	641.411
105	640.206
106	640.902
107	641.583
108	640.911
109	640.978
110	641.142
111	640.39
112	640.831
113	641.27
114	641.596
115	641.139
116	641.61
117	641.029
118	641.966
119	641.356
120	640.367
121	640.525
122	641.117
123	641.424
124	641.288
125	640.954
126	639.993
127	641.105
128	641.187
129	641.276
130	641.049
131	641.448
132	640.801
133	641.636
134	641.921
135	641.493
136	640.655
137	641.022
138	641.25
139	641.47
140	641.606
141	641.075
142	641.193
143	640.585
144	640.981
145	640.842
146	640.484
147	640.271
148	641.663
149	641.165
150	641.165
151	641.186
152	640.097
153	640.82
154	641.659
155	641.332
156	641.173
157	640.819
158	641.143
159	641.096
160	641.019
161	641.221
162	641.344
163	640.69
164	640.961
165	641.096
166	641.436
167	641.08
168	641.117
169	641.021
170	640.712
171	641.45
172	641.269
173	641.289
174	641.242
175	640.556
176	640.862
177	641.297
178	641.164
179	640.841
180	641.202
181	641.09
182	641.09
183	641.075
184	641.033
185	641.129
186	641.006
187	640.975
188	641.105
189	641.404
190	641.262
191	640.718
192	641.465
193	640.844
194	640.871
195	641.102
196	641.265
197	641.057
198	640.935
199	641.268
200	640.956
201	640.995
202	641.149
203	641.19
204	641.017
205	641.258
206	641.059
207	640.932
208	641.139
209	640.635
210	641.013
211	641.233
212	641.037
213	641.353
214	641.199
215	641.675
216	641.291
217	641.077
218	640.678
219	640.869
220	641.183
221	641.239
222	640.912
223	641.131
224	640.689
225	641.199
226	641.133
227	640.949
228	641.355
229	640.967
230	641.24
231	641.115
232	641.241
233	641.261
234	641.214
235	641.156
236	641.071
237	640.974
238	641.105
239	641.217
240	641.234
241	641.244
242	641.182
243	641.093
244	641.076
245	641.057
246	640.972
247	641.125
248	641.2
249	641.021
250	641.094
251	641.111
252	640.839
253	641.166
254	641.216
255	640.937
256	640.845
257	641.093
258	641.202
259	641.022
260	641.217
261	641.23
262	640.933
263	640.842
264	641.154
265	641.107
266	641.109
267	641.234
268	641.19
269	641.121
270	641.004
271	641.153
272	641.054
273	641.091
274	641.197
275	640.959
276	641.082
277	641.195
278	641.055
279	641.195
280	640.991
281	641.073
282	641.191
283	641.104
284	641.028
285	641.203
286	641.182
287	641.146
288	641.17
289	641.011
290	641.065
291	641.199
292	641.022
293	641.195
294	641.056
295	641.123
296	641.064
297	641.098
298	641.065
299	641.1
300	641.209
301	641.093
302	641.185
303	641.152
304	641.126
305	641.067
306	641.029
307	641.163
308	641.16
309	641.13
310	641.219
311	641.13
312	641.147
313	640.946
314	641.015
315	641.045
316	641.129
317	641.051
318	641.17
319	641.114
320	641.024
321	641.102
322	641.007
323	641.095
324	640.985
325	641.112
326	641.117
327	641
328	641.128
329	641.028
330	641.163
331	641.121
332	641.166
333	641.079
334	641.055
335	641.161
336	641.096
337	640.995
338	641.168
339	641.142
340	640.906
341	641.067
342	641.197
343	641.092
344	641.253
345	641.162
346	641.017
347	641.062
348	641.184
349	641.088
350	641.068
351	641.057
352	641.135
353	641.152
354	641.072
