1	579.003
2	584.856
3	613.213
4	822.686
5	793.48
6	769.533
7	956.276
8	666.364
9	760.861
10	586.912
11	845.432
12	736.897
13	831.403
14	732.824
15	647.581
16	741.896
17	612.321
18	635.425
19	631.864
20	920.289
21	615.509
22	728.14
23	745.142
24	740.171
25	686.631
26	899.053
27	700.468
28	738.489
29	687.498
30	841.813
31	852.016
32	881.168
33	664.844
34	704.36
35	656.061
36	774.721
37	779.369
38	767.276
39	819.795
40	760.938
41	770
42	787.369
43	804.593
44	822.861
45	818.281
46	855.431
47	813.058
48	850.576
49	775.232
50	644.9
51	611.856
52	778.856
53	816.611
54	781.572
55	737.934
56	580.398
57	763.794
58	577.021
59	649.88
60	729.584
61	702.856
62	732.581
63	922.74
64	765.845
65	791.497
66	709.161
67	669.318
68	598.54
69	619.5
70	596.7
71	552.984
72	703.492
73	655.131
74	636.32
75	672.394
76	772.276
77	712.325
78	589.069
79	694.148
80	614.761
81	556.977
82	671.98
83	637.174
84	744.246
85	698.2
86	668.424
87	697.126
88	555.375
89	565.416
90	596.423
91	542.391
92	598.274
93	664.778
94	706.596
95	729.58
96	643.044
97	691.634
98	633.074
99	785.892
100	650.694
101	678.381
102	731.182
103	718.327
104	735.985
105	653.933
106	815.406
107	804.687
108	662.734
109	768.943
110	766.788
111	791.006
112	786.61
113	741.087
114	754.325
115	677.45
116	682.153
117	736.175
118	808.039
119	756.328
120	680.519
121	734.62
122	762.848
123	722.569
124	696.099
125	695.878
126	657.833
127	731.924
128	770.188
129	650.628
130	691.31
131	783.746
132	771.975
133	689.65
134	723.662
135	699.338
136	759.536
137	746.412
138	806.021
139	749.803
140	720.98
141	718.397
142	659.244
143	731.366
144	727.73
145	761.884
146	769.481
147	719.247
148	735.079
149	786.991
150	644.209
151	715.476
152	699.259
153	554.226
154	573.313
155	643.028
156	643.807
157	613.217
158	491.25
159	591.933
160	543.747
161	670.906
162	606.035
163	705.348
164	665.797
165	690.128
166	788.828
167	742.604
168	787.331
169	651.144
170	770.864
171	729.593
172	645.497
173	664.325
174	763.601
175	666.42
176	727.232
177	666.669
178	684.589
179	690.483
180	799.411
181	724.792
182	700.64
183	800.013
184	578.085
185	693.67
186	856.766
187	761.387
188	764.023
189	676.218
190	823.49
191	821.49
192	716.037
193	697.019
194	673.782
195	696.801
196	667.814
197	654.94
198	665.211
199	629.833
200	627.971
201	726.027
202	576.011
203	602.539
204	531.118
205	571.586
206	581.786
207	689.092
208	567.896
209	589.388
210	570.963
211	690.89
212	589.566
213	601.43
214	508.771
215	562.403
216	514.759
217	581.734
218	556.838
219	537.06
220	579.67
221	647
222	506.188
223	589.701
224	587.781
225	661.238
226	670.135
227	708.867
228	696.455
229	631.985
230	703.872
231	598.3
232	605.339
233	614.286
234	600.822
235	629.974
236	572.974
237	544.564
238	511.556
239	532.29
240	523.077
241	659.466
242	518.384
243	547.35
244	628.327
245	537.187
246	578.736
247	546.286
248	572.506
249	588.905
250	585.171
251	525.706
252	609.896
253	505.755
254	548.843
255	560.332
256	640.107
257	478.478
258	627.844
259	526.371
260	565.021
261	505.382
262	573.948
263	493.199
264	617.786
265	502.445
266	625.089
267	579.485
268	657.704
269	580.191
270	507.117
271	469.055
272	630.845
273	565.952
274	467.328
275	552.116
276	547.664
277	453.975
278	604.829
279	631.435
280	602.375
281	562.934
282	523.025
283	616.253
284	562.229
285	591.69
286	505.234
287	597.181
288	573.319
289	537.572
290	528.443
291	557.962
292	526.181
293	506.866
294	441.636
295	552.031
296	571.313
297	595.222
298	631.772
299	549.881
300	561.426
301	683.272
302	484.141
303	624.622
304	720.033
305	657.547
306	545.212
307	691.982
308	577.264
309	667.83
310	676.871
311	592.794
312	609.278
313	567.494
314	604.816
315	590.422
316	585.872
317	637.093
318	622.652
319	586.586
320	705.727
321	680.631
322	632.23
323	682.405
324	538.289
325	602.785
326	616.146
327	603.038
328	525.069
329	505.953
330	534.222
331	626.553
332	579.539
333	657.145
334	540.044
335	536.42
336	598.234
337	510.883
338	567.906
339	588.005
340	599.789
341	562.46
342	491.087
343	505.39
344	510.272
345	490.084
346	499.285
347	483.166
348	585.439
349	540.786
350	585.278
351	528.123
352	552.116
353	535.42
354	599.831
355	499.331
356	588.01
357	608.871
358	595.823
359	615.009
360	641.528
361	514.769
362	489.361
363	549.257
364	507.766
365	606.863
366	589.375
367	516.336
368	509.713
369	447.942
370	484.993
371	554.143
372	551.379
373	501.972
374	515.312
375	574.926
376	560.03
377	565.051
378	525.062
379	536.925
380	527.317
381	542.048
382	515.04
383	525.417
384	523.359
385	558.171
386	516.592
387	554.296
388	578.169
389	505.101
390	587.196
391	490.875
392	618.129
393	551.087
394	605.61
395	580.628
396	585.273
397	537.035
398	496.265
399	491.577
400	641.832
401	598.218
402	618.477
403	652.932
404	751.351
405	566.145
406	621.651
407	530.12
408	709.521
409	472.616
410	589.994
411	603.25
412	572.936
413	545.428
414	584.99
415	648.336
416	590.458
417	531.983
418	576.552
419	530.903
420	564.483
421	593.126
422	590.313
423	569.228
424	522.805
425	472.443
426	519.288
427	576.635
428	604.68
429	528.766
430	622.49
431	563.291
432	663.305
433	602.114
434	617.506
435	565.369
436	576.973
437	581.013
438	611.737
439	538.844
440	570.87
441	535.053
442	580.811
443	546.692
444	558.357
445	554.309
446	537.04
447	641.161
448	620.774
449	609.687
450	646.107
451	564.054
452	503.359
453	556.164
454	561.089
455	543.524
456	521.55
457	603.326
458	657.449
459	565.339
460	642.662
461	708.707
462	568.446
463	563.034
464	593.57
465	617.343
466	586.714
467	579.975
468	610.098
469	630.72
470	562.837
471	601.443
472	539.843
473	567.261
474	529.594
475	583.873
476	582.893
477	594.15
478	582.469
479	482.317
480	566.444
481	547.056
482	593.012
483	434.217
484	533.854
485	566.455
486	528.292
487	548.507
488	581.949
489	585.185
490	591.541
491	545.98
492	576.387
493	528.893
494	578.235
495	576.25
496	617.458
497	617.184
498	558.501
499	512.089
500	449.61
501	568.251
502	535.494
503	555.483
504	469.873
505	508.684
506	637.573
507	633.026
508	570.444
509	572.572
510	547.548
511	503.952
512	670.505
513	642.804
514	612.391
515	531.163
516	570.334
517	607.938
518	676.732
519	549.53
520	544.489
521	534.148
522	603.581
523	575.865
524	588.732
525	514.496
526	579.044
527	496.995
528	506.417
529	496.393
530	613.616
531	602.738
532	653.878
533	506.417
534	561.509
535	564.041
536	656.973
537	519.658
538	601.096
539	605.646
540	614.527
541	578.658
542	595.213
543	512.597
544	552.459
545	508.307
546	578.905
547	561.844
548	544.938
549	552.03
550	544.348
551	556.456
552	485.088
553	539.303
554	608.696
555	512.676
556	537.026
557	653.214
558	567.403
559	640.57
560	600.51
561	492.798
562	577.709
563	486.112
564	646.745
565	506.717
566	543.319
567	554.878
568	570.865
569	626.541
570	583.871
571	565.441
572	613.569
573	560.573
574	545.777
575	470.2
576	528.73
577	548.092
578	519.576
579	454.558
580	576.203
581	529.938
582	485.555
583	498.422
584	590.61
585	529.29
586	578.068
587	498.098
588	568.152
589	602.95
590	585.661
591	602.742
592	694.814
593	580.817
594	603.235
595	701.42
596	547.035
597	608.333
598	577.663
599	635.298
600	614.683
601	510.874
602	511.678
603	616.626
604	516.342
605	561.839
606	584.763
607	601.371
608	601.972
609	493.137
610	551.179
611	505.018
612	477.002
613	609.676
614	570.498
615	532.885
616	546.134
617	525.879
618	632.391
619	527.834
620	516.378
621	633.656
622	596.927
623	583.549
624	611.247
625	578.534
626	547.446
627	625.922
628	628.117
629	660.235
630	592.442
631	578.272
632	590.934
633	572.074
634	575.895
635	482.38
636	620.413
637	628.638
638	766.738
639	646.99
640	630.604
641	581.851
642	561.158
643	587.93
644	539.831
645	604.346
646	563.126
647	601.312
648	574.507
649	558.278
650	587.249
651	498.971
652	533.161
653	547.986
654	444.17
655	576.334
656	530.486
657	564.347
658	597.396
659	496.671
660	502.242
661	576.249
662	591.952
663	566.053
664	602.351
665	566.918
666	575.837
667	487.335
668	510.674
669	550.333
670	491.655
671	537.96
672	491.677
673	532.475
674	574.754
675	521.595
676	556.008
677	498.278
678	576.159
679	608.534
680	580.88
681	531.408
682	537.391
683	621.757
684	587.064
685	521.555
686	493.813
687	500.886
688	549.413
689	511.932
690	616.708
691	555.027
692	662.685
693	545.558
694	578.207
695	581.384
696	577.55
697	605.669
698	688.943
699	541.621
700	554.468
701	663.425
702	590.965
703	499.759
704	588.191
705	535.915
706	622.98
707	600.699
708	569.627
709	581.551
710	539.911
711	636.501
712	649.027
713	564.501
714	677.486
715	560.428
716	767.262
717	625.162
718	694.269
719	873.951
720	715.032
721	704.758
722	601.37
723	681.338
724	612.95
725	769.109
726	491.654
727	654.369
728	561.689
729	688.23
730	458.433
731	644.335
732	562.957
733	629.682
734	522.411
735	605.442
736	754.74
737	725.593
738	701.839
739	634.053
740	772.779
741	609.472
742	566.5
743	627.422
744	627.565
745	683.485
746	667.281
747	633.121
748	632.595
749	583.091
750	615.714
751	548.502
752	560.345
753	442.365
754	528.477
755	469.873
756	626.178
757	500.097
758	628.207
759	660.205
760	783.231
761	853.615
762	558.116
763	695.79
764	645.559
765	619.733
766	642.266
767	586.422
768	643.741
769	711.571
770	657.883
771	625.684
772	661.295
773	720.466
774	598.64
775	617.877
776	726.226
777	554.814
778	594.234
779	521.163
780	548.653
781	470.913
782	551.059
783	578.694
784	635.452
785	597.588
786	478.534
787	619.479
788	592.76
789	569.16
790	625.875
791	647.657
792	590.314
793	589.955
794	622.916
795	667.478
796	561.194
797	598.694
798	591.236
799	604.442
800	622.464
801	649.43
802	635.053
803	663.381
804	634.11
805	678.329
806	627.53
807	639.62
808	656.221
809	637.035
810	597.428
811	633.742
812	654.733
813	685.804
814	726.021
815	645.076
816	639.339
817	659.345
818	657.748
819	531.121
820	622.036
821	598.905
822	515.659
823	661.024
824	593.934
825	649.991
826	560.443
827	572.875
828	595.147
829	569.115
830	661.771
831	638.337
832	611.228
833	684.559
834	619.765
835	589.881
836	601.066
837	610.515
838	588.638
839	576.296
840	595.39
841	650.132
842	705.107
843	575.459
844	629.34
845	640.856
846	627.289
847	557.977
848	640.721
849	623.362
850	618.349
851	670.343
852	571.451
853	616.697
854	668.625
855	661.507
856	644.529
857	619.89
858	529.603
859	612.968
860	612.599
861	630.77
862	620.507
863	572.624
864	602.8
865	598.066
866	609.526
867	585.957
868	648.546
869	537.392
870	646.698
871	701.844
872	632.837
873	608.368
874	636.728
875	623.908
876	623.904
877	605.722
878	612.377
879	717.394
880	634.833
881	668.732
882	673.043
883	635.706
884	527.364
885	689.992
886	643.819
887	644.646
888	672.46
889	599.91
890	576.819
891	569.888
892	530.039
893	538.308
894	539.984
895	645.84
896	639.343
897	609.503
898	545.834
899	580.091
900	615.382
901	593.329
902	591.467
903	538.433
904	582.288
905	576.842
906	536.405
907	580.605
908	558.947
909	664.933
910	676.749
911	616.527
912	541.879
913	546.976
914	518.261
915	505.168
916	560.151
917	527.836
918	534.341
919	553.001
920	665.902
921	548.806
922	552.821
923	578.977
924	561.686
925	588.266
926	645.903
927	638.748
928	588.77
929	591.115
930	649.116
931	626.336
932	493.601
933	600.067
934	557.461
935	622.866
936	614.617
937	652.238
938	512.984
939	584.02
940	571.269
941	628.427
942	577.934
943	568.762
944	597.211
945	599.678
946	642.693
947	652.219
948	735.002
949	598.809
950	604.08
951	598.894
952	613.802
953	562.261
954	605.656
955	622.814
956	572.65
957	496.587
958	593.465
959	605
960	574.824
961	586.687
962	681.489
963	599.408
964	645.65
965	609.62
966	555.489
967	571.118
968	600.094
969	652.65
970	550.06
971	548.658
972	666.061
973	642.67
974	686.352
975	631.627
976	677.165
977	632.42
978	553.244
979	555.36
980	613.605
981	477.403
982	542.489
983	571.268
984	591.03
985	605.396
986	590.986
987	618.731
988	581.87
989	654.894
990	548.66
991	553.162
992	596.933
993	619.213
994	637.806
995	568.127
996	571.82
997	692.436
998	513.038
999	507.935
1000	587.886
