1	975.097
2	1143.63
3	1067.84
4	1095.63
5	924.221
6	952.045
7	1102.64
8	1063.97
9	1398.3
10	1431.08
11	1108.66
12	787.54
13	774.061
14	1135.28
15	706.996
16	756.498
17	726.277
18	884.608
19	600.833
20	576.062
21	885.662
22	893.428
23	681.355
24	693.977
25	813.951
26	707.54
27	898.511
28	760.984
29	769.147
30	680.705
31	913.573
32	731.822
33	868.1
34	1069.62
35	1078.76
36	935.034
37	750.476
38	678.682
39	760.658
40	836.963
41	965.868
42	990.69
43	1000.86
44	970.206
45	887.459
46	806.509
47	680.334
48	690.466
49	827.404
50	765.061
51	903.24
52	776.239
53	801.611
54	832.33
55	814.945
56	815.427
57	1011.71
58	707.428
59	873.897
60	815.969
61	1167.11
62	1226.54
63	1160.03
64	1039.19
65	1155.34
66	896.993
67	689.267
68	906.944
69	896.135
70	1182.01
71	1043.01
72	1137.15
73	1035.61
74	821.173
75	702.622
76	595.553
77	649.999
78	878.587
79	882.99
80	831.92
81	815.357
82	843.418
83	758.248
84	708.771
85	850.191
86	828.494
87	912.248
88	674.724
89	869.456
90	869.878
91	776.552
92	781.271
93	646.764
94	626.459
95	761.409
96	696.156
97	654.133
98	609.113
99	842.353
100	838.245
101	701.437
102	1013
103	741.77
104	751.76
105	678.965
106	703.31
107	739.752
108	790.073
109	722.044
110	821.617
111	611.463
112	674.436
113	725.641
114	770.24
115	645.637
116	625.707
117	756.575
118	600.083
119	668.243
120	792.997
121	855.331
122	852.307
123	772.722
124	648.958
125	748.154
126	525.4
127	752.54
128	872.314
129	666.966
130	761.931
131	780.974
132	638.622
133	814.002
134	898.667
135	907.238
136	832.209
137	767.783
138	1014.45
139	722.957
140	799.025
141	760.246
142	839.406
143	771.274
144	662.45
145	660.617
146	742.707
147	721.676
148	505.861
149	536.36
150	560.043
151	612.057
152	631.232
153	576.302
154	607.439
155	703.369
156	796.167
157	751.308
158	638.574
159	659.584
160	716.643
161	620.756
162	730.399
163	659.977
164	601.374
165	663.659
166	620.14
167	734.981
168	458.661
169	632.177
170	772.841
171	683.574
172	885.829
173	829.861
174	747.159
175	964.939
176	828.503
177	921.233
178	882.897
179	918.733
180	808.655
181	964.809
182	681.944
183	666.229
184	682.111
185	816.243
186	1060.5
187	848.263
188	660.985
189	701.124
190	1047.03
191	882.519
192	910.421
193	1074.09
194	885.429
195	698.508
196	827.97
197	678.932
198	729.698
199	587.602
200	843.018
201	749.191
202	660.567
203	661.11
204	889.578
205	803.286
206	820.064
207	728.258
208	905.54
209	788.909
210	796.203
211	679.236
212	728.669
213	1031.66
214	581.229
215	723.79
216	747.694
217	723.886
218	644.842
219	656.295
220	688.913
221	791.33
222	820.459
223	629.626
224	429.473
225	618.353
226	524.113
227	535.99
228	640.737
229	641.045
230	796.583
231	935.549
232	981.758
233	1138.83
234	993.941
235	1231.85
236	841.075
237	932.924
238	800.533
239	806.55
240	655.223
241	814.406
242	1036.07
243	812.443
244	1146.82
245	884.635
246	792.162
247	734.084
248	1010.3
249	1228.27
250	865.163
251	725.699
252	1185.75
253	1114.53
254	1371.86
255	1214.72
256	741.546
257	639.259
258	649.152
259	1017.74
260	589.306
261	866.917
262	961.792
263	994.042
264	1035.94
265	1135.72
266	1070.37
267	843.567
268	842.642
269	1139.06
270	991.836
271	870.817
272	992.423
273	1157.14
274	848.215
275	1032.3
276	888.453
277	817.394
278	714.402
279	740
280	988.337
281	953.739
282	839.157
283	781.061
284	1048.66
285	933.036
286	877.341
287	830.725
288	931.385
289	948.273
290	1017.73
291	982.869
292	833.374
293	898.594
294	613.907
295	706.103
296	841.142
297	716.358
298	501.616
299	702.518
300	668.466
301	617.248
302	704.279
303	599.929
304	897.868
305	956.067
306	874.156
307	804.695
308	785.077
309	780.639
310	688.765
311	790.164
312	694.548
313	869.647
314	920.808
315	1159.57
316	862.878
317	889.184
318	661.55
319	870.905
320	872.015
321	647.115
322	779.8
323	1043.47
324	882.963
325	888.132
326	1096.06
327	1132.81
328	1024.5
329	1017.7
330	626.768
331	813.811
332	696.801
333	823.897
334	902.457
335	862.411
336	783.536
337	804.221
338	973.767
339	864.169
340	926.391
341	771.533
342	854.575
343	794.425
344	860.762
345	862.199
346	865.716
347	799.363
348	853.085
349	853.944
350	891.886
351	1023.38
352	925.243
353	889.442
354	641.771
355	946.26
356	889.266
357	774.494
358	876.731
359	833.522
360	949.206
361	994.499
362	762.048
363	1033.14
364	780.014
365	578.504
366	643.421
367	509.889
368	831.534
369	729.88
370	572.626
371	857.979
372	898.596
373	822.711
374	715.782
375	630.417
376	613.56
377	644.288
378	646.996
379	574.608
380	606.511
381	916.884
382	771.37
383	679.3
384	756.552
385	762.091
386	668.355
387	649.685
388	753.446
389	777.986
390	706.942
391	828.384
392	1080.24
393	812.967
394	714.676
395	660.803
396	502.139
397	594.334
398	575.895
399	548.671
400	433.924
401	668.537
402	616.218
403	497.477
404	514.938
405	557.822
406	694.662
407	589.23
408	687.576
409	725.903
410	586.018
411	620.104
412	518.306
413	685.666
414	560.344
415	469.935
416	652.939
417	708.496
418	692.51
419	751.003
420	806.658
421	608.253
422	576.229
423	593.141
424	712.898
425	697.977
426	675.379
427	616.01
428	508.324
429	577.978
430	721.186
431	663.604
432	548.465
433	791.547
434	684.542
435	615.669
436	550.226
437	534.086
438	382.763
439	591.328
440	565.671
441	615.085
442	768.752
443	615.623
444	688.491
445	701.952
446	825.887
447	709.453
448	628.843
449	553.579
450	560.147
451	539.325
452	619.42
453	656.347
454	809.95
455	685.419
456	800.273
457	693.243
458	706.291
459	696.198
460	722.217
461	842.472
462	816.457
463	654.806
464	686.99
465	594.63
466	860.843
467	722.878
468	801.871
469	821.013
470	869.793
471	1004.71
472	896.101
473	833.806
474	724.629
475	938.472
476	895.695
477	614.074
478	711.191
479	740.336
480	910.927
481	722.639
482	865.11
483	796.158
484	1116.04
485	1102.27
486	1418.29
487	1256.4
488	1301.04
489	1037.96
490	1209.25
491	1243.47
492	1235.88
493	1324.9
494	1376.01
495	1374.18
496	997.579
497	1115.2
498	987.869
499	992.733
500	1251.08
501	883.957
502	835.075
503	758.738
504	654.321
505	635.794
506	608.315
507	951.669
508	1079.1
509	818.083
510	1145.18
511	866.791
512	952.419
513	751.281
514	729.953
515	882.146
516	653.906
517	656.823
518	840.833
519	725.999
520	892.546
521	817.586
522	958.943
523	643.788
524	736.945
525	879.729
526	899.063
527	882.653
528	984.018
529	800.113
530	727.61
531	955.27
532	930.696
533	1040.34
534	941.333
535	982.971
536	1055.35
537	1307.1
538	1112.01
539	1303.98
540	1056.06
541	862.04
542	1032.03
543	997.115
544	1024.4
545	1027.88
546	994.796
547	915.512
548	1066.25
549	974.474
550	1068.15
551	1100.65
552	1157.65
553	901.528
554	863.433
555	777.904
556	823.034
557	1394.91
558	1372.09
559	1198.13
560	1266.57
561	1031.79
562	1201.28
563	1114.17
564	1310.91
565	1081.28
566	1195.81
567	1032.55
568	1357.97
569	1251.59
570	1039.86
571	1015.72
572	1232.33
573	1353.26
574	786.571
575	925.21
576	1309.23
577	1396.43
578	1427.2
579	1314.48
580	1048.95
581	710.924
582	1021.67
583	879.516
584	1128.99
585	933.736
586	1161.75
587	1126.7
588	1013.17
589	1429.75
590	1132.71
591	1461.64
592	1083.41
593	844.864
594	801.913
595	1047.24
596	1193.4
597	1180.1
598	1278.08
599	1079.35
600	1394.35
601	1248.74
602	1417.03
603	1257.21
604	1146.11
605	1060.82
606	894.069
607	1130.57
608	1382.41
609	637.716
610	717.048
611	874.576
612	879.945
613	793.799
614	681.195
615	935.563
616	963.969
617	723.92
618	886.442
619	774.711
620	611.941
621	646.047
622	547.358
623	702.661
624	835.878
625	726.477
626	544.148
627	792.264
628	646.146
629	626.417
630	673.083
631	1020.12
632	723.046
633	1142.94
634	1051.24
635	1333.31
636	1032.87
637	1410.44
638	903.449
639	1372.36
640	1390.3
641	1115.17
642	1411.02
643	1260.77
644	1185.53
645	1094.54
646	1010.25
647	1390.27
648	1154.35
649	979.638
650	961.642
651	889.485
652	652.788
653	742.553
654	849.575
655	655.548
656	1018.54
657	710.268
658	1154.27
659	1114.77
660	1262.67
661	1204.38
662	1044.47
663	983.867
664	862.197
665	1139.69
666	1067.59
667	1251.91
668	1309.49
669	981.889
670	1305.86
671	1031.15
672	858.524
673	1157.25
674	1140.48
675	904.724
676	1249.01
677	1253.58
678	1151.04
679	1023.6
680	986.646
681	1000.61
682	618.135
683	633.121
684	770.934
685	864.691
686	628.298
687	666.114
688	771.068
689	858.863
690	1094.86
691	969.247
692	958.171
693	998.489
694	1066.28
695	733.916
696	732.869
697	926.352
698	846.956
699	896.67
700	817.096
701	923.142
702	795.619
703	680.083
704	602.099
705	688.476
706	660.31
707	724.413
708	1017.77
709	976.077
710	796.86
711	1048.19
712	1139.88
713	906.13
714	1151.01
715	777.833
716	895.092
717	1133.71
718	946.826
719	993.594
720	1172.36
721	1040.11
722	1014.97
723	1070.25
724	976.279
725	813.116
726	771.897
727	832.042
728	777.15
729	1016.08
730	749.606
731	818.674
732	709.991
733	1027.02
734	1344.38
735	1125.86
736	972.292
737	938.311
738	789.845
739	956.881
740	1123.86
741	1254.32
742	964.85
743	1123.43
744	1147.6
745	911.279
746	944.854
747	1238.78
748	1076.75
749	1027.12
750	986.276
751	1044.66
752	860.389
753	975.047
754	1002.56
755	1366.43
756	1250.69
757	855.098
758	1202.51
759	1115.83
760	1243.44
761	1106.72
762	982.646
763	913.398
764	875.903
765	1069.75
766	769.038
767	788.938
768	804.438
769	755.676
770	650.386
771	857.128
772	691.312
773	765.571
774	723.615
775	829.956
776	888.676
777	826.88
778	960.823
779	1042.08
780	958.698
781	922.769
782	957.626
783	1348.84
784	916.201
785	801.169
786	854.139
787	1009.4
788	914.141
789	758.961
790	761.682
791	746.889
792	714.75
793	932.535
794	774.397
795	716.302
796	658.858
797	685.264
798	688.359
799	507.794
800	730.814
801	619.311
802	617.201
803	547.288
804	726.899
805	591.478
806	802.604
807	804.58
808	890.782
809	1070.33
810	1014.63
811	905.077
812	969.682
813	888.691
814	1007.75
815	694.071
816	928.41
817	745.028
818	1155.22
819	894.973
820	1032.38
821	871.898
822	893.436
823	992.765
824	1073.33
825	887.744
826	852.416
827	856.76
828	934.405
829	783.356
830	887.891
831	729.853
832	663.526
833	946.808
834	783.355
835	654.941
836	783.671
837	1012.95
838	849.826
839	889.151
840	1053.47
841	1114
842	812.945
843	1280.69
844	977.393
845	961
846	871.796
847	742.912
848	799.212
849	898.321
850	758.844
851	1105.38
852	790.434
853	861.081
854	837.286
855	713.897
856	773.436
857	726.338
858	820.662
859	894.507
860	909.047
861	784.112
862	795.841
863	641.479
864	907.471
865	756.013
866	1063.36
867	916.002
868	781.692
869	1015.62
870	933.133
871	990.936
872	960.419
873	888.301
874	1092.31
875	849.286
876	778.86
877	775.865
878	744.372
879	856.734
880	956.203
881	683.819
882	916.489
883	1170.65
884	958.581
885	909.243
886	909.356
887	887.021
888	757.231
889	948.738
890	716.551
891	729.708
892	684.085
893	764.263
894	905.252
895	804.781
896	891.008
897	1206.52
898	1185.04
899	820.344
900	740.514
901	761.102
902	981.348
903	1149.65
904	927.915
905	773.239
906	872.563
907	616.161
908	709.695
909	769.846
910	841.549
911	818.347
912	608.396
913	737.42
914	874.416
915	843.198
916	972.049
917	891.186
918	798.75
919	923.847
920	758.732
921	1139.42
922	607.062
923	794.206
924	1049.4
925	1029.97
926	1134.05
927	1531.77
928	1169.26
929	795.009
930	722.516
931	1007.8
932	1032.28
933	1100.4
934	1329.37
935	1000.49
936	1092.02
937	894.746
938	1096.98
939	1060.16
940	1098.75
941	1406.53
942	1184.41
943	1138.92
944	1102.77
945	1416.07
946	949.49
947	936.861
948	783.987
949	1001.58
950	919.79
951	958.467
952	1198.48
953	1102.14
954	1089.98
955	1144.07
956	764.569
957	668.668
958	876.481
959	974.128
960	818.761
961	1007.1
962	922.238
963	941.764
964	1283.52
965	1159.15
966	1131.49
967	897.01
968	1122.96
969	1117.45
970	916.063
971	1219.1
972	1075.83
973	1131.36
974	1281.11
975	1278.17
976	1123.73
977	1039.15
978	1208.43
979	862.613
980	826.887
981	1107.51
982	1004.87
983	858.014
984	779.7
985	638.885
986	706.91
987	706.624
988	905.145
989	932.013
990	890.682
991	841.522
992	1084.08
993	975.089
994	833.404
995	942.045
996	973.736
997	1095.38
998	887.538
999	991.995
1000	1137.02
1001	924.079
1002	777.156
1003	899.01
1004	718.495
1005	622.357
