1			-5.5365E+04
5			-5.6495E+04
10			-5.7677E+04
15			-5.9059E+04
20			-6.1192E+04
25			-6.3794E+04
30			-6.6449E+04
35			-6.7038E+04
40			-6.7981E+04
45			-6.8500E+04
50			-6.9005E+04
55			-6.9462E+04
60			-6.9809E+04
65			-7.0134E+04
70			-7.0421E+04
75			-7.0672E+04
80			-7.0919E+04
85			-7.1222E+04
90			-7.1305E+04
95			-7.1497E+04
100			-7.1811E+04
105			-7.1961E+04
110			-7.2145E+04
115			-7.2301E+04
120			-7.2450E+04
125			-7.2564E+04
130			-7.2700E+04
135			-7.2827E+04
140			-7.2944E+04
145			-7.3060E+04
150			-7.3212E+04
155			-7.3270E+04
160			-7.3375E+04
165			-7.3477E+04
170			-7.3640E+04
175			-7.3725E+04
180			-7.3821E+04
185			-7.3917E+04
190			-7.4010E+04
195			-7.4099E+04
200			-7.4188E+04
205			-7.4233E+04
210			-7.5275E+04
215			-7.5934E+04
220			-7.6317E+04
225			-7.6747E+04
230			-7.6749E+04
235			-7.6935E+04
240			-7.7104E+04
245			-7.7385E+04
250			-7.7537E+04
255			-7.7541E+04
260			-7.7658E+04
265			-7.7785E+04
270			-7.7910E+04
275			-7.7987E+04
280			-7.7990E+04
285			-7.8070E+04
290			-7.8106E+04
295			-7.8287E+04
300			-7.8505E+04
305			-7.8510E+04
310			-7.8685E+04
315			-7.8775E+04
320			-7.8848E+04
325			-7.8894E+04
330			-7.8897E+04
335			-7.8939E+04
340			-7.8970E+04
345			-7.9233E+04
350			-7.9406E+04
355			-7.9409E+04
360			-7.9565E+04
365			-7.9645E+04
370			-7.9698E+04
375			-7.9728E+04
380			-7.9731E+04
385			-7.9762E+04
390			-7.9793E+04
395			-7.9902E+04
400			-7.9976E+04
405			-7.9979E+04
410			-8.0074E+04
415			-8.0123E+04
420			-8.0165E+04
425			-8.0185E+04
430			-8.0188E+04
435			-8.0215E+04
440			-8.0246E+04
445			-8.0314E+04
450			-8.0370E+04
455			-8.0372E+04
460			-8.0444E+04
465			-8.0482E+04
470			-8.0519E+04
475			-8.0537E+04
480			-8.0539E+04
485			-8.0564E+04
490			-8.0588E+04
495			-8.0646E+04
500			-8.0693E+04
505			-8.0696E+04
510			-8.0756E+04
515			-8.0788E+04
520			-8.0820E+04
525			-8.0836E+04
530			-8.0838E+04
535			-8.0861E+04
540			-8.0893E+04
545			-8.0927E+04
550			-8.1002E+04
555			-8.1003E+04
560			-8.1040E+04
565			-8.1060E+04
570			-8.1093E+04
575			-8.1113E+04
580			-8.1115E+04
585			-8.1142E+04
590			-8.1163E+04
595			-8.1191E+04
600			-8.1218E+04
605			-8.1221E+04
610			-8.1252E+04
615			-8.1272E+04
620			-8.1300E+04
625			-8.1317E+04
630			-8.1319E+04
635			-8.1343E+04
640			-8.1367E+04
645			-8.1385E+04
650			-8.1431E+04
655			-8.1433E+04
660			-8.1453E+04
665			-8.1466E+04
670			-8.1500E+04
675			-8.1525E+04
680			-8.1526E+04
685			-8.1560E+04
690			-8.1579E+04
695			-8.1596E+04
700			-8.1611E+04
705			-8.1613E+04
710			-8.1631E+04
715			-8.1650E+04
720			-8.1669E+04
725			-8.1702E+04
730			-8.1703E+04
735			-8.1722E+04
740			-8.1741E+04
745			-8.1756E+04
750			-8.1797E+04
755			-8.1799E+04
760			-8.1819E+04
765			-8.1834E+04
770			-8.1853E+04
775			-8.1868E+04
780			-8.1869E+04
785			-8.1889E+04
790			-8.1908E+04
795			-8.1920E+04
800			-8.1955E+04
805			-8.1956E+04
810			-8.1973E+04
815			-8.1993E+04
820			-8.2006E+04
825			-8.2029E+04
830			-8.2030E+04
835			-8.2053E+04
840			-8.2072E+04
845			-8.2081E+04
850			-8.2111E+04
855			-8.2113E+04
860			-8.2124E+04
865			-8.2140E+04
870			-8.2168E+04
875			-8.2210E+04
880			-8.2212E+04
885			-8.2246E+04
890			-8.2264E+04
895			-8.2277E+04
900			-8.2283E+04
905			-8.2285E+04
910			-8.2293E+04
915			-8.2310E+04
920			-8.2324E+04
925			-8.2356E+04
930			-8.2357E+04
935			-8.2379E+04
940			-8.2392E+04
945			-8.2405E+04
950			-8.2411E+04
955			-8.2413E+04
960			-8.2420E+04
965			-8.2435E+04
970			-8.2448E+04
975			-8.2477E+04
980			-8.2478E+04
985			-8.2499E+04
990			-8.2513E+04
995			-8.2520E+04
1000			-8.2533E+04
1000			-8.2533E+04
