1			-8.2716E+04
5			-8.2724E+04
10			-8.2740E+04
15			-8.2774E+04
20			-8.2790E+04
25			-8.2812E+04
30			-8.2824E+04
35			-8.2836E+04
40			-8.2847E+04
45			-8.2857E+04
50			-8.2867E+04
55			-8.2875E+04
60			-8.2884E+04
65			-8.2893E+04
70			-8.2901E+04
75			-8.2909E+04
80			-8.2917E+04
85			-8.2925E+04
90			-8.2936E+04
95			-8.2939E+04
100			-8.2947E+04
105			-8.2954E+04
110			-8.2966E+04
115			-8.2972E+04
120			-8.2979E+04
125			-8.2987E+04
130			-8.2994E+04
135			-8.3001E+04
140			-8.3008E+04
145			-8.3015E+04
150			-8.3021E+04
155			-8.3026E+04
160			-8.3033E+04
165			-8.3039E+04
170			-8.3045E+04
175			-8.3050E+04
180			-8.3056E+04
185			-8.3062E+04
190			-8.3069E+04
195			-8.3072E+04
200			-8.3078E+04
205			-8.3145E+04
210			-8.3198E+04
215			-8.3268E+04
220			-8.3307E+04
225			-8.3359E+04
230			-8.3361E+04
235			-8.3390E+04
240			-8.3415E+04
245			-8.3447E+04
250			-8.3463E+04
255			-8.3465E+04
260			-8.3475E+04
265			-8.3488E+04
270			-8.3507E+04
275			-8.3531E+04
280			-8.3532E+04
285			-8.3547E+04
290			-8.3564E+04
295			-8.3571E+04
300			-8.3587E+04
305			-8.3588E+04
310			-8.3596E+04
315			-8.3604E+04
320			-8.3633E+04
325			-8.3686E+04
330			-8.3689E+04
335			-8.3722E+04
340			-8.3741E+04
345			-8.3755E+04
350			-8.3762E+04
355			-8.3763E+04
360			-8.3768E+04
365			-8.3779E+04
370			-8.3797E+04
375			-8.3829E+04
380			-8.3831E+04
385			-8.3849E+04
390			-8.3860E+04
395			-8.3867E+04
400			-8.3876E+04
405			-8.3877E+04
410			-8.3881E+04
415			-8.3892E+04
420			-8.3902E+04
425			-8.3925E+04
430			-8.3927E+04
435			-8.3941E+04
440			-8.3953E+04
445			-8.3959E+04
450			-8.3965E+04
455			-8.3967E+04
460			-8.3971E+04
465			-8.3981E+04
470			-8.3988E+04
475			-8.4002E+04
480			-8.4004E+04
485			-8.4014E+04
490			-8.4023E+04
495			-8.4028E+04
500			-8.4034E+04
505			-8.4036E+04
510			-8.4040E+04
515			-8.4047E+04
520			-8.4056E+04
525			-8.4070E+04
530			-8.4072E+04
535			-8.4085E+04
540			-8.4096E+04
545			-8.4100E+04
550			-8.4105E+04
555			-8.4106E+04
560			-8.4109E+04
565			-8.4115E+04
570			-8.4128E+04
575			-8.4147E+04
580			-8.4149E+04
585			-8.4165E+04
590			-8.4177E+04
595			-8.4181E+04
600			-8.4184E+04
605			-8.4185E+04
610			-8.4187E+04
615			-8.4192E+04
620			-8.4244E+04
625			-8.4282E+04
630			-8.4284E+04
635			-8.4299E+04
640			-8.4311E+04
645			-8.4315E+04
650			-8.4321E+04
655			-8.4322E+04
660			-8.4325E+04
665			-8.4329E+04
670			-8.4340E+04
675			-8.4362E+04
680			-8.4363E+04
685			-8.4376E+04
690			-8.4388E+04
695			-8.4393E+04
700			-8.4398E+04
705			-8.4399E+04
710			-8.4401E+04
715			-8.4407E+04
720			-8.4416E+04
725			-8.4435E+04
730			-8.4436E+04
735			-8.4449E+04
740			-8.4456E+04
745			-8.4460E+04
750			-8.4466E+04
755			-8.4467E+04
760			-8.4469E+04
765			-8.4473E+04
770			-8.4481E+04
775			-8.4496E+04
780			-8.4498E+04
785			-8.4509E+04
790			-8.4516E+04
795			-8.4519E+04
800			-8.4523E+04
805			-8.4524E+04
810			-8.4526E+04
815			-8.4530E+04
820			-8.4555E+04
825			-8.4577E+04
830			-8.4578E+04
835			-8.4588E+04
840			-8.4594E+04
845			-8.4597E+04
850			-8.4601E+04
855			-8.4602E+04
860			-8.4604E+04
865			-8.4607E+04
870			-8.4613E+04
875			-8.4626E+04
880			-8.4627E+04
885			-8.4637E+04
890			-8.4643E+04
895			-8.4645E+04
900			-8.4647E+04
905			-8.4648E+04
910			-8.4650E+04
915			-8.4654E+04
920			-8.4656E+04
925			-8.4663E+04
930			-8.4665E+04
935			-8.4669E+04
940			-8.4673E+04
945			-8.4675E+04
950			-8.4678E+04
955			-8.4679E+04
960			-8.4681E+04
965			-8.4684E+04
970			-8.4687E+04
975			-8.4693E+04
980			-8.4694E+04
985			-8.4699E+04
990			-8.4701E+04
995			-8.4704E+04
1000			-8.4707E+04
1000			-8.4707E+04
