0.05797921889860124
-0.088632321999463
-0.13262207240311638
0.05144285314185517
-0.07154426560957591
-0.12804626748736672
0.0727104865354915
-0.13035181977913127
-0.16916707300401235
0.0283514376029809
-0.1575160869351497
-0.11910516461976768
0.02143940251285983
-0.18481956226977417
-0.11861621159073456
0.020067297421503972
-0.18792505889626238
-0.10400993850950335
0.006336496879204092
-0.16349894212689314
-0.10981641837103527
-0.004045678587385729
-0.15123274395749328
-0.039627784865917066
-0.004025630069329293
-0.160610277895629
-0.05444618924779181
-0.034245027280794677
-0.13666746041193728
-0.12211346121230209
-0.04963465398048075
-0.09177632347411105
-0.07896993429516122
-0.03125014461786983
-0.0813985691852278
-0.04294716074034215
-0.03425816055446441
-0.050153197860501736
-0.0691396104799833
-0.0644530570337694
-0.023489356101480747
-0.08786704842075066
-0.07357009586146314
-0.001765069419979948
-0.04155674146927254
-0.06851887517625677
0.0011719458362717643
-0.03042199510983398
-0.07332387085399697
0.023666901067512593
-0.023365310010848173
-0.05159621402982044
0.0090601142262565
-0.013471209588001704
-0.02404586171087485
0.02855043999431324
0.0025685704255848144
-0.05322929632075787
-0.020689968254418913
-0.0026199256694931002
-0.05625355277213043
-0.016347404717490417
-0.0338293504150237
-0.024652092282642535
0.018495545241838798
0.008127299899097726
-0.02589175176449326
0.010125978087377547
0.01102479875917584
-0.01440493847760542
-0.037619530906522126
-0.014700193071390723
-0.011651605899154958
-0.001968830185139963
0.011361495973862542
-0.008363277221936596
-0.011507920200599191
-0.01829277219597539
-0.018324184583922078
-0.006597675780970166
-0.02622642628580153
-0.02408273129606247
0.009769014105063685
-0.02146602466230574
-0.01801158318534772
-0.017082411763915537
-0.03853639001429064
0.006054283496173006
0.006386561798850074
-0.05527283008372137
-0.030944422771526026
0.000407790588137474
-0.047315458694187795
-0.0539727885138789
-0.00957964633788941
-0.039059201430418314
-0.035676694492892985
0.13980859799767878
-0.028650736234392873
-0.08207003711264997
0.09763113983199834
-0.029804741301583452
0.009922753955223216
0.06704569670709742
-0.04196827161591067
0.047289181357948344
0.044729754695227726
0.02590365234048648
0.03960671350876312
-0.03196464040941616
0.020735313913759275
-0.00016643913209775526
-0.02139044478947446
0.02857617004392519
0.01609599849936509
0.013003885313461217
0.010167056842683752
0.04206671015251642
-0.024965587488850808
0.022483498314888765
0.002434374469871617
-0.04843435384031103
0.0318043594749741
0.005994278356959152
-0.02577648872949176
0.035871905549456684
0.015040239880875116
-0.021460681561038048
0.017209503248753536
0.01794423243288798
-0.018448301699474423
0.05589186413352537
0.008550390571777165
-0.02342312871780224
0.04767645488097235
0.019734808812443813
0.006992104571647485
0.03144543633027651
0.04158691492931669
-0.011485407722379094
0.017776096396515353
0.02438679330964863
0.015028267865480437
0.015843964573476622
-0.02142282275376742
0.009388446737036088
0.04854467680810717
-0.019141602957060185
-0.010867715507272563
0.02265083147168119
0.020542767087901013
-0.012157750722745452
0.02804057356101353
-0.015873780673802348
0.03336405843442282
0.021469813887678574
-0.038578526305544154
0.018785125420783935
0.04652387331673347
-0.006513889117699194
-0.0064721970391817115
0.011185580298491088
0.0009404816407825291
0.010272359735096142
0.012410279920334027
-0.03712041517891124
0.032240382316448615
0.02712159984551112
-0.05419729948237063
-0.002818248761181172
0.006458627470662145
-0.025735254417205356
-0.017708481638719617
0.016422473517053775
-0.025933769135332147
-0.005607733649214576
0.024120749526837727
-0.07305965995598794
-0.002482553889016896
0.05738059947193792
-0.04128224740135811
0.012459744786221525
0.01586567654740241
-0.0811901500335819
0.0019245569255195518
0.039520797218243954
-0.07927386554360798
-0.025587949214316088
0.03308095540046399
0.0012753272833153767
0.006259927842107292
-0.010823872546262884
-0.020422811034069836
-0.004514760495103026
0.08577186962325073
-0.07677015587053335
-0.002434505780652712
0.030167349137901815
-0.02331712439016495
-0.017967575793463322
0.032166677641177574
-0.010618473457872504
0.03319325430162802
0.032472689619684324
0.005992480039252544
0.05375709114836887
0.018422673799698752
0.0024006929775685732
0.0611686365991939
0.033352306490999184
-0.008368994129421381
0.04787712207896675
0.026634324762104165
0.03628900841794256
0.058630269288003
-0.005171848546165039
0.0049184778705055185
0.07320863501604316
0.05104575890441221
0.027619060224047382
0.01796562696354331
0.027525585268466768
0.0562752959587001
0.034204442634570495
0.026013856149236438
-0.01374668933078477
0.11836502832016231
0.10791856874938717
0.13349138585098663
0.09675000762464016
0.0731416865777736
0.12981912680189514
0.0765386614556303
0.056760213312451804
0.029841578274649058
0.09848114808700659
0.04176265539012965
0.04383673894476126
0.04045309306663476
-0.00228158186760227
0.08920282886287424
0.002578592072681217
0.042840615550772496
0.06055813132955314
-0.0021127689282748755
0.002616390645857183
-0.007430209978829482
-0.003871901241888036
0.055153210961392383
-0.07743718836067297
-0.08705582158764563
-0.08077455319498564
0.03840272994300309
-0.011758134598424409
0.06008099863913636
-0.009562961493059794
0.010937550449602504
0.026956903964670213
0.0009384872650240739
0.016003512900743214
-0.01634628905042332
0.07968113300732588
0.02490187085283396
0.05059948753019874
0.06332231366935945
0.013932733484405053
0.049324536429499036
0.07497050177321994
0.01572726259356458
0.009495426077917075
0.10945299773895704
0.046556326175239124
0.013882232083329964
0.1141546814544854
0.08383640025598954
0.024445436275718543
0.15202798525363978
0.09498486924691135
0.010994407395237181
0.11705909148002987
0.07125262507954876
0.04737821543291402
0.03018149461302344
0.058545120729169765
0.030881431659560102
0.010196492273170417
0.004763684743995684
0.03571295971951497
-0.006925952970843802
-0.004377175920210234
0.0171785879884483
0.00803566047708972
-0.011894272573298531
0.005557822783601396
0.0070866530160895265
-0.012061969922591084
0.007111444033984779
0.0012609597973330688
-0.022414467797089777
0.025708640573736667
-0.0018472219262415659
-0.018954849730368428
0.01722273865098716
0.012192815051819796
-0.021790342223652434
-0.0001345577716035541
0.016154183407763107
-0.02888705714263866
0.013364987530294265
0.017385909341450075
-0.02397882657219777
0.005323080036084095
0.021167282071095514
-0.014420469284065046
0.02472299828649792
0.029114120984908363
-0.028828594377991807
0.014217187984524022
0.0011889774898409052
-0.024865165407785488
-0.011215812017645706
-0.0005484153320326961
-0.005032172320214037
0.004283991162807034
-0.03946579145636898
-0.023216541739888578
0.007821812122862305
-0.026231043279956633
-0.05918022070327171
0.02954946870479097
-0.010949819831127684
-0.011822372812653352
-0.01839706767570178
-0.03183070577129239
-0.0006803641327850135
-0.013999696766280914
-0.051930316910641955
-0.02551902476582308
0.0015363274499707751
-0.016957921104269316
-0.014924623875215636
-0.010806756358646514
-0.018430305151067184
0.03945821957591619
0.007784132899866816
-0.014153628088119461
0.05390307734354752
0.017271025257832844
0.008827289850504707
0.04086814199781888
-0.0102318330111923
-0.0004428201833852523
0.00607423370775557
0.018665551571813297
-0.0073475455785076485
0.026385940550843357
0.03210800457813749
0.023418231406091776
0.046655302926336364
0.00993303248630855
0.029196806844456736
0.03570473995828342
0.008418796023835063
-0.006386745160944819
0.01766953040560658
0.023338104900285966
-0.0021635347463583696
0.04967986362396955
0.02872439660427705
0.03085731694505462
0.04979706634475266
-0.014888322628237232
0.034511995545212476
0.009520924119608146
0.016369378216141012
0.026212714727510966
0.040138360755450096
0.03769152442462152
0.018372367549190152
0.061219569272944065
0.02122364090022935
-0.02341753296519889
0.0391260833824755
-0.05586091786679067
-0.023697216624883645
0.10623173384757018
-0.07539375030636333
-0.006031597549163067
0.08388873228832432
0.0019684049843968184
-0.030554780310357535
0.01370015942422725
-0.01304363040076049
-0.05640117348594813
0.015435157848539782
-0.03267677682130842
-0.04925464821344696
0.0317732818504773
-0.01917276532762166
-0.04495895593882221
-0.00900163985741891
0.003054680573176711
-0.06583647826021741
-0.0331535798644688
-0.03465602672338833
