-0.030843092210812082
0.0005407722186290833
-0.03938241764105746
-0.04735678632243153
0.008741789150704313
-0.015514640664584477
-0.039688095014032025
0.03538928697855245
-0.015194927755317438
-0.03134386887756362
-0.011983584646862241
0.03321286137115086
0.026114587459606313
-0.1317905370102821
0.21554709603307246
0.035859788710291426
0.029941606175324598
0.06338705316719977
0.01162666869461796
0.03325209233412345
0.04303102694153915
0.02241219144166933
0.06283615327999345
-0.0026050606139144117
0.0841131487008914
0.10233284899459062
0.06522395473057646
0.022457185209944074
0.0558823385350467
0.11676732808487766
-0.01902590156227717
0.01893206955372357
0.03720365720463241
0.021618538805057555
0.04128670087996548
0.017392313935663734
0.013426948549918313
0.0420568741632275
0.07744269280212074
-0.04420860520809573
0.00545009203269539
0.0698838322833297
-0.028907051258421447
-0.006345271748770422
0.010939977788552225
-0.024939235963378065
0.0004769296420879719
0.01748844513290217
0.004421124679653362
-0.0011382331540855622
0.010548464781163202
-0.031334779211704626
0.01911058395327376
0.0208508241718894
-0.045874410022539155
0.027131979962084937
0.0014467473836943603
-0.07494122047604591
0.06146701487906586
0.007382623986155474
-0.03993856865361332
0.03638730455525806
-0.002668911146359476
-0.003250089604663758
0.041037082518800214
-0.05073311475995497
-0.053134215290713584
0.023512050468184813
-0.06829889714740715
-0.07414681534815176
0.019097967425471835
-0.0309054175973955
-0.05407684417563553
0.03776230114567116
-0.010602059688995467
-0.03898996130538709
0.043486853401415566
0.020571183063393672
-0.014741224743285618
-0.0005084335005671169
0.03187108823451713
-0.014797545231281593
-0.004267274232420101
0.027448904094875343
-0.01386871492680621
0.00393243057496765
0.013722013367810041
-0.027754496252921715
-0.014306760849804914
-0.0012237362105402508
-0.031154445492466456
-0.008797284672853551
-0.04109402989817708
0.05628780387519018
0.01938733309698775
0.010184555597361592
0.08248793861017295
0.02901269545319322
0.18024508884900267
0.24331763401764217
0.09314842492240881
0.279547690148861
0.09853761940762087
0.07415589227438427
0.07324342768470922
0.0006013298478416385
0.018735565341549663
0.04346450343704802
0.07951218545045169
-0.1477496510419707
0.051012189663268925
-0.06026832218910215
-0.07068208238703405
0.10102208318731166
-0.08127883968455443
-0.007285319601365644
0.008466156651110848
-0.0465128145558261
-0.028476514502452383
-0.0367585765105193
0.013814794123824248
0.018857707295008765
0.023491383886678548
0.04445198832245694
0.013665920561233787
0.0052813288277574815
0.07583389827507815
0.05850047836152367
0.06499899452202594
0.09674944044601315
0.029882563847839872
0.059930835865045363
0.04717986350586757
0.07649855999836289
0.062407574981056514
-0.016475299840376476
0.012253473730295896
0.0368785892682694
-0.03017439865881657
0.0030043142751138945
0.010724451941634492
-0.05900724806988895
0.007834501874725402
0.016198081688406786
0.06066016654389452
0.021379467584363702
0.06400007441225944
0.02892285842995115
0.04746852910870028
0.03993444109825639
0.014898408728409447
0.0438708234230065
0.019685805690661858
0.01723254969398542
0.020439484999695747
0.015369738270341689
0.03716230398357369
-0.004702742947202395
-0.008068285169324008
0.035174501468788935
0.0024680140797498956
-0.006704806164476172
-0.0023769915855772696
-0.0033780971763173345
-0.026990542107648296
-0.03357139382928124
0.018528142333994562
-0.022333170551582442
-0.0329125643432172
0.00710947163396552
-0.020587313227292344
-0.04022555276510789
0.009471656252983811
-0.009654332313874199
-0.01788380196838866
-0.01531541489620949
0.012215670334818102
0.024071624688468275
0.07258840315040321
0.02363079350834172
0.03981928546269765
0.04572795376657951
-0.044289922426067906
0.06944491559556772
0.018836569503019505
-0.07266567423361366
0.06426468117016
0.010546059988830039
-0.061327979765636094
0.1344711708770332
-0.01843854985904071
-0.02302631087986955
0.07623528930803704
-0.012908604565790478
-0.027245846906906877
0.07559377253104446
-0.014746748947814982
-0.019406046101785174
0.036101948375692444
-0.043470484675361964
-0.03801609474949325
-0.05679293274337788
-0.012264559386202651
-0.070075805694793
-0.015775007880095764
-0.12035054626612682
-0.02030146087087176
0.010400610297758453
-0.01309606373554298
-0.04247959757483535
0.058892414337937314
-0.017886779611908217
0.03535427968248011
0.10307517979957517
-0.02347889980123585
-0.03882734715212402
0.0428772149790887
0.004680268125395062
-0.046615234032992635
0.04625593392136089
-0.0025363787871138764
-0.06099299640327026
0.035131082872105035
0.017334503295151404
0.01601712896995492
0.02820234247943163
0.00456279205374479
0.03357906621182047
0.009422167713512359
-0.0312571542860691
0.02769713276355417
0.028839648561629714
-0.023423801250636547
0.005871280949622435
0.02929380387767093
-0.05367893125001421
0.027396008047930787
0.0950544858280668
-0.01888507357104333
-0.03675886406665816
-0.021506320523074718
-0.013654103300844479
-0.06882297366401849
0.008918568550441068
0.020907709746645124
-0.0018020646171997838
-0.017457531176704077
-0.02397274556432007
0.006761623439122735
0.011428637363699612
-0.02508102784103671
0.028156344866283833
0.017213168203472698
-0.00844738068385893
0.020448269649281422
0.005482285311051997
0.012311726870057825
-0.05865989213220165
0.0035197641911489464
-0.014809101500132895
-0.09831981182552438
0.01654036390429643
-0.015868742145763667
-0.047610504131572556
0.0749979684466603
-0.0037294774959511557
-0.0718220261551955
0.07876265777777638
0.019145382719827426
-0.10168574080219722
0.09024215845550988
0.01151118213076516
-0.14118754298132927
0.026336167422115274
0.019525705431222947
-0.046020223262860545
-0.07849116807862451
-0.06479123336888201
-0.0966271797782648
-0.0675620586308173
-0.047548536258567135
-0.023912999013805045
-0.037725122620526894
-0.04855652674689936
-0.06077051505118714
-0.002840457047393454
-0.021284820668950728
-0.07421227329330919
0.010952797094405472
0.005737583437051063
0.004198485778734093
-0.0051899153163911145
-0.00297187952255298
0.01957694956374277
-0.03390509506683927
-0.01944702882647429
-0.004007528029975359
-0.04766863733836659
-0.01019255773327575
-0.015970119051455695
-0.08961601354896787
-0.04980318567211807
-0.043605686076082076
-0.08434172212823599
-0.0011755210946421792
-0.10891440076673552
-0.06166388255454802
-0.018946485312526205
-0.004334473510865232
0.0673399868510444
0.06459912279173446
-0.02591789747691922
-0.13383725935457047
-0.08286062977775012
0.03519701747227623
-0.12641462176597462
-0.05913673269810395
-0.05379189939074683
-0.14046170522895923
-0.023338156524972325
-0.11344542267313497
-0.06846920939555028
-0.07239336407579496
-0.04178734808594445
-0.026920120423527063
-0.03994523166754229
-0.02821848399843955
-0.04365229162500641
-0.016342432849711267
-0.019698266979301205
-0.057635257730974665
-0.014171533050529051
-0.002596395255517992
-0.006650086901642467
-0.015104071515193144
-0.02054007588448829
-0.023181253876389172
-0.02010770947124175
-0.018445014664910556
-0.04199185218027054
-0.04575850867016845
0.07849077753248503
-0.02436916088162679
-0.04762041730800753
0.04051068826141552
-0.06272512409008409
0.033066107874395664
-0.010207145917766653
-0.047183439486157976
0.031453863899967724
-0.036351931986083816
-0.03861743755236071
-0.0038961841173700065
-0.03053041192692841
-0.011394865149745262
-0.026244063378351407
0.005787827139289233
-0.014986394720328295
-0.047890519081058396
-0.007256168118181736
