103956
245325
198946
198938
198945
103925
276906
277011
288538
223042
245315
288723
179769
103367
103964
178265
288726
288728
103950
288727
103777
263407
276971
198950
288541
198932
103778
103927
103953
163478
245372
103938
178285
245320
263423
103828
104008
163565
288542
203666
204346
296174
198951
245318
277006
103312
103369
103304
198875
101639
103826
103963
105041
163477
276980
103879
104052
178263
178282
245385
277001
295252
295829
104039
178286
203663
203683
218259
245317
245377
277012
288540
296176
103821
198949
245337
245361
245374
288543
288594
296093
104458
203664
245326
245328
245339
276956
294512
294532
294927
295259
296151
296175
103965
198940
206179
295478
295617
296229
103443
104014
198937
198831
198941
198943
204396
103303
288776
103368
104015
104049
104998
105027
276470
276700
276919
276999
277950
288595
295520
101687
103802
103806
103818
104005
104484
163479
178267
205213
223040
245331
245392
245395
277015
288721
105090
205126
230722
245335
245375
292229
293356
295481
295581
295627
295716
103335
179829
189288
203673
245312
245340
245345
245366
245433
276977
288749
293357
294856
295932
203669
223043
245308
245334
291190
294752
295679
296228
296231
296234
296314
103271
103464
103494
103915
103935
198944
202900
203674
204151
206135
206201
206206
206236
206591
261400
288775
295615
103315
103376
103651
179828
198543
202873
206350
245299
245424
277427
293358
296131
103354
103416
201372
202781
203066
206387
241027
295260
296127
103302
195169
198935
204205
204394
206217
198936
241029
101704
103797
104027
104030
178239
178319
179767
263397
276503
276600
276714
276852
103787
103790
103820
103831
104010
105021
178268
178642
245386
276637
276951
294800
295476
103788
103804
178264
195220
205212
245352
245360
245382
245391
260943
288548
290626
293953
295275
295530
296233
103808
103971
104457
183157
187405
198947
205216
206152
212426
245333
245336
289067
292289
296166
296254
296277
296296
297785
103732
103881
203665
203667
204360
205056
206185
206725
235877
245351
245388
245668
270388
292221
294703
294741
294753
295129
295727
103807
103858
103924
187243
197759
203172
205599
223797
241647
245313
245324
245332
295251
295473
295725
295728
296159
296301
103232
103346
103372
103937
186563
190894
193242
195235
200721
202417
202607
202653
204323
245821
288926
292270
294788
294971
295224
295234
296136
296362
103316
103318
103334
103457
195234
195236
195325
195349
198825
198919
198939
198942
202384
202772
203065
204427
205003
206137
206303
206349
218231
218258
232193
241024
294496
294842
103308
103313
103321
103333
188745
198874
202133
202771
204469
206291
206330
206331
241033
263415
289637
290396
290687
103340
206300
272818
198810
263198
103962
104993
163469
164663
230723
245348
245387
276491
276630
276803
277010
277999
290625
103805
103810
103934
104029
104040
164366
178269
179766
183102
205217
212424
243497
276710
276731
276940
277026
288725
288730
290621
295274
295286
295344
295483
103617
103675
103815
103908
103921
104011
104012
183467
195156
203402
245311
245316
245319
245338
245357
263425
288687
292267
294533
294760
295144
295399
103668
103909
103930
183166
187404
187406
203684
205255
206724
211325
223039
223861
245310
245367
245403
288577
292236
292249
294489
294497
294801
295239
295248
295358
295495
295594
296015
296107
296432
105015
187409
198833
203287
204343
205065
205262
205265
206467
206756
208641
223037
276942
288779
291386
293831
294784
294855
295000
295225
295238
296063
296089
296190
296310
296321
103471
103613
104459
187414
195365
198900
201940
202135
203175
203289
203662
203668
203672
203678
203682
204320
204359
204371
206190
206213
223041
245964
273329
276709
288568
291457
292213
293355
293885
294490
294518
294754
294910
294923
294947
295253
295477
295479
295490
295547
295598
295837
296002
296095
296105
296239
296273
296275
296299
298017
298294
103322
103331
103380
103446
188123
193159
195042
195150
195171
198897
199203
202141
203068
203173
203450
203670
203685
203686
203718
204067
206150
206188
206191
206223
206234
206370
206627
206720
206727
223782
241087
241597
241672
241723
245795
245946
248513
262590
263432
277140
291439
294499
294930
294969
295027
295256
295665
295726
295907
295912
296132
296139
296311
296316
296351
296360
103297
103420
103430
103535
190820
193083
194247
195197
195369
195666
197674
198832
201455
202106
202270
203044
203101
203170
203897
204168
204308
204321
204324
204408
204836
205258
205443
205897
206138
206189
206219
206239
206247
206348
206572
218198
245697
245735
248263
288574
289810
294505
295098
295614
296160
296306
296368
298174
103266
103289
103310
103343
103352
187478
190836
193147
194846
195542
198718
198835
198930
200588
201520
201978
202126
202160
202290
202395
202419
202425
202426
204153
204400
204480
204742
205539
206292
206293
206365
206367
213298
213406
262633
290868
294044
295661
297738
103306
103393
189575
190824
193247
195370
201268
201528
201605
201716
202394
204433
241045
241046
246587
257502
263408
271678
290393
290946
293807
103300
194178
194591
194912
201548
246412
261768
290967
101713
101739
103665
103812
103988
104009
105014
105042
163475
179759
183109
186159
205071
230726
245359
245364
245369
276439
276440
276693
276771
277002
295475
295973
296232
101671
101733
103822
103966
104454
186170
205184
205185
230736
232701
243695
245342
245343
245376
245393
270903
276995
277032
289063
290627
291122
292251
292276
294854
295369
295486
296011
101596
101606
101682
101723
103775
103951
103972
104996
179807
183112
183118
186349
203660
205102
205214
206758
223036
245322
245329
245394
245407
248309
276734
277013
288544
289065
292240
294370
295125
295279
295434
295454
295484
296223
296345
296550
297790
103052
103495
103776
103786
103952
103973
179768
181166
183267
183271
186169
186564
202636
204702
204753
204995
206146
206171
206721
236716
245438
258879
276602
277867
277955
288587
288732
292220
294759
294993
295242
295402
295524
295933
296092
296224
297766
297782
103025
103028
103533
103803
103878
179623
182622
185107
198582
199197
202608
203063
203192
203275
203671
203677
204452
205230
205234
205650
206176
211044
211180
211309
222921
223044
245321
245405
249936
263398
276735
288567
288678
288772
289066
290642
292266
293881
294332
294375
294807
294990
295130
295292
295348
295680
295703
295975
295984
296162
296217
296298
296341
297398
298021
103022
103465
103845
103943
103976
181046
186644
198923
202569
202586
203061
203160
203166
203207
203242
203244
203409
203679
204069
205061
206194
206513
206628
211299
218177
225668
241724
243515
244838
245669
248175
248917
248933
249496
270490
288667
288736
288773
289060
289607
290540
292241
292254
293878
293882
295072
295257
295375
295472
295489
295596
295628
295654
295674
295938
296059
296149
296153
296218
296284
296358
297783
103419
103448
183386
186540
186690
187265
187331
187422
187431
187482
189283
192758
194952
195172
195366
195512
197478
198924
198925
198948
199201
201734
201737
201799
201852
201857
201919
202132
202201
202230
202545
202576
202609
202620
202714
202774
203031
203040
203129
203182
203199
203239
203265
203382
203419
203459
203583
203623
203680
203698
203712
204160
204332
204338
204350
204369
204370
204377
204455
204739
204750
205821
206133
206139
206140
206157
206184
206207
206214
206218
206220
206224
206228
206523
211318
232161
232168
232192
241726
241887
244868
245419
245628
245652
245680
248939
257675
263421
270470
273716
288550
288570
288764
289064
289708
290373
290895
290948
291664
294209
294545
294548
294618
294808
294875
294909
294916
294929
295036
295482
295506
295544
295574
295620
295713
295940
296086
296137
296138
296253
296541
297269
297279
297830
102987
102997
103000
103375
103555
190377
190911
195151
195185
195311
195334
195517
195548
195549
198636
198850
198872
198892
200630
200695
200760
200841
201226
201282
201518
201631
201639
201699
201794
201842
201920
201937
201950
202067
202486
202617
202785
203006
203051
203070
203600
203636
203689
204157
204163
204217
204361
204364
204387
204423
204553
204909
204956
204999
205350
205444
205696
205761
205780
205805
205971
206091
206118
206132
206136
206196
206215
206296
206305
206336
206337
206369
206378
206395
206546
206590
206654
206974
206984
213228
218297
241013
241034
241628
244843
245616
245897
261329
263360
263401
270477
270513
271180
272326
273353
273595
273717
288586
288768
290867
290943
291455
292277
293806
293810
293828
293887
293905
294015
294502
294803
294843
295595
295607
295621
295629
295633
295653
295682
296016
296251
296278
296282
296322
296348
296355
296575
297401
103299
103319
103325
103338
103350
103356
103378
103435
103975
187268
190833
190907
190919
192414
193562
193569
194189
194918
195149
195228
195258
195342
195347
195374
195541
196561
196594
197991
198242
198393
198516
198920
198931
200643
200664
200747
201241
201483
201555
201598
201630
201632
201654
201723
202069
202107
202255
202390
202412
202438
202440
202489
202516
202716
202718
202780
202837
202851
202875
202888
202889
202906
202945
202979
203076
203093
203094
203627
204174
204282
204326
204342
204419
204428
204473
204499
205533
205795
206117
206216
206235
206253
206302
206359
206568
206585
206588
206798
207064
207319
241022
241054
241085
245633
245799
259464
260685
262210
262222
262668
263284
270239
271174
271657
272324
272327
272817
273175
273398
289090
289312
291456
294064
294799
295578
295585
103305
103330
103355
103423
103444
190905
194932
195241
195300
195544
195556
195579
195580
195734
196969
198046
198786
198893
199525
201285
201441
201481
201618
201753
202365
202392
202403
202490
202531
202537
202874
202950
203895
204380
204406
205481
206312
206329
206364
206366
206371
206379
206582
206589
206613
206623
206989
213394
241030
245430
245684
248735
260092
261988
262933
262974
263234
273068
273159
277138
291957
294517
295612
103307
194196
194914
195064
195215
200736
201545
201603
204202
204402
206288
241031
261220
273523
290956
194564
101453
101666
101690
101698
102826
103733
103784
103970
104972
163528
178645
179393
205132
248310
276452
276785
276910
276939
277944
290643
292256
295485
101749
101872
103072
103837
103841
103969
103974
104000
104995
105008
163461
163622
164367
178252
179826
183023
193494
205215
211854
222513
243511
270472
276424
277870
277873
290615
290623
294574
294633
294975
294988
102832
103041
103670
104033
104038
105087
105100
163559
178705
179754
182986
183013
183257
183466
186351
189276
205155
205201
205202
210558
211323
223031
245341
245353
276379
288734
288748
290605
292265
293992
294637
294978
295170
295276
295281
295311
295517
295519
295974
296019
101889
102315
103064
103141
103920
105013
183141
183209
183359
183463
193176
204716
204749
205187
205249
206172
206173
208347
211125
222568
223038
241894
245330
245346
245378
245380
245967
261485
263424
270491
277872
288691
290595
290596
291140
294338
294353
294355
294989
295345
295487
295675
296037
296262
296480
296555
297233
297238
297268
297784
103216
103498
103967
105091
183207
186646
195191
195194
199195
201334
201924
202604
203110
203164
203195
203566
204667
204941
204965
205058
205257
205598
210968
211092
211298
213381
218185
218206
223032
223034
223102
232194
241101
241721
243513
245314
245437
245667
250076
263400
263420
263422
270469
288579
288672
288677
290602
290746
291421
291965
292230
294319
294335
294555
294853
294922
294949
294964
294974
294981
295016
295089
295097
295112
295254
295258
295539
295543
295579
295604
295626
295660
295717
295908
295931
295949
296007
296018
296106
296189
296274
296373
296503
296507
297723
103859
103882
103892
103947
103978
179752
183732
186224
187223
188969
189287
189580
193487
195187
196562
197666
197854
198569
199198
199202
200236
200771
201192
201359
202118
202567
202577
202578
202602
202654
202656
202685
202872
203053
203062
203130
203132
203394
203407
203424
203425
203659
203675
204152
204329
204523
204703
204748
204759
204771
204970
205057
205641
206149
206183
206186
206198
206199
206225
207971
210859
211085
211095
211321
211324
211975
213326
213378
218194
218197
218269
218684
219580
223772
223777
223799
232097
232202
235875
235878
236348
241008
241609
244850
245143
245302
245389
245654
248209
248319
249228
261194
261399
270406
270424
270485
270504
270688
270902
288559
288618
288735
288784
289040
289261
289615
289710
291460
292196
293880
294226
294281
294320
294381
294493
294510
294519
294535
294769
294884
294926
295093
295230
295243
295480
295488
295499
295559
295663
295676
295683
295707
295731
295789
295831
295909
296058
296135
296142
296179
296238
296246
296297
296346
296389
296422
296429
296435
296494
297270
102813
103270
103295
103314
103349
103550
103569
103734
103880
180979
182623
183264
183465
186565
187266
188753
190839
190904
190983
191607
192518
192521
194193
195111
195155
195162
195222
195341
195952
197760
198898
200751
200802
200903
201783
201902
202334
202381
202547
202558
202619
202644
202691
203127
203145
203149
203174
203176
203254
203284
203286
203326
203331
203348
203381
203389
203467
203610
203650
203681
203706
203707
203715
203719
203988
204016
204040
204227
204316
204325
204366
204368
204389
204453
204787
204971
205168
205342
205370
205723
205788
206090
206151
206156
206177
206230
206345
206412
206508
206668
206723
206726
206918
207079
211123
213330
213379
218202
218264
232138
232428
236350
236435
241082
241091
241594
241895
245432
245655
245682
245898
246676
248241
248298
248313
260550
263412
270333
270444
270475
270505
270511
271680
274070
288640
288673
288745
288774
288780
288789
288921
289616
289755
289979
290432
290656
291001
291095
291197
291200
291420
292461
293364
293852
293889
294223
294280
294310
294744
294809
294895
294983
295105
295235
295501
295541
295593
295638
295841
295842
295930
296014
296088
296161
296270
296309
296313
296347
296359
296419
296495
296540
296549
296566
297121
297157
297724
297729
297815
102995
103274
103279
103344
103345
103370
103377
103382
103411
103439
103545
103612
186353
187418
188775
190865
191145
191606
193161
194989
194992
195182
195232
195286
195303
195412
195414
195435
196640
197535
197842
198109
198544
198777
198834
198859
198904
198934
199693
200558
200603
200634
200720
200753
200756
200757
200798
200897
200900
200902
201386
201387
201419
201592
201724
201726
201738
201739
201787
201905
201928
201929
202146
202147
202159
202291
202380
202382
202397
202416
202480
202483
202556
202646
202652
202681
202729
202730
202832
202968
202996
203042
203043
203071
203179
203318
203455
203458
203464
203593
203613
203625
203626
203641
203642
203990
204203
204245
204246
204307
204348
204349
204401
204435
204437
204438
204440
204558
204560
204570
204608
204616
204659
204754
204833
204854
204955
204967
205007
205259
205305
205478
205541
205564
205779
205981
206014
206131
206141
206148
206154
206155
206192
206204
206232
206233
206264
206265
206351
206421
206424
206442
206525
206560
206573
206575
206597
206598
206604
206688
206757
207020
208590
213226
213392
213525
217659
218169
218237
218244
218257
218260
222872
223030
236514
241032
241044
241099
241615
244563
245502
245656
245705
245901
246662
247603
247937
248511
248905
258674
260620
261596
261629
263378
270309
270784
271099
271403
288765
288868
288973
289199
289923
290380
290382
290875
291031
291468
293354
293389
293839
293850
293896
293998
294146
294220
294244
294249
294456
294504
294811
294840
294970
295002
295029
295057
295075
295151
295566
295571
295582
295613
295616
295637
295641
295666
295995
296005
296146
296279
296280
296315
296324
296379
296403
296408
296516
296517
296526
297155
297730
297733
297745
298013
103229
103291
103353
103374
103381
103418
103424
103442
103462
103474
103904
180546
185136
186911
187363
187477
189552
190834
190849
190906
190921
190975
191035
191141
191362
193096
193505
193538
193583
193679
193928
194195
194842
194891
194953
194994
194995
195007
195043
195093
195141
195173
195252
195302
195577
195586
195755
198509
198517
198542
198600
198634
198692
198745
198837
198871
198915
198952
199199
200667
200676
200912
201278
201399
201471
201540
201590
201594
201653
201655
201704
201706
201764
201836
201848
201938
202076
202088
202094
202144
202145
202177
202260
202281
202285
202341
202359
202402
202428
202443
202484
202497
202559
202712
202715
202735
202790
202804
202805
202834
202849
202856
202863
202878
202890
202973
203002
203052
203069
203553
203574
203615
203695
203892
204039
204064
204129
204137
204141
204150
204228
204318
204344
204345
204347
204367
204374
204382
204390
204399
204426
204430
204447
204448
204538
204564
204914
204921
204986
205473
205532
205542
205770
205966
206134
206211
206212
206238
206246
206269
206275
206295
206297
206304
206319
206325
206339
206358
206372
206375
206389
206392
206399
206400
206402
206448
206504
206583
206596
206606
206612
206629
206885
208116
212797
213337
213390
213434
218096
218199
218253
218263
218278
218279
218985
223101
241004
241086
241162
241177
241658
241749
244842
244849
245650
245712
245722
245796
245936
246590
247701
248213
248574
248595
248598
248745
249224
249905
252866
261067
261323
262488
262627
262870
263004
263162
263267
267548
270786
271097
271175
271318
271690
271731
272309
272311
273396
273594
288759
288910
289596
289660
289671
290250
290392
290591
291075
291273
291458
291580
291779
293463
294162
294458
294786
294802
294818
294841
294911
294985
295091
295101
295546
295584
295622
295634
295772
295822
295886
296323
296354
296547
296578
297623
297802
299250
102999
103301
103363
103379
103398
103400
103426
103472
103475
186683
187362
189660
190331
190712
190900
191013
191937
192321
192975
193146
193151
193654
194172
194173
194267
194469
194589
194851
194886
194890
194910
194947
194996
195008
195098
195132
195144
195209
195261
195281
195315
195319
195333
195401
195510
195558
197472
197802
198638
198830
198848
198873
198917
198926
198991
199082
199935
200683
200733
200734
200810
200862
200882
200907
200923
201237
201244
201283
201504
201512
201550
201587
201626
201648
201663
201709
201713
201733
201837
202056
202161
202162
202209
202279
202339
202358
202393
202406
202407
202410
202418
202423
202427
202462
202464
202487
202492
202835
202838
202850
202857
202864
202867
202881
202958
202963
202990
203513
204094
204105
204106
204142
204213
204214
204280
204292
204310
204319
204322
204381
204391
204409
204429
204551
205707
205750
205978
206231
206243
206314
206318
206323
206342
206362
206363
206377
206581
206611
206697
210321
211837
212216
213409
213429
213486
240921
241037
241060
241067
241079
244728
246065
248769
249940
257678
257882
258688
260100
260594
260683
261148
262563
262971
262981
262983
263143
263202
263232
263338
263377
269983
270237
270476
271179
271282
271651
271693
272332
273051
273132
273348
273516
288753
290950
291449
291600
293804
293846
293931
293934
293947
293948
293954
294002
295502
299647
103241
103290
103292
103298
103329
103441
103476
190376
191093
192296
193818
194350
194850
194944
194946
194950
194967
195038
195158
195170
195403
197414
198562
198836
198998
199548
200684
201239
201255
201521
201601
201622
201664
202413
202862
204104
204112
204201
204271
204281
204411
204536
205488
206321
206580
213369
218291
236945
241042
241061
241065
241290
245685
248703
257667
258644
260807
262988
270899
289550
290808
290849
290959
293015
195023
196994
201688
248660
248730
258661
262255
271270
273574
290336
290957
101571
101605
101607
101635
101820
101993
102017
103824
103954
104020
104958
163563
179770
179811
182989
183114
183200
205100
205676
232706
235876
243457
243512
243634
276478
276716
276924
276934
276953
276964
290747
292301
295267
295271
295387
295405
296023
101530
101611
101703
101769
101771
102015
102827
103813
103814
103838
103980
103998
104034
178257
183014
183016
183076
183107
183156
183216
183362
184909
186161
202592
205099
223802
230669
248325
276436
276972
290600
290658
292244
294680
295261
295359
101843
101845
102825
103673
103785
103817
103936
103949
103997
104035
105032
178253
178261
181036
183022
183206
186160
186165
189278
201335
205092
205183
205200
206164
211294
212675
222512
222514
223774
243623
245350
248320
248545
249801
249893
276723
288670
289062
290644
294525
294573
295250
295388
295400
295523
295537
296141
296479
102806
103669
103932
104023
104455
105018
179758
180931
180978
183033
183120
186152
186172
186226
186645
202627
202631
203144
203161
203705
204758
205260
205828
206165
206181
210437
210808
210935
223771
232694
232699
236690
243619
245309
245368
245381
245383
245390
245404
245963
246660
246709
246872
248314
273217
276914
277866
288547
290056
290436
290653
290670
292253
292260
292268
294347
294352
294506
294521
294522
294948
295226
295538
295624
295923
295935
296104
296167
296173
297223
297241
297775
298016
298786
102411
102437
102582
103034
103063
103070
103089
103106
103490
103741
103877
103968
103982
103994
163476
179761
182990
183469
185034
185115
186154
186225
188970
189277
193156
193490
199190
199206
200292
200785
201922
202574
202579
202583
202601
202612
202635
203136
203238
203243
203301
203322
203328
203338
203401
203403
203404
203480
204330
204456
204685
204761
204762
205198
205223
205235
205273
205286
205802
205909
206443
206535
208639
210087
210565
210976
210996
211241
211302
211320
214350
214360
218273
222874
223731
223741
223764
223773
223776
223862
223863
232700
236250
241596
241722
241879
243723
245030
245323
245434
245479
248173
248176
248246
249499
249500
250179
261336
263381
270357
270372
270800
273222
277894
277900
289105
290008
290550
290611
291146
292228
292996
293360
294337
294343
294346
294349
294356
294556
294635
294896
294898
294931
294932
294977
295018
295227
295247
295269
295284
295381
295453
295491
295521
295528
295555
295583
295735
295809
295815
296008
296017
296158
296169
296295
296344
296356
296491
296543
297240
297281
297763
297780
102413
102992
103100
103415
103496
103862
103907
103939
178415
179054
179115
179208
179827
180541
181193
182621
185134
187401
191938
193559
195196
195306
196563
196690
197752
198583
199204
200428
200767
200788
200985
201223
201355
201474
201881
201904
201944
202202
202305
202325
202544
202571
202575
202605
202618
202634
202637
202870
203098
203131
203169
203177
203191
203194
203197
203200
203250
203336
203346
203347
203383
203385
203411
203472
203628
203630
203632
203653
203688
203871
204305
204680
204737
204763
204977
205077
205186
205193
205225
205270
205298
205303
205317
205592
206124
206143
206145
206187
206277
206283
206410
206528
206864
206912
207392
208638
209319
210009
210086
210562
210836
210970
211310
211867
213453
218006
218106
218216
218252
222543
223779
223792
223798
223823
223876
225688
232059
232195
232433
236714
241166
241626
243579
244258
244409
245327
245365
245398
245622
245623
245678
245948
246506
247952
247988
248302
248312
248935
249495
249498
249889
259558
270332
270432
270655
273020
288553
288569
288575
288607
288778
288781
288895
289042
289043
289069
289092
289263
289709
291238
291475
291502
293879
294214
294263
294279
294318
294339
294488
294491
294498
294511
294514
294678
294828
294945
294982
295145
295181
295368
295380
295587
295677
295715
295826
295880
295972
295985
296085
296242
296258
296261
296308
296349
296393
296397
296442
296467
297399
297755
297787
297788
298295
102804
102952
103273
103485
103505
103506
103544
103585
103601
103991
105088
179650
179756
179830
180543
180969
185016
185125
185137
186173
186819
187157
187403
187417
189289
190826
190848
190881
191296
191420
193402
194608
195002
195021
195115
195121
195145
197223
197761
197840
198223
198228
198508
198602
198846
198902
199205
200240
200302
200311
200642
200786
200884
201107
201193
201205
201221
201356
201392
201407
201447
201927
201994
202006
202168
202179
202220
202227
202231
202239
202251
202276
202321
202550
202564
202582
202606
202614
202615
202621
202622
202625
202643
202651
202655
202676
202692
202709
202733
202882
203018
203077
203111
203143
203147
203163
203171
203183
203185
203190
203209
203211
203221
203224
203245
203300
203349
203367
203373
203374
203386
203396
203421
203465
203515
203637
203738
203814
203839
204020
204025
204049
204124
204126
204131
204226
204315
204351
204454
204577
204601
204666
204732
204755
204937
204966
204968
204992
204994
204996
205009
205059
205222
205224
205236
205272
205343
205363
205420
205534
205786
205945
206061
206142
206147
206203
206256
206411
206436
206451
206543
206734
206759
206862
206921
208640
208653
210056
210216
210992
211172
211865
212215
212540
212676
212683
213389
217843
218153
218192
218193
218302
225669
229144
241092
241648
241701
241718
241784
241786
243606
243683
244172
244873
245008
245304
245558
245601
245625
245659
245688
245703
246508
246565
246996
248239
248510
248578
248794
248957
249505
253442
253655
261919
262045
262123
262333
263380
268849
270351
270440
270510
270865
271378
273045
273054
273322
273333
273383
273714
273873
277222
277516
277947
288549
288642
288693
288761
288767
288927
289407
289608
289611
289670
289922
290433
290721
292214
292273
293808
293824
293851
293874
293886
293942
293999
294135
294153
294192
294224
294285
294291
294329
294520
294530
294549
294770
294772
294849
294955
294987
295001
295039
295113
295376
295562
295567
295590
295664
295685
295698
295775
295828
295838
295848
295895
295911
295939
295942
295948
295951
295978
296001
296064
296108
296130
296183
296201
296276
296289
296312
296330
296363
296392
296402
296412
296445
296504
297164
297747
297748
297927
298081
298293
299648
102050
102474
102814
102824
102935
102985
103003
103010
103237
103324
103440
103473
103929
103948
179739
180305
181119
182614
186544
186696
187333
187416
187424
187494
188780
189284
189343
190338
190842
190956
190962
191110
191457
192451
192527
192543
192986
194845
194979
195096
195136
195137
195161
195184
195193
195280
195293
195405
195406
195576
195954
196378
196589
197690
197864
197870
198540
198822
198882
198891
198903
198921
200202
200550
200595
200598
200631
200691
200711
200719
200722
200739
200740
200758
200805
200850
200881
200909
200927
201169
201206
201265
201317
201373
201375
201586
201681
201790
201792
201860
201891
201897
201947
201952
202111
202134
202138
202142
202143
202155
202175
202180
202197
202243
202264
202274
202292
202298
202303
202313
202324
202347
202387
202396
202398
202414
202431
202448
202479
202482
202548
202560
202713
202717
202724
202731
202732
202773
202797
202815
202816
202847
202939
202948
203016
203045
203047
203073
203100
203306
203316
203355
203423
203444
203453
203469
203547
203557
203565
203633
203634
203640
203646
203676
203692
203721
203723
203755
203998
204008
204068
204121
204155
204162
204164
204165
204239
204284
204306
204336
204358
204379
204439
204460
204464
204481
204518
204522
204556
204635
204636
204743
204745
204936
204939
204993
204997
205318
205332
205359
205417
205431
205540
205682
205722
205889
205908
205912
205968
205970
205972
206039
206130
206222
206240
206241
206343
206380
206388
206391
206505
206506
206530
206542
206733
206966
207004
207179
208047
208087
208327
208658
208679
210257
210969
211038
211134
211312
212532
213320
213346
213353
213360
213373
213383
214539
214600
217293
217630
217664
217669
217887
218052
218167
218184
218225
218247
218254
218272
218301
218309
218318
218674
218675
222924
234589
236421
236433
236671
236918
240918
240992
241011
241014
241078
241588
241627
241725
241728
241753
244579
244841
244859
244921
245149
245156
245286
245463
245518
245626
245642
245644
245653
245679
245937
245951
246648
246658
246831
247669
247827
247880
247951
248061
248178
248238
248266
248277
248299
248311
248361
248437
248459
248594
248607
248768
248916
248961
249060
249185
249275
249481
249504
249508
249921
253059
253160
257545
257722
258452
260106
260249
260568
260619
260635
260830
261305
262304
262314
262332
263404
265929
267329
267529
270383
270443
271482
272333
272354
272355
273130
273137
273332
273480
273494
273700
273715
273718
274275
288598
288612
288790
288807
289491
289603
289673
289698
289826
289984
290023
290044
290180
290303
290463
290652
290686
290774
290782
291032
291391
291459
291581
291642
292649
293805
293832
293862
293864
293988
294003
294004
294260
294284
294306
294308
294472
294543
294547
294669
294745
294783
294785
294789
294798
294805
294813
294836
294986
295038
295073
295074
295114
295124
295493
295513
295563
295603
295606
295635
295695
295704
295782
295840
295876
295889
295952
295964
296163
296272
296326
296353
296361
296401
296431
296499
296542
296569
296588
297185
297397
297563
298020
298258
298292
298299
298515
298578
299268
299966
102958
103233
103269
103293
103317
103326
103342
103351
103408
103427
103564
179825
186543
186556
186820
187277
187340
187364
187496
187526
188761
188968
189136
189560
189729
190832
190861
190867
190872
191215
191619
193152
193535
193558
193572
193750
193778
194292
194864
195014
195099
195148
195164
195181
195260
195291
195407
195413
195578
195658
195809
196753
197695
197777
198316
198360
198367
198489
198626
198727
198775
198778
198787
198823
198824
198840
198914
198933
199584
199603
200536
200590
200593
200605
200606
200607
200668
200672
200679
200680
200700
200725
200730
200804
200824
200852
200904
200917
201174
201250
201370
201379
201383
201434
201436
201505
201539
201640
201646
201647
201652
201700
201715
201725
201732
201735
201740
201752
201762
201777
201782
201788
201806
201816
201861
201971
201973
202007
202036
202042
202046
202050
202078
202079
202082
202095
202098
202105
202182
202215
202254
202294
202302
202304
202310
202371
202375
202378
202379
202385
202386
202400
202437
202442
202446
202458
202474
202503
202506
202507
202511
202753
202803
202807
202811
202817
202845
202869
202880
202901
202918
202956
202976
202988
203075
203078
203090
203329
203365
203412
203486
203500
203573
203575
203612
203639
203644
203699
203717
203720
203724
203748
203749
203789
203813
203870
203983
204047
204048
204070
204091
204103
204139
204143
204144
204145
204147
204148
204169
204170
204173
204224
204225
204238
204258
204268
204297
204331
204373
204392
204407
204449
204458
204537
204557
204617
204622
204642
205385
205546
205553
205695
205785
205796
205928
205965
205990
206069
206126
206195
206242
206245
206267
206299
206306
206317
206344
206373
206374
206390
206405
206415
206498
206518
206549
206571
206587
206600
206605
206607
206610
206620
206625
206631
206633
206674
206841
206975
207075
207339
207714
208977
210017
210224
212160
212218
213000
213321
213339
213423
214368
216819
217810
218205
218261
218288
218303
227273
232139
232166
232509
240728
240920
240965
240979
241019
241028
241282
241608
241729
241734
241768
243591
244721
245645
245647
245665
245687
245793
245803
245891
245902
245909
245938
246482
248582
248606
248753
249095
249197
249220
251670
253091
257360
257387
257669
257714
258447
258629
259069
259312
260604
260688
261059
261128
261413
261767
262243
262310
262647
262987
263045
263188
263250
263383
267560
267644
270188
270346
270566
270785
271262
271288
271295
271616
271681
271689
271725
272143
272297
272318
272356
272869
273052
273073
273131
273139
273174
273185
273358
273423
273433
273444
273579
273678
274053
277421
277901
288752
288763
288981
289568
289597
289604
289609
289669
290339
290340
290372
290679
290945
291123
291323
291404
291413
291467
291641
291663
291665
291668
293840
293884
293915
294016
294149
294307
294454
294551
294670
294810
294991
295030
295056
295099
295233
295241
295557
295577
295605
295630
295652
295684
295689
295943
296038
296243
296248
296411
296426
296427
296518
297156
297732
298411
298589
103309
103339
103348
103362
103384
103385
103428
103461
103561
183744
183823
187251
187335
187349
190807
190831
190844
190914
190939
191025
191112
191195
191623
191924
193070
193078
193160
193165
193226
193382
193399
193565
194020
194121
194305
194466
194968
194970
194976
194978
194990
195010
195125
195183
195210
195259
195313
195340
195350
195372
195418
195455
195538
195585
195601
195953
196606
196667
196917
197296
197495
197538
198027
198272
198368
198423
198776
198788
198856
198869
198928
198975
199018
199054
199604
200535
200609
200632
200660
200662
200701
200737
200744
200818
200848
200861
200951
201246
201281
201286
201411
201446
201460
201479
201480
201497
201511
201514
201522
201529
201582
201593
201597
201612
201621
201628
201629
201638
201651
201701
201755
201834
201835
202045
202074
202080
202085
202109
202112
202115
202174
202193
202216
202265
202282
202283
202351
202353
202354
202409
202411
202500
202502
202512
202532
202764
202779
202791
202809
202812
202821
202825
202826
202830
202846
202848
202876
202943
202952
202967
203067
203525
203532
203651
203840
204077
204140
204186
204250
204277
204293
204363
204376
204378
204393
204395
204425
204442
204485
204502
204541
204543
204567
204605
204658
205519
205520
205528
205548
205580
205891
205902
205995
206250
206290
206332
206385
206401
206422
206425
206479
206516
206578
206618
206792
207080
207224
212667
213332
213404
213428
213433
214367
218305
229990
235673
241003
241069
241123
241687
242077
244554
244753
245110
245427
245428
245466
245629
245763
245801
245871
246411
247879
248611
248643
248719
248738
248749
248767
248889
250145
253194
257223
257416
257560
257708
258420
258432
258628
258664
258729
259463
260086
260800
261094
261187
261661
261985
262153
262213
262272
262616
262867
263001
263087
263163
263187
263385
267546
268492
270374
271255
271265
271276
271401
271683
272336
272348
272841
273047
273049
273079
273150
273173
273177
273381
273394
273395
273484
273510
273536
273576
273592
274394
277247
288741
289557
289612
289635
290010
290053
290141
290331
290356
290360
290394
290395
290845
290942
291635
293075
293837
293838
293949
294100
294138
295851
296369
296558
296579
297579
297728
298169
103421
187276
189043
189740
190686
190823
191279
192811
193523
193637
193748
194089
194201
194310
194659
194788
194909
194930
195011
195049
195130
195168
195177
195250
195254
195317
195393
195495
195569
195686
195931
196249
196558
196958
196959
196975
198725
198770
198784
198785
198839
198867
198876
199086
199096
201240
201245
201249
201254
201426
201485
201487
201549
201616
201617
201623
201643
201754
201832
202217
202515
202784
202808
202883
204192
204212
204257
204412
204417
204482
204500
204501
204641
205400
205493
206252
206298
206357
206617
207068
209951
212685
213297
213426
228120
245910
245913
246591
246794
247975
248601
248710
248712
248713
248736
249071
257343
257440
257463
257677
257705
257709
257779
257883
260901
261214
261282
262046
263159
263218
263225
265365
267128
267161
267350
271173
271191
271246
271254
271692
271724
272296
272325
273570
274104
288740
288890
288976
290129
290179
290876
290961
291278
291286
291498
293842
294459
295110
103357
103392
192338
193132
193570
193927
194168
195378
196793
196907
196964
197073
197076
197116
198808
198996
201563
201634
204215
206335
206368
213485
241073
248659
248661
248695
248718
257356
257359
257468
257517
271687
271694
272385
290996
193636
248654
248662
248723
290796
291445
101481
101548
101551
101598
101663
101992
102022
104970
105003
105005
183121
183153
183167
193497
210908
218540
222511
230677
233750
241083
246251
247077
249795
276367
276991
277931
278319
290663
291100
295280
101604
101693
101835
101991
102008
103933
103987
105031
105101
163524
178254
179762
183158
183208
183358
184954
185027
199196
204973
205630
206935
210638
230676
232691
245355
249789
260494
270417
270647
276717
276935
276983
276988
277941
277982
289017
290599
290640
290655
290725
292269
294651
295262
295325
295435
295474
296028
296094
296443
296471
101627
101844
101865
102753
102793
103037
103749
103764
104004
105029
178676
180550
180983
182992
183018
183161
183184
183499
186229
193493
200423
202587
202632
204675
205060
205089
205130
205152
205203
205209
205254
205642
206163
209515
210800
211069
211853
211864
214353
223804
223806
225677
225790
233747
236718
243520
244839
246462
247537
248322
260497
262127
265614
270385
270468
272785
273326
276943
276996
277023
291136
291956
294228
294277
294570
294572
294639
294941
295283
295382
295456
296010
297225
101536
101740
101803
102833
103021
103043
103056
103057
103071
103081
103650
103751
103836
103912
103922
103931
103990
103999
104961
105007
105009
179084
180874
180977
182725
183026
183039
183187
183210
183406
186158
187402
187408
193155
193498
200432
200435
202584
202589
203345
204689
205074
205085
205097
205154
205158
205161
205328
205621
205623
205644
206166
208251
209248
209249
210807
211002
214354
217649
218130
222508
223740
223743
223760
225808
232136
236695
245965
245966
247948
248306
248321
248562
248930
249886
250181
250338
270465
270488
270518
270901
276992
277000
277021
277865
277899
277948
277954
288718
288783
289098
289720
289919
290545
290594
290610
290613
290768
291198
291958
292294
292297
293877
294147
294156
294874
294924
295174
295228
295246
295266
295416
295853
296004
296020
296066
296222
296332
297243
297244
297767
299651
102930
103023
103979
104001
182419
183036
183037
183177
183179
183189
183845
184932
186150
186171
186430
187305
187381
187411
189285
189291
192519
193489
193499
197772
200168
200301
200774
200787
201364
202570
202597
202661
203188
203240
203354
203378
203392
203400
203410
203708
204670
204690
204731
204760
204779
204969
204976
205005
205088
205091
205129
205180
205619
205830
206030
206094
208362
208809
210559
210805
211076
211124
211297
211405
213382
214358
218123
218140
218277
222537
223682
223697
223770
223818
234647
236694
241705
243519
243696
245145
245262
245358
245379
245406
245436
245512
246667
247687
247836
248245
248296
248297
248402
248541
248926
248937
249494
260969
261050
263414
265388
265390
270304
270327
270331
270445
270463
270474
270592
270905
270913
273069
273290
273307
274397
277422
277425
277431
288556
288590
288747
288924
289041
289181
289721
290597
291121
291141
291643
291649
292248
293390
293849
293860
293873
294254
294336
294351
294369
294371
294374
294508
294546
294758
294821
294859
295183
295231
295240
295468
295497
295729
296013
296062
296067
296390
296425
296475
296505
296551
297765
297776
101934
101942
102016
102829
102931
102945
103532
103551
103603
103659
103746
103906
103911
103923
103977
178719
178751
179059
179136
179648
181043
181048
182644
183270
183459
184308
184611
185084
185217
186133
186155
186240
186321
188762
189554
190901
191111
191182
191187
191228
192018
192493
192756
193504
193568
194945
196623
196699
198570
198573
198584
199960
200102
200434
200600
200617
200778
200895
200970
201182
201190
201273
201360
201408
201872
201877
201915
201926
201931
201945
202326
202546
202566
202585
202588
202610
202641
202657
202708
202750
203072
203124
203137
203159
203165
203186
203201
203205
203268
203370
203390
203393
203447
203483
203616
203825
203925
204031
204032
204123
204127
204335
204688
204713
204715
204738
204769
204872
205042
205055
205063
205125
205162
205210
205211
205226
205264
205274
205287
205315
205324
205325
205338
205794
205806
205845
205894
205915
206076
206158
206180
206226
206729
206752
206869
206941
207972
208294
208555
208828
210116
210119
210135
210798
210827
210871
210959
210965
211022
211039
211090
211097
211107
211117
211287
211296
211311
212217
212427
213374
218069
218097
218125
218139
218155
218204
218207
218270
218276
222925
223099
223769
223785
223794
223795
223796
225820
229461
233611
234654
234749
234968
235880
235881
236701
236715
241016
241443
241600
241610
241691
241767
242076
243612
243618
243647
244246
244422
245144
245263
245306
245373
245422
245505
245702
245764
246123
247826
247898
248305
248308
248374
248378
248441
248514
248536
248539
248558
248615
248941
249211
249506
250075
260707
260946
260948
261129
261492
261493
263394
270407
270439
270479
270481
270590
270664
270900
272231
272934
273236
273271
277031
277442
277454
277953
288564
288582
288596
288631
288744
288987
288990
289035
289055
289070
289106
289130
289915
290009
290409
290435
290603
290645
290654
290694
291110
291128
291161
291167
291471
291744
292235
292245
292261
292262
293329
293829
293830
293901
294186
294199
294225
294264
294322
294331
294384
294385
294389
294814
294815
294819
294873
294897
294952
295023
295080
295152
295199
295245
295365
295542
295560
295580
295681
295719
295887
295981
296045
296048
296087
296128
296140
296269
296343
296391
296415
296492
296539
297192
297237
297248
297260
297271
297740
297757
297777
297823
297842
298215
298284
298612
298634
102452
102579
102703
103487
103560
103848
103872
103916
103992
179050
179293
180876
180972
181078
182612
183058
183246
183265
183838
184358
184858
185648
186354
186530
186642
186706
187116
187258
187318
187415
187490
188754
189281
190354
190875
190984
191020
191177
191230
191431
191604
191605
191670
191939
193439
194246
194532
195012
195114
195192
195198
195245
195248
196617
196700
198201
198507
198589
198627
198723
198854
198860
198912
199191
199590
200235
200538
200591
200623
200628
200629
200746
200779
200783
200784
200926
201137
201143
201180
201195
201209
201227
201277
201293
201329
201330
201333
201350
201358
201366
201385
201401
201403
201409
201846
201865
201871
201884
201898
201901
201911
201930
201936
201939
201948
201976
201987
202125
202258
202337
202415
202517
202613
202647
202648
202665
202682
202705
202707
202723
202745
202770
203003
203020
203023
203097
203106
203112
203115
203156
203184
203196
203216
203227
203236
203262
203269
203277
203319
203321
203339
203395
203405
203426
203463
203468
203488
203652
203661
203702
203736
203757
203882
203927
203978
203980
204005
204037
204108
204130
204166
204337
204434
204457
204463
204516
204529
204568
204581
204669
204677
204723
205004
205076
205083
205229
205243
205244
205279
205281
205304
205344
205360
205364
205367
205410
205413
205433
205522
205618
205733
205804
205870
205914
206068
206077
206127
206128
206129
206178
206208
206227
206384
206413
206437
206466
206491
206547
206562
206652
206722
206937
207693
208145
210110
210199
210205
210315
210367
211050
211053
211086
211138
211163
211231
211282
211313
211406
211744
211857
211863
212135
213199
213307
213327
213357
213387
213665
213954
214359
217998
218126
218158
218178
218191
218200
218213
218219
218262
218687
223029
223103
223780
232043
232985
234750
234831
235895
236704
240910
241090
241093
241142
241388
241582
241586
241635
241669
241693
241704
241720
241738
241754
241896
243726
243735
244704
244722
244723
244760
244867
244922
245032
245045
245136
245268
245627
245641
245707
245718
245955
246498
246566
246615
246659
246900
247635
247668
247681
247690
247846
248047
248060
248113
248289
248300
248318
248355
248442
248495
248507
248577
248586
248589
248774
248785
248892
248934
248943
249288
249323
249490
249507
249958
260332
260944
261088
261221
262520
262588
262613
263003
263762
266816
270223
270240
270248
270312
270349
270384
270446
270448
270452
270482
270486
270506
270545
270599
270633
270634
270792
270886
270898
270906
272337
273309
273330
273335
273364
273382
273490
273502
273623
273713
273729
274058
274061
274281
277221
277889
277890
288581
288625
289002
289034
289079
289257
290012
290398
290408
290416
290563
290573
290612
290659
291408
291776
292477
293811
293853
293856
293861
293936
294106
294145
294161
294165
294200
294233
294270
294452
294473
294484
294500
294513
294751
294768
294782
294812
294908
294913
294917
294998
295065
295071
295088
295149
295516
295588
295589
295592
295601
295640
295688
295812
295827
295845
295873
295899
295902
295905
295910
295979
295983
296009
296044
296056
296090
296098
296099
296168
296178
296219
296304
296318
296320
296340
296342
296350
296377
296378
296410
296418
296434
296483
296544
296560
296574
297054
297272
297273
297734
297746
297786
297828
297852
297896
298019
298133
298150
298289
298454
299907
102589
102938
102991
103294
103417
103422
103470
103514
103664
103727
103901
178647
178825
179098
179137
179224
179846
181200
181290
183441
183731
185069
185109
186289
186431
186554
186569
186677
186839
187211
187373
187471
187538
187539
188965
189018
189551
189553
189605
189607
190786
190791
190863
190870
190878
190893
190895
190910
190982
191028
191176
191257
191512
191726
191825
191899
192754
192759
193157
194265
194948
194966
195041
195103
195105
195110
195118
195373
195441
195515
196622
196722
196760
196949
197399
197517
197536
197669
197706
197795
198350
198366
198413
198590
198601
198644
198672
198724
198728
198796
198853
198855
198972
198980
199025
199208
199585
199651
199786
199949
200238
200257
200413
200560
200604
200608
200624
200665
200681
200697
200698
200714
200717
200726
200759
200803
200855
200864
200893
200901
201101
201146
201196
201207
201208
201219
201222
201299
201316
201318
201328
201374
201391
201393
201400
201404
201410
201583
201696
201751
201771
201780
201807
201822
201843
201853
201892
201909
201932
201951
201957
201960
201977
201980
201992
202005
202009
202016
202096
202116
202131
202165
202167
202169
202170
202207
202219
202229
202238
202287
202295
202306
202320
202330
202332
202350
202372
202434
202505
202522
202538
202552
202565
202616
202699
202700
202706
202720
202744
202747
202758
202766
202947
202953
203041
203048
203054
203091
203105
203109
203180
203219
203228
203278
203290
203337
203375
203416
203457
203482
203493
203567
203578
203587
203608
203629
203635
203648
203687
203693
203700
203703
203722
203726
203740
203746
203770
203817
203826
203845
203893
203915
203924
203960
203967
203992
203999
204026
204036
204050
204116
204125
204128
204161
204167
204221
204237
204341
204386
204397
204398
204436
204446
204517
204528
204531
204559
204587
204681
204705
204706
204853
204862
204902
204925
204940
204950
205271
205301
205320
205330
205345
205351
205432
205453
205483
205507
205563
205606
205685
205803
205842
205926
205969
206003
206045
206067
206081
206237
206257
206273
206276
206307
206328
206414
206420
206427
206481
206510
206555
206574
206608
206933
206977
207019
207194
207211
207396
207494
208471
208833
209066
209320
209990
210112
210136
210173
210180
210184
210201
210214
210304
210370
210435
210788
210999
211130
211131
211136
211182
211192
211404
211993
212012
212034
212569
212718
213193
213329
213367
213520
214543
214664
217178
217476
217668
217670
217977
217997
218137
218220
218256
218287
218317
219039
222867
222871
223098
223229
225390
226626
230358
232052
232137
232203
232992
233078
235891
236689
236925
241010
241071
241080
241089
241592
241595
241639
241645
241646
241654
241679
241741
241750
241751
241770
244840
245150
245412
245468
245509
245610
245666
245691
245719
245726
245742
245745
245762
245773
245986
247679
248208
248236
248242
248271
248366
248438
248439
248455
248597
248765
248795
248819
248899
248959
249511
249911
249929
250113
253089
257399
258433
258609
258666
258872
258900
260687
260724
260832
260941
260942
260968
261004
261224
261321
261484
261491
261742
261810
262190
262230
262312
262595
262634
262651
262684
262883
263435
265491
265654
265974
270007
270249
270334
270389
270507
270582
270620
270725
270807
270833
271256
271272
271374
271408
271691
272310
272338
272931
272987
273059
273076
273120
273179
273193
273295
273369
273600
273723
274289
274340
274375
277223
277846
288565
288671
288743
288760
288841
288923
289068
289177
289262
289383
289406
289656
289686
289965
289983
290005
290202
290329
290381
290431
290434
290678
291061
291080
291191
291199
291403
291407
291657
292648
293361
293368
293863
293865
293891
294005
294023
294171
294183
294193
294247
294251
294315
294316
294328
294421
294455
294486
294494
294578
294844
294914
294968
295028
295100
295108
295109
295255
295363
295503
295505
295515
295586
295591
295597
295632
295655
295767
295800
295824
295847
295852
295890
295906
295936
295958
295999
296082
296100
296193
296194
296203
296215
296249
296271
296283
296294
296364
296367
296423
296428
296454
296490
296512
296520
296561
296570
297146
297263
297619
297693
297719
297735
297741
297893
298406
298472
298633
299162
299707
101949
102937
102998
103268
103311
103323
103327
103347
103371
103406
103565
103856
103989
178824
180844
183609
183801
183816
183820
183886
184365
186179
186205
186333
187269
187329
187343
187355
188446
188789
189015
189058
189272
189408
189440
189448
190267
190787
190809
190828
190835
190857
190858
190883
190896
190899
190920
190922
190960
190981
191029
191113
191146
191231
191268
191509
191897
192336
192502
192593
193185
193403
193420
193560
193757
194110
194163
194203
194241
194257
194260
194467
194500
194513
194993
194999
195006
195044
195086
195101
195104
195108
195174
195175
195180
195189
195200
195224
195226
195265
195296
195304
195326
195331
195336
195343
195348
195371
195377
195438
195509
195514
195587
195737
195742
195828
196248
196508
196519
196610
196627
196686
196903
197173
197411
197673
197710
197784
197831
197887
197958
198067
198071
198086
198262
198269
198306
198357
198656
198703
198713
198716
198820
198851
198852
198877
198901
198916
199048
199051
199154
199633
199690
199948
200033
200256
200563
200622
200625
200652
200669
200670
200673
200675
200678
200689
200703
200712
200716
200728
200729
200745
200748
200750
200752
200807
200825
200827
200860
200876
200899
200908
200921
201086
201198
201234
201236
201242
201261
201321
201322
201382
201388
201424
201490
201531
201589
201607
201611
201633
201637
201641
201642
201673
201697
201730
201817
201844
201847
201856
201895
201955
201958
201966
202008
202010
202047
202057
202061
202084
202087
202089
202100
202110
202119
202123
202124
202150
202156
202157
202171
202205
202212
202226
202266
202271
202273
202333
202342
202366
202389
202429
202435
202445
202465
202468
202475
202494
202508
202540
202553
202557
202642
202645
202658
202686
202698
202722
202737
202738
202754
202775
202852
202865
202877
202885
202886
202894
202895
202938
202941
202965
202970
202971
202985
202997
203046
203050
203055
203108
203128
203178
203206
203264
203366
203507
203526
203537
203538
203556
203598
203614
203618
203694
203697
203701
203798
203806
203868
203912
203935
203963
203973
204030
204065
204079
204100
204154
204200
204211
204219
204276
204285
204311
204317
204340
204355
204362
204388
204416
204459
204462
204521
204527
204542
204544
204546
204562
204584
204598
204606
204612
204637
204654
204661
204711
204746
204774
204806
204816
204889
204916
204931
204935
204949
205008
205346
205449
205469
205482
205498
205500
205521
205697
205760
205791
205797
205866
205882
205887
205998
206052
206062
206125
206193
206200
206202
206221
206251
206289
206301
206311
206376
206398
206404
206440
206445
206447
206455
206484
206488
206565
206569
206576
206579
206592
206593
206599
206601
206619
206626
206635
206650
206657
206690
206773
206780
206799
206810
206839
206845
206909
206919
206922
206925
206934
206972
206980
207016
207083
207275
207277
207313
207463
208039
208114
208656
208991
209261
209846
211100
211132
211135
211791
211809
212150
212197
212250
212677
213208
213395
213402
213427
213500
213945
213960
214364
214382
214503
217500
217655
218061
218132
218281
218308
218319
218345
218983
222869
222873
229763
230050
231510
232162
232439
232447
232496
236351
236738
236971
236973
240922
240928
240968
241025
241038
241059
241088
241108
241187
241288
241591
241618
241641
241644
241739
244742
244979
244980
245410
245457
245587
245600
245662
245709
245732
245734
245766
245805
245820
245887
245892
245935
246655
246703
247260
247871
247873
247903
248140
248436
248572
248584
248600
248610
249040
249081
249226
249260
249959
250584
251152
251678
257411
257703
257726
258213
258412
258456
258457
259301
259408
259455
259804
260103
260418
260444
260522
260551
260629
260705
260827
261068
261144
261351
262180
262204
262280
262313
262319
262500
262503
262592
262632
262648
263007
263222
263353
263440
263463
263465
263908
265363
265395
265785
267066
267332
267500
267655
267714
268417
268852
268853
269274
270512
270514
270568
270687
271085
271269
271281
271303
271315
271324
271344
271409
271507
271512
271670
271684
271696
271712
271717
271722
271757
271996
272294
272314
272334
273126
273133
273136
273144
273167
273334
273511
273512
273573
273624
273719
274052
274387
277911
288751
288866
288950
289286
289667
289924
289980
289993
290063
290079
290095
290252
290328
290399
290504
290688
290689
290690
290798
290810
290928
290962
291089
291355
291390
291429
291472
291478
291501
291636
291645
293684
293826
293906
293974
293997
294021
294035
294060
294065
294107
294109
294154
294202
294232
294237
294468
294469
294483
294495
294816
294935
294938
295043
295045
295059
295077
295111
295117
295123
295548
295636
295656
295843
295896
295965
295966
296046
296079
296152
296230
296245
296285
296352
296420
296493
297173
297176
297179
297465
297584
297727
297739
297805
298405
298446
298610
298628
103235
103320
103364
103401
103407
103432
103463
103518
103530
181106
183787
185086
186537
186541
186555
186566
186620
186741
186920
187000
187310
187313
189294
189926
190330
190784
190803
190859
190862
190891
190897
190916
190931
190963
190968
191178
191225
191780
191792
191793
191893
191917
192262
192439
192828
193085
193148
193154
193191
193197
193227
193240
193252
193320
193460
193461
193468
193469
193575
193584
194153
194186
194200
194266
194309
194373
194468
194516
194561
194580
194588
194601
194642
194668
194865
194889
194955
194962
194981
194988
195013
195030
195034
195186
195190
195253
195256
195257
195305
195411
195427
195428
195444
195522
195730
195749
196559
196595
196628
196643
196750
196794
196893
197100
197374
197419
197423
197424
197426
197534
197545
197548
197550
197676
197682
197694
197874
198057
198061
198108
198376
198392
198412
198561
198673
198687
198817
198829
198857
198862
198865
198866
198918
198968
199010
199015
199021
199029
199320
199599
199836
199838
200149
200547
200581
200599
200661
200692
200706
200724
200814
200844
200851
200869
200918
201238
201257
201269
201288
201326
201376
201381
201420
201442
201448
201496
201509
201513
201527
201541
201542
201554
201566
201591
201599
201615
201619
201620
201624
201625
201627
201644
201665
201677
201707
201718
201727
201766
201775
201786
201804
201815
201838
201841
201845
201896
201954
201974
202022
202048
202077
202093
202114
202136
202137
202181
202211
202244
202253
202256
202263
202293
202343
202349
202363
202364
202367
202404
202405
202408
202422
202433
202452
202473
202504
202513
202521
202734
202736
202746
202757
202778
202782
202786
202810
202813
202827
202855
202859
202868
202903
202905
202908
202916
202922
202930
202949
203059
203081
203546
203624
203752
203758
203837
203896
204061
204085
204102
204114
204176
204198
204207
204294
204313
204314
204383
204431
204467
204470
204495
204563
204578
204633
204644
205428
205438
205476
205479
205490
205531
205690
205773
205856
205892
205903
206051
206244
206333
206361
206417
206418
206490
206567
206603
206614
206621
206638
206698
206714
206795
206796
206811
206844
206916
206981
206988
207017
207040
207062
207069
207098
207106
207223
208048
209831
211043
211150
212719
213195
213207
213328
213334
213336
213393
214374
214455
217667
218080
219462
223045
227384
232160
232494
236405
236427
236645
236650
237006
238597
238681
240907
241006
241041
241043
241072
241158
241161
241163
241201
241221
241275
241289
241363
244744
245003
245007
245012
245025
245071
245440
245444
245456
245677
245711
245724
245736
245846
245882
245903
246055
246058
246588
247697
247828
248276
248570
248605
248608
248640
248799
249103
249259
251818
257355
257378
257486
257557
257725
257892
258368
258431
258578
258650
258676
258686
258979
259342
259403
259460
260447
261325
261625
261648
261997
262105
262236
262306
262307
262322
262652
262749
262885
263002
263094
263247
263266
263268
263291
263416
265360
267249
267269
267636
268504
270260
270368
270450
271291
271317
271346
271359
271375
271391
271620
271706
271710
271803
272141
272298
272335
272365
272378
272382
273048
273062
273095
273128
273154
273161
273163
273164
273176
273362
273515
273517
273692
277907
277910
288686
289556
289632
289691
289904
290342
290418
290428
290685
290894
290940
291035
291311
291337
291412
291422
291602
292985
292986
293396
293803
293933
293937
293967
293969
294105
294114
294293
294301
294448
294999
295048
295126
295599
295702
296101
296240
296424
296500
296528
296548
297129
297198
297456
297598
297705
297939
298157
298160
298404
298417
298594
298613
299165
103245
103373
103383
103390
103391
103477
183863
187419
190263
190716
190719
190810
190814
190886
190928
190966
191011
191012
191048
191277
191774
192238
192448
192566
192599
192603
192760
192844
193139
193166
193237
193310
193409
193526
193619
193940
193960
193980
194033
194074
194145
194283
194465
194665
194735
194798
194847
194861
194862
194893
194894
194928
194929
194963
194974
194984
195059
195069
195249
195268
195295
195301
195339
195429
195442
195520
195640
195656
195729
195736
196957
196962
196979
196997
197115
197129
197178
197192
197199
197200
197215
197324
197379
197540
197556
197649
198002
198552
198554
198763
198814
198993
199019
199050
199052
199408
199501
200657
200735
200742
200743
200799
200847
201251
201516
201523
201524
201573
201577
201604
201661
201708
201717
201731
201805
202086
202099
202184
202424
202430
202485
202769
202840
202858
203504
203808
204090
204122
204171
204185
204206
204267
204270
204312
204413
204414
204418
204422
204432
204472
204484
204600
206248
206294
206771
206820
206902
207003
207049
207060
207070
207091
207180
207294
208503
212256
212624
212666
213210
213335
213415
217424
217665
217830
238731
240215
240897
240900
241012
241051
241172
241220
241745
244661
245411
245560
245670
245758
248619
248651
248720
248724
249938
251639
251705
257464
257555
257574
257706
257724
258610
258671
258679
258701
260563
260610
260774
261303
262196
262197
262242
262274
262388
262514
262610
262655
262667
262778
262935
262970
263005
263015
263186
266444
266843
267163
267351
267543
268774
269295
271234
271245
271277
271284
271302
271310
271676
271730
271749
272349
272351
272384
272387
273439
273572
288647
289558
290249
290355
290402
290419
290820
290864
290866
290896
290953
291415
291444
292054
293938
294043
294461
294749
295839
186742
190332
190365
190379
192597
193064
193215
193263
193634
194155
194161
194393
194484
194485
194486
194576
194884
194939
195056
195278
196018
196955
196974
197086
197355
197622
197697
198682
198838
199097
199489
201525
201711
202261
202957
204242
204279
204299
207048
208473
212626
212879
213443
240924
248691
248733
248740
257358
257498
257733
258687
261989
262454
262456
262886
263205
271206
271321
272352
272386
273182
290880
290907
293946
294010
299055
193149
193366
193379
248656
248657
248658
248666
259498
261793
262786
