146989
147210
147370
147448
147638
150544
155289
155292
157463
146418
146616
146917
146947
146980
147005
147015
147023
147102
147149
147166
147170
147172
147198
147204
147214
147476
147591
147592
147650
148211
149950
150086
150542
151051
151260
151289
151377
151399
151605
151694
151716
151814
152033
152056
155285
155300
155304
155469
155507
155584
155761
155774
155884
156292
157462
143517
144166
146417
146420
146608
146651
146664
146681
146806
146931
146981
147001
147027
147050
147053
147065
147087
147199
147224
147303
147398
147399
147489
147533
147542
147575
147576
147577
147583
147588
147605
147607
147618
147640
148621
148622
148697
148877
148878
150511
150512
150517
150616
150743
150853
150974
150975
150998
151006
151026
151032
151061
151122
151183
151254
151287
151299
151306
151476
151507
151529
151841
151842
151870
151890
151898
152016
152025
152026
152027
152069
152070
152075
152090
152092
152354
152382
152394
152558
152755
153127
153299
155350
155521
155672
155674
155878
155883
155908
155928
156038
156119
156165
156194
156290
156336
156386
156483
156722
157509
157514
157523
158549
158575
158580
158770
158834
163387
1704
134143
134739
143515
145387
145767
145768
146390
146601
146612
146655
146656
146665
146667
146867
146915
147044
147195
147218
147246
147280
147285
147346
147556
147557
147619
147779
148593
148604
148692
148696
148827
148880
148884
148968
149294
150425
150668
150670
150969
150986
150997
150999
151000
151036
151039
151045
151119
151124
151480
151505
151531
151562
151563
151721
151799
151834
151935
151987
151990
152089
152265
152266
152393
152756
152759
153059
153237
153239
153287
153331
155064
155875
155921
155938
155963
155981
156015
156028
156030
156034
156071
156118
156125
156129
156191
156193
156272
156315
156337
156373
156543
158551
158577
158578
158605
158778
158939
162363
155277
155290
146646
146986
147024
147039
147228
147267
147349
147363
147369
147385
147543
147564
147571
150557
151011
151255
151258
151265
151381
151411
151498
151728
151889
151902
151910
151943
152005
152012
152751
152898
153129
155263
155273
155288
155471
155526
155541
155582
145436
146609
146615
146672
146932
146934
146957
146984
146987
146993
146999
147026
147058
147099
147139
147155
147163
147175
147188
147191
147197
147211
147250
147276
147396
147415
147486
147492
147507
147544
147547
147553
147559
147563
147581
147582
147585
147617
147630
147639
147647
147734
147780
148378
148569
148586
149359
150194
150533
150560
150614
150619
150973
151014
151038
151062
151156
151234
151257
151270
151276
151280
151288
151366
151394
151398
151485
151491
151494
151526
151837
151917
151920
151985
152006
152011
152031
152048
152058
152064
152298
152491
152494
152760
152841
153043
153046
153047
153240
154388
155245
155266
155281
155282
155295
155306
155309
155319
155351
155470
155631
155696
155773
155776
155847
155848
155927
155989
156122
156195
156275
156276
156370
156371
156711
158557
158736
158737
158738
158767
158780
158830
158836
138831
143463
143475
143531
144137
146603
146611
146648
146669
146786
146927
146939
146952
147008
147046
147048
147096
147098
147103
147121
147156
147190
147196
147201
147203
147215
147221
147223
147243
147275
147302
147314
147345
147395
147488
147490
147491
147493
147516
147527
147550
147551
147554
147579
147615
147635
147735
148101
148605
148833
148883
148972
150165
150484
150543
150615
150742
150803
150862
150883
150902
150953
150967
150970
151003
151010
151012
151013
151031
151034
151037
151059
151064
151099
151155
151159
151170
151190
151249
151364
151365
151477
151479
151482
151483
151495
151542
151556
151566
151724
151823
151888
151893
151895
151909
151924
151936
151963
151986
151988
151989
152038
152042
152189
152240
152242
152255
152322
152324
152381
152384
152391
152521
152626
152638
152722
152752
152857
153244
153245
153273
153312
153313
155061
155066
155068
155301
155318
155522
155697
155803
155879
155914
155926
155932
155942
155988
155998
156023
156042
156197
156209
156268
156281
156306
156308
156310
156349
156364
156405
156407
156485
156721
156723
157118
157446
157517
157534
157545
158548
158585
158612
158616
158765
158766
158833
162266
162290
162304
638
3710
133131
134722
135830
140017
141295
143490
143504
143614
143733
144134
144984
145766
145769
146401
146521
146634
146716
146869
146871
146876
147003
147160
147168
147217
147621
147641
147736
147737
148544
148592
148594
148691
148837
148950
148987
149030
150202
150424
150509
150638
150939
150943
150944
151041
151049
151058
151092
151100
151129
151134
151150
151297
151347
151499
151506
151514
151518
151525
151533
151569
151580
151800
151925
152091
152094
152186
152247
152273
152348
152421
152427
152487
152526
152725
153004
153131
153141
153235
153236
153238
153328
153505
154336
155049
155069
155196
155329
155673
155677
155910
155980
155994
156041
156137
156185
156201
156261
156263
156264
156410
156460
157425
157451
157521
157557
158363
158576
158604
158609
158610
158613
158614
158703
158757
158760
158827
159158
162326
162330
162516
163622
146617
147237
147371
147374
147461
147593
147603
150545
151278
151374
152730
155242
155251
155389
155497
155570
146647
146673
146943
146949
146958
146969
146971
147033
147034
147035
147182
147213
147261
147262
147339
147379
147383
147416
147479
147484
147503
147541
147549
147566
147580
147599
147624
147636
147651
147723
147727
147761
148213
148214
150085
150090
150159
150483
150551
151005
151060
151152
151245
151269
151272
151281
151285
151286
151292
151388
151420
151444
151449
151469
151487
151689
151713
151720
151748
151760
151839
151846
151864
151866
151869
151905
151951
151957
151982
151997
152001
152076
152113
152253
152386
152508
152559
152714
152715
152716
152785
155219
155244
155254
155278
155279
155286
155291
155305
155320
155379
155500
155546
155549
155555
155580
155591
155611
155652
155684
155740
155771
155781
155840
155971
155975
156003
157498
157533
158558
158623
158777
158835
158896
158938
159151
143499
143518
145021
146416
146606
146663
146670
146785
146787
146881
146882
146920
146941
146950
146951
146978
147006
147007
147029
147032
147047
147070
147100
147140
147143
147152
147161
147169
147178
147260
147290
147323
147324
147364
147390
147411
147499
147535
147632
147637
147665
147690
147718
147778
148370
148575
148820
148822
148967
149000
149048
149161
149181
149358
149729
150087
150385
150562
150625
150674
150812
150956
150968
151004
151033
151050
151065
151068
151108
151111
151112
151118
151157
151172
151233
151261
151262
151303
151311
151315
151386
151387
151392
151400
151450
151452
151472
151489
151490
151496
151497
151504
151509
151510
151530
151538
151606
151688
151695
151725
151727
151796
151812
151828
151838
151904
151950
151955
151959
151960
151993
151996
152004
152014
152018
152036
152055
152057
152099
152184
152241
152477
152522
152525
152645
152646
152697
152750
152754
152757
153044
153045
153241
153315
153374
155189
155191
155280
155293
155302
155317
155337
155338
155391
155464
155516
155517
155524
155543
155554
155587
155592
155598
155622
155698
155753
155800
155849
155851
155853
155881
155911
155916
155920
155923
155972
155976
155999
156008
156031
156032
156081
156293
156335
156355
156366
156379
156720
157447
157508
157531
158402
158530
158559
158579
158607
158617
162261
162310
162358
134706
134728
135918
140834
143379
143381
143462
143492
143505
145022
145600
146377
146386
146387
146411
146435
146500
146516
146607
146675
146693
146839
146872
146873
146938
147030
147051
147075
147093
147144
147189
147192
147194
147242
147284
147400
147494
147496
147502
147505
147528
147534
147572
147578
147614
147626
147796
148379
148543
148598
148680
148823
148902
148956
148969
148998
148999
149047
149854
149951
150422
150436
150547
150617
150618
150626
150630
150669
150806
150949
151024
151063
151102
151103
151125
151132
151174
151176
151177
151196
151253
151346
151391
151393
151396
151481
151492
151511
151512
151516
151548
151715
151744
151793
151801
151803
151822
151824
151896
151915
151954
152013
152052
152059
152071
152105
152269
152276
152320
152398
152488
152489
152539
152540
152550
152644
152741
152749
153028
153134
153243
153276
153280
153317
153375
154900
154947
155071
155073
155188
155222
155360
155594
155606
155610
155621
155646
155668
155670
155689
155716
155909
155918
156000
156005
156059
156079
156080
156123
156164
156303
156342
156353
156393
156399
157454
157507
157526
157532
157539
157540
157546
158200
158350
158378
158544
158564
158601
158761
158828
158867
158877
158895
158900
159131
642
3111
6825
135907
137618
137691
138227
138666
138723
138834
140413
140414
140452
140455
140458
140831
141688
143461
143467
143489
143536
143590
143593
143662
144108
144162
144176
144632
144696
144978
145273
146148
146150
146391
146421
146518
146596
146598
146640
146715
146749
146750
146782
146798
146877
147011
147091
147193
147220
147247
147279
147573
147667
147732
147738
147749
148479
148559
148576
148690
148758
148802
148812
148828
148838
148925
148994
148995
149001
149009
150645
150663
150676
150764
150819
150836
150852
150908
150938
151008
151040
151066
151101
151178
151185
151201
151250
151561
151821
151825
151835
151894
151914
152097
152263
152321
152379
152431
152545
153157
153158
153279
153333
153335
153343
153699
155063
155218
155669
155693
155930
155944
155990
155993
156060
156083
156170
156196
156202
156213
156321
156359
156368
156400
156409
156477
156514
156541
157522
157556
158023
158024
158327
158413
158424
158545
158591
158600
158611
158632
158637
158648
158691
158700
158739
158795
158808
158942
159148
162260
162267
162286
162317
162321
162325
166225
167743
168379
146604
146922
146991
146992
147037
147071
147134
147264
147413
147468
147565
147601
147604
147652
148375
149979
150049
150520
150553
150556
150564
150605
151158
151284
151316
151378
151415
151416
151468
151691
151746
151849
151876
152500
152510
152728
155232
155243
155246
155264
155275
155366
155494
155556
155585
155762
155896
157483
143496
143533
146409
146605
146610
146650
146660
146671
146682
146683
146907
146928
146946
146955
146956
146973
146995
147056
147061
147141
147154
147200
147226
147227
147258
147263
147266
147268
147272
147273
147300
147301
147309
147315
147327
147342
147350
147368
147386
147402
147474
147483
147485
147487
147498
147518
147540
147548
147555
147560
147597
147598
147646
147648
147663
147691
147726
147729
147755
147764
147781
148353
148356
148562
148581
149130
149132
149133
149172
149252
149360
149363
149679
149713
149952
149997
149999
150083
150126
150160
150386
150531
150536
150550
150558
150559
150565
150608
151114
151121
151220
151236
151240
151241
151247
151273
151274
151290
151293
151314
151370
151371
151385
151429
151443
151445
151448
151453
151467
151470
151486
151501
151517
151570
151571
151581
151627
151628
151696
151698
151706
151717
151719
151731
151736
151811
151813
151815
151818
151848
151886
151887
151900
151903
151934
151952
151977
151980
151984
151995
151998
152002
152010
152015
152017
152114
152152
152254
152385
152387
152390
152434
152490
152497
152498
152505
152552
152637
152720
152729
152801
152825
152894
152952
153054
153128
153249
153250
153311
153382
154383
155033
155044
155221
155224
155235
155252
155267
155270
155284
155323
155348
155377
155445
155447
155501
155502
155504
155518
155519
155523
155558
155559
155586
155590
155602
155690
155701
155720
155725
155752
155768
155777
155778
155805
155806
155839
155845
155904
156039
156121
156365
156385
158758
158779
158837
158861
162309
137754
141692
143468
143535
144115
145376
146378
146414
146415
146633
146636
146668
146684
146719
146795
146805
146878
146889
146908
146925
146953
146994
147009
147014
147028
147066
147068
147074
147076
147077
147082
147084
147085
147118
147120
147167
147173
147186
147225
147248
147249
147251
147254
147308
147356
147394
147480
147482
147525
147529
147532
147539
147628
147682
147722
147728
147733
148077
148226
148371
148377
148591
148835
148868
148959
149174
150059
150373
150518
150535
150613
150647
150741
150804
150954
150955
151001
151052
151123
151133
151151
151153
151160
151173
151235
151251
151279
151296
151300
151305
151307
151312
151330
151331
151349
151390
151397
151410
151419
151451
151473
151513
151521
151522
151534
151575
151604
151608
151611
151704
151707
151762
151785
151790
151798
151802
151809
151844
151863
151938
151958
151964
151965
151981
152053
152065
152066
152078
152093
152122
152125
152143
152185
152187
152361
152378
152399
152470
152474
152501
152682
152684
152694
152706
152723
152761
152763
152778
152800
152802
152873
152875
153003
153086
153130
153132
153140
153248
153303
153314
153362
153369
153398
153542
154332
154381
155029
155042
155074
155076
155099
155100
155249
155265
155307
155326
155331
155332
155359
155363
155520
155548
155581
155588
155603
155607
155609
155618
155619
155625
155632
155636
155640
155644
155648
155665
155695
155700
155702
155704
155714
155719
155763
155838
155874
156001
156002
156124
156172
156266
156304
156344
156383
156408
157452
157465
157504
157506
157535
157552
157697
157698
158028
158379
158543
158608
158768
158829
158844
158897
158898
158925
159162
162357
134711
134717
134733
134740
138066
140450
143125
143298
143466
143503
145431
145439
146301
146384
146429
146486
146491
146493
146517
146554
146555
146556
146594
146602
146635
146641
146642
146676
146754
146770
146784
146799
146833
146834
146835
146840
146846
146985
147067
147108
147119
147142
147165
147222
147277
147291
147387
147388
147795
147828
148182
148210
148380
148563
148577
148579
148590
148596
148600
148694
148752
148755
148807
148860
148869
148962
148983
148990
148991
149003
149131
149593
150163
150337
150338
150596
150644
150659
150671
150679
150690
150931
150933
151054
151117
151179
151191
151195
151197
151210
151304
151344
151363
151478
151500
151527
151539
151557
151969
151970
152077
152124
152246
152248
152249
152274
152350
152392
152495
152537
152590
152693
152696
152827
152849
153001
153027
153060
153171
153278
153296
153298
153324
153354
153372
153376
153669
154946
154950
155030
155045
155059
155187
155234
155314
155547
155616
155638
155647
155685
155703
155905
155915
156004
156006
156033
156037
156072
156136
156210
156307
156334
156394
156418
156547
156702
157182
157445
157448
157505
157529
158329
158390
158418
158553
158572
158584
158630
158769
158771
158822
158909
158910
159132
159144
162288
162296
162355
162356
162983
163077
163080
1673
5688
14437
14484
133396
134774
135895
137985
138495
140248
140365
143413
143418
143457
143459
143493
143495
143543
143582
144167
144193
144214
144391
144496
144638
144979
145221
145683
145705
146192
146258
146304
146434
146464
146468
146528
146553
146595
146792
146794
146841
146842
147104
147106
147114
147293
147574
147683
147684
147842
148265
148266
148560
148578
148689
148859
148861
148930
148971
148996
149005
149008
149013
149292
149293
150046
150201
150649
150655
150677
150838
150899
150934
150937
151067
151069
151135
151136
151139
151184
151192
151358
151515
151833
151972
152136
152232
152235
152243
152272
152485
153138
153162
153284
153288
153291
153297
153342
153520
153521
153652
153807
153886
154337
154852
154888
155043
155067
155596
155617
155663
155667
155671
155913
155945
156014
156058
156062
156128
156143
156149
156199
156265
156350
156539
156574
156710
156893
157426
157430
157547
158021
158031
158032
158328
158392
158417
158428
158588
158590
158602
158621
158774
158893
159397
162513
166275
172037
174046
361466
362634
146827
146945
146959
146975
146976
146977
146996
147036
147038
147040
147042
147057
147072
147078
147133
147135
147179
147180
147269
147313
147326
147372
147373
147410
147466
147467
147469
147524
147568
147570
147600
147660
147724
147787
147788
148225
148369
148386
149110
149163
149180
149949
149981
150027
150534
150563
150606
151267
151277
151319
151432
151455
151461
151463
151471
151660
151674
151679
151693
151718
151732
151743
151749
151789
151847
151860
151868
151907
152115
152116
152360
152475
152524
152528
152618
152683
152717
152743
152787
152794
152893
152899
152911
152953
153063
153125
153309
155077
155104
155248
155250
155255
155274
155283
155316
155368
155385
155393
155422
155491
155525
155540
155542
155544
155569
155578
155583
155730
155737
155738
155743
155751
155764
155770
155772
155783
155787
155814
155815
155846
155857
155888
155890
155898
158847
158865
140468
141691
143488
143497
146310
146358
146385
146412
146525
146618
146645
146649
146678
146720
146883
146888
146898
146900
146916
146921
146926
146963
146970
146974
147043
147054
147055
147063
147079
147086
147127
147145
147151
147153
147241
147310
147329
147340
147341
147347
147348
147355
147366
147367
147403
147409
147412
147421
147447
147455
147475
147495
147526
147706
147725
148212
148223
148366
148821
149045
149061
149066
149067
149074
149099
149101
149346
149357
149362
149712
149819
149980
150084
150095
150115
150123
150135
150153
150162
150191
150193
150195
150196
150336
150383
150388
150513
150529
150532
150540
150813
151107
151113
151141
151154
151169
151226
151230
151232
151244
151266
151298
151301
151308
151310
151376
151389
151405
151418
151434
151465
151502
151532
151576
151593
151614
151624
151625
151633
151662
151672
151697
151703
151708
151712
151726
151757
151761
151832
151845
151872
151879
151885
151939
151961
151992
152003
152024
152054
152072
152102
152109
152158
152190
152278
152296
152339
152368
152371
152476
152478
152492
152493
152507
152515
152520
152568
152633
152635
152648
152707
152781
152782
152783
152798
152799
152847
152891
152939
152943
153006
153010
153042
153056
153071
153074
153113
153356
153395
154335
154379
155075
155102
155112
155126
155152
155213
155227
155233
155247
155268
155308
155353
155378
155387
155390
155427
155428
155492
155498
155561
155562
155613
155628
155659
155710
155726
155729
155735
155741
155742
155760
155767
155775
155780
155885
155897
155900
155901
155903
155917
155919
155925
156007
156078
156120
156270
156345
156375
156717
156745
157510
157550
157553
157554
158026
158556
158619
158626
158772
158926
158935
158937
159149
162299
134713
134714
134715
134726
138679
141685
143119
143470
143527
146253
146303
146405
146413
146515
146523
146619
146674
146804
146874
146880
146914
146937
146979
147017
147083
147177
147187
147244
147245
147306
147344
147405
147681
147712
147747
147771
147797
147852
148588
148595
148748
148794
148845
148858
148899
148923
148957
148958
148970
149020
149031
149034
149046
149176
149178
149182
149186
149326
149343
149345
149354
149356
149591
149823
149953
149987
150009
150131
150205
150312
150418
150439
150488
150489
150639
150673
150805
150807
150815
150942
151002
151104
151115
151120
151168
151194
151246
151275
151291
151294
151295
151321
151322
151350
151537
151572
151577
151582
151583
151594
151595
151613
151692
151705
151745
151797
151836
151871
151911
151922
151923
151945
151962
151967
151991
152044
152082
152084
152095
152104
152108
152123
152137
152239
152314
152355
152541
152543
152689
152695
152698
152768
152819
152834
152851
152858
152936
153002
153007
153058
153161
153307
153332
153394
153806
154333
154384
154403
154634
154775
154954
155015
155200
155210
155214
155220
155287
155325
155330
155339
155340
155342
155345
155347
155467
155593
155660
155682
155683
155687
155804
155850
155873
155902
155924
155943
155970
156200
156215
156313
156369
156382
156406
156542
156709
156715
156718
156756
156834
157351
158346
158352
158356
158504
158542
158622
158629
158823
158839
158863
158864
159163
14436
134707
138494
138681
138685
140268
140454
141689
143487
143514
143520
143588
143640
143657
144238
145005
146204
146256
146298
146306
146375
146393
146402
146454
146462
146492
146502
146520
146688
146714
146733
146739
146791
146808
146838
147010
147092
147097
147157
147158
147159
147406
147531
147699
147791
147794
148217
148420
148554
148606
148749
148751
148801
148805
148867
148870
148871
148900
148914
149002
149012
149026
149033
149043
149295
150200
150204
150371
150437
150637
150680
150786
150814
150858
150863
150898
150901
150907
150909
150912
150932
150940
151144
151149
151224
151302
151327
151345
151351
151352
151367
151612
151826
151968
151971
152098
152100
152138
152236
152237
152258
152277
152299
152353
152429
152430
152483
152486
152502
152544
152549
152742
152766
152805
152826
152839
152842
153355
153380
153381
153397
153538
153698
153892
154342
154769
154880
154909
154938
155011
155031
155327
155595
155604
155639
155666
155680
155686
155715
155868
155912
155922
155931
155954
155997
156043
156044
156145
156208
156343
156384
156503
156513
156571
156575
156826
156886
156891
157353
157431
157453
157558
157691
158357
158358
158401
158404
158406
158412
158459
158546
158583
158586
158596
158618
158638
158654
158655
158683
158702
158825
158866
158868
158875
158911
159395
162287
162300
637
1412
1675
3413
11229
133165
133180
134716
135305
136046
137755
137987
138667
140262
140461
140837
140838
140907
141686
141690
143402
143478
143569
143585
143595
143616
143617
143622
144067
144107
144209
144319
144383
144793
145006
145374
145596
145704
146088
146216
146299
146354
146389
146461
146467
146470
146512
146536
146548
146751
146847
146853
147013
147294
147731
147824
148268
148444
148650
148726
148806
148836
148846
148855
149044
149850
149851
150164
150197
150445
150640
150791
150849
150860
150867
150911
150923
150926
150927
151070
151146
151148
151181
151565
152085
152230
152257
152275
152365
152400
152405
152416
152418
153137
153275
153320
153329
153396
153541
153900
154631
154780
154782
154788
154889
154897
154937
154944
154948
154955
154956
155051
155664
155869
155872
155953
155965
156035
156138
156139
156141
156150
156152
156153
156171
156198
156323
156481
156566
156580
156597
156876
157130
157138
157450
157725
158030
158330
158359
158361
158386
158391
158483
158547
158594
158663
158873
158879
158890
158902
159094
159388
159465
162303
162987
165479
166274
359522
361214
361412
141693
146361
146365
146721
146829
146901
146909
146936
146940
146944
146948
146964
147021
147031
147062
147129
147136
147137
147147
147148
147162
147184
147256
147265
147270
147274
147312
147316
147317
147359
147360
147361
147384
147418
147419
147420
147457
147561
147602
147629
147658
147696
147705
147762
147785
148354
148359
148365
149160
149164
149715
149780
149893
149976
149978
149998
150013
150032
150033
150047
150050
150068
150091
150093
150096
150112
150114
150132
150136
150161
150481
150537
150541
150549
150552
150566
150595
151229
151238
151271
151335
151339
151368
151372
151375
151382
151384
151401
151409
151414
151421
151422
151430
151435
151447
151454
151466
151623
151626
151668
151673
151676
151677
151678
151680
151684
151709
151729
151740
151750
151754
151787
151867
151873
151906
151908
151921
151944
151947
151956
151979
152153
152155
152304
152335
152341
152356
152455
152472
152503
152506
152519
152527
152529
152530
152538
152554
152575
152583
152597
152598
152634
152732
152784
152796
152859
152868
152887
152888
152895
152896
152905
152906
152909
152915
152921
152955
153103
153122
153160
153261
153310
155078
155088
155095
155105
155108
155125
155127
155146
155147
155228
155253
155257
155262
155269
155272
155336
155349
155355
155361
155362
155364
155365
155369
155374
155388
155392
155396
155423
155430
155454
155489
155499
155511
155550
155568
155571
155577
155748
155749
155757
155782
155786
155792
155813
155823
155836
155858
155860
156724
157487
157489
158624
158685
158838
158928
158930
140833
143444
143498
144215
145204
145437
146307
146319
146357
146362
146368
146380
146381
146383
146392
146404
146410
146510
146524
146644
146685
146689
146699
146717
146879
146924
146942
146998
147019
147128
147202
147238
147255
147307
147322
147351
147397
147401
147536
147657
147662
147664
147717
147721
147763
147777
148224
148227
148363
148376
148895
148964
148965
148973
148975
148977
149018
149059
149128
149162
149169
149173
149179
149240
149324
149344
149352
149355
149781
149982
150010
150130
150139
150192
150207
150410
150594
150811
150941
151109
151116
151164
151166
151167
151175
151219
151221
151239
151329
151362
151373
151383
151407
151427
151431
151464
151475
151543
151596
151599
151609
151619
151621
151632
151663
151665
151670
151699
151701
151710
151734
151774
151777
151779
151780
151792
151816
151840
151884
151942
151974
151983
152043
152073
152074
152110
152112
152141
152167
152192
152213
152252
152267
152268
152303
152315
152318
152319
152357
152363
152389
152395
152436
152450
152509
152553
152557
152649
152699
152704
152710
152724
152747
152748
152767
152769
152774
152788
152789
152791
152824
152871
152872
152931
152935
152938
152941
152957
153014
153051
153057
153072
153073
153092
153114
153126
153230
153260
153300
153301
153363
153379
153406
153416
154378
154380
155020
155038
155090
155149
155157
155223
155226
155231
155258
155310
155335
155343
155346
155386
155463
155465
155510
155553
155564
155597
155599
155615
155623
155624
155626
155629
155630
155633
155651
155654
155705
155707
155712
155718
155758
155759
155765
155766
155831
155837
155871
155973
156077
156148
156271
156374
156390
156707
156719
156732
157464
157466
158351
158620
158694
158843
158860
158862
158904
158905
158908
158917
134712
134727
134775
138704
141687
143437
143525
143528
143534
144204
145706
145788
146217
146296
146370
146371
146372
146374
146382
146458
146511
146513
146526
146802
146836
146837
146884
146885
146904
146919
147018
147094
147343
147408
147414
147517
147687
147710
147711
147713
147730
147748
147774
147775
147804
148099
148206
148209
148219
148230
148267
148580
148601
148746
148754
148863
148882
148894
148916
148963
148986
149058
149063
149077
149129
149165
149177
149187
149333
149390
149678
149807
149855
149860
150014
150018
150384
150409
150526
150610
150917
151142
151161
151193
151198
151215
151248
151341
151348
151406
151564
151602
151637
151755
151776
151810
151820
151830
151831
151994
152000
152079
152103
152120
152139
152140
152156
152176
152188
152238
152251
152295
152297
152313
152325
152396
152407
152428
152523
152625
152627
152636
152658
152679
152685
152705
152708
152709
152762
152806
152829
152833
152844
152869
152870
153078
153084
153090
153139
153234
153283
153364
153371
153373
153377
153421
154334
154386
154387
154404
154781
154896
154918
155004
155039
155055
155098
155184
155203
155321
155620
155635
155641
155649
155801
155852
155867
155967
156036
156173
156174
156346
156357
156392
156486
156712
157115
157153
157154
157469
157555
157559
157564
157699
158376
158393
158471
158472
158529
158540
158541
158555
158592
158701
158817
158840
158894
158901
159134
162311
162354
1672
5687
5757
6824
133402
137756
137949
138563
138637
138730
138817
140009
140420
140440
143132
143382
143438
143522
143589
143639
144171
144172
144191
144199
144724
145020
146000
146018
146110
146205
146243
146249
146254
146257
146302
146316
146487
146557
146559
146638
146639
146756
146778
146790
146807
146809
146855
146892
147012
147069
147289
147305
147745
147826
147829
147841
148218
148455
148693
148747
148872
148890
148901
148960
149004
149010
149015
149296
149325
149335
149853
150198
150211
150297
150355
150490
150642
150643
150657
150675
150793
150837
150861
150903
151043
151208
151325
151579
151772
151773
151966
152083
152096
152106
152119
152294
152349
152358
152419
152484
152542
153031
153290
153325
153327
153393
153651
153689
153800
154340
154767
154856
154926
154927
154945
155046
155048
155058
155065
155201
155217
155322
155653
155661
155681
155688
155906
155956
156216
156367
156417
156526
156544
156573
156587
156697
156714
156755
156810
157116
157190
157633
157647
158022
158066
158353
158362
158388
158441
158468
158469
158511
158587
158599
158689
158695
158882
158889
158914
159126
159150
159156
159396
162268
162990
168455
359553
360605
1676
6585
7860
8351
14412
133159
133387
134720
135432
135947
137986
137988
138081
138596
138597
138682
138840
140272
140410
140415
140417
140795
140809
141707
143316
143425
143442
143734
144795
145438
145660
145673
145703
145752
145823
145996
146128
146388
146436
146473
146527
146549
146571
146735
147107
147720
147750
147839
148453
148456
148759
148864
148866
148889
148913
148993
149081
149858
150183
150225
150300
150420
150438
150441
150627
150782
150792
150844
150856
150914
151094
151356
152346
152408
152425
153169
153174
153318
153401
153537
153540
153668
153808
153897
154111
154376
154396
154397
154492
154673
154791
154853
154859
154908
154930
154940
154942
155198
155960
155964
156061
156074
156144
156569
156570
156576
156617
156703
157111
157191
157221
157346
157569
158147
158419
158503
158561
158562
158912
159089
159421
162284
162518
162793
169677
170423
360096
362631
146704
146828
146887
146899
146902
146954
146961
147138
147146
147150
147185
147257
147333
147336
147380
147423
147458
147472
147481
147653
147659
147719
147754
147767
147782
147993
148131
148966
149069
149140
149246
149273
149340
149347
149353
149365
149369
149370
149372
149379
149677
149680
149724
149728
149733
149734
149763
149814
149817
149833
149862
149874
149875
149977
149996
150002
150003
150011
150012
150029
150030
150044
150077
150088
150089
150094
150120
150138
150154
150157
150319
150413
150538
150604
150607
150620
151231
151237
151243
151264
151268
151282
151313
151336
151403
151423
151436
151442
151620
151631
151658
151661
151675
151683
151685
151700
151737
151747
151751
151758
151763
151791
151850
151853
151854
151855
151861
151916
151940
151948
151973
151976
151978
152037
152161
152166
152306
152369
152437
152514
152531
152555
152594
152596
152599
152600
152604
152609
152615
152617
152711
152712
152719
152727
152731
152746
152786
152815
152817
152820
152862
152886
152890
152897
152904
152907
152908
152912
152927
152934
152951
152958
153052
153053
153089
153116
153252
153259
153666
155026
155082
155089
155103
155124
155128
155165
155209
155229
155259
155271
155334
155344
155354
155357
155380
155398
155399
155426
155429
155441
155442
155444
155446
155448
155460
155462
155537
155538
155539
155545
155557
155579
155627
155656
155658
155706
155731
155739
155746
155754
155769
155788
155802
155825
155830
155835
155844
155889
155974
156725
157472
157499
158333
158380
158538
158821
140835
143465
143469
143477
143519
143532
144213
146250
146309
146356
146360
146364
146503
146519
146643
146686
146692
146702
146703
146711
146722
146815
146825
146826
146831
146886
146890
146903
146905
146911
146966
146997
147016
147064
147073
147122
147252
147253
147299
147562
147661
147686
147692
147697
147702
147704
147756
147793
147827
147883
147896
148220
148253
148259
148260
148381
148416
148419
148856
148896
148922
149017
149068
149100
149114
149134
149241
149245
149319
149371
149373
149374
149385
149388
149714
149820
149822
149866
149988
149994
150034
150045
150060
150181
150313
150316
150333
150387
150391
150411
150412
150471
150472
150476
150482
150491
150573
150591
150621
150623
151143
151163
151535
151536
151578
151586
151592
151603
151622
151664
151690
151735
151738
151765
151771
151875
151949
151975
152045
152126
152151
152154
152157
152160
152175
152177
152182
152183
152198
152300
152302
152312
152336
152342
152370
152372
152388
152397
152435
152448
152463
152535
152548
152586
152595
152631
152647
152654
152680
152701
152770
152780
152814
152832
152846
152933
152942
152956
152996
153017
153077
153087
153108
153133
153302
153361
153400
153409
153414
153743
154206
154208
154315
154330
154385
154393
154411
154924
155019
155023
155027
155028
155032
155034
155040
155047
155053
155109
155110
155155
155225
155315
155324
155328
155333
155341
155367
155466
155505
155506
155528
155529
155531
155536
155563
155608
155612
155614
155634
155642
155650
155657
155699
155708
155744
155843
155895
155907
156076
156716
156742
157474
157485
157486
158020
158455
158517
158627
158842
158859
158921
158922
158927
159152
159155
162298
162305
6840
134141
134725
135274
135902
138680
143134
143441
143443
143485
143523
143526
143529
146308
146353
146355
146373
146376
146446
146450
146451
146485
146508
146514
146522
146632
146637
146662
146734
146757
146822
146875
146913
147176
147295
147304
147407
147656
147709
147714
147805
147846
147880
148094
148097
148141
148198
148228
148651
148793
148811
148813
148814
148830
148897
148919
149022
149055
149064
149070
149071
149078
149183
149336
149337
149375
149594
149665
149736
149806
149865
150058
150307
150324
150382
150389
150435
150494
150528
150611
150905
151105
151574
151584
151600
151607
151778
151953
152047
152087
152107
152250
152377
152432
152449
152481
152482
152686
152764
152779
152831
152848
152966
152982
152984
153005
153023
153032
153085
153159
153246
153264
153282
153308
153673
153889
154377
154407
154413
154923
154949
154953
155021
155052
155056
155057
155060
155148
155530
155574
155645
155694
155713
155717
155842
155870
155929
156073
156312
156351
156352
156356
156376
156378
156389
156581
156628
156701
156708
156713
156743
156822
157186
157352
157468
157503
157551
157565
158465
158518
158816
158818
158913
159154
162301
134776
135165
135386
135419
135896
135900
137939
138729
143116
143483
143524
143564
144537
145220
145661
145684
145800
146001
146008
146029
146111
146160
146223
146248
146305
146403
146448
146459
146466
146496
146529
146570
146713
146736
146776
146810
147286
147287
147288
147700
147716
147746
147816
147822
147823
147838
147845
148078
148195
148233
148451
148722
148762
148810
148819
148862
148917
148992
148997
149032
149065
149079
149175
149592
149595
149852
149856
149859
150174
150206
150224
150301
150331
150624
150658
150802
150857
150864
150894
150915
151324
151359
152046
152173
152211
152344
152351
152413
152417
152661
152690
152828
152830
152840
153000
153164
153173
153207
153365
153420
153630
153653
153747
154331
154343
154398
154399
154473
154893
154928
154939
155202
155955
156065
156207
156311
156348
156564
156578
156588
156596
156624
156687
156705
156804
156816
156821
156823
156831
156841
157113
157140
157183
157449
157562
157672
157687
158397
158403
158464
158475
158653
158657
158692
158880
158886
158903
158916
159394
162274
166224
168433
360922
361340
361479
362689
8388
8393
14985
133185
133187
133189
133341
133342
133395
133838
134151
134718
135164
135441
135721
135915
135966
137706
137806
137969
138065
138591
138668
138715
138722
138818
140465
140813
143401
143440
143510
143586
143625
143629
143659
144060
144104
144113
144138
144531
144691
145446
145583
145638
145650
145655
145682
145748
145781
145789
146016
146109
146120
146124
146132
146176
146181
146202
146471
146551
146558
146766
146843
147815
148454
148721
148761
148808
148818
148915
148918
150227
150442
150463
150681
150691
150694
150785
150816
150855
151093
153191
153353
153482
153539
153649
153670
153811
153828
153894
153895
154092
154093
154187
154494
154776
154811
154837
154842
154858
154894
155679
156013
156147
156151
156203
156425
156554
156565
156620
156635
156692
156805
156846
157049
157228
157350
157635
157925
157985
158033
158123
158146
158195
158302
158315
158387
158422
158496
158597
158814
158881
158888
158892
159082
159091
159466
160776
162275
165321
165480
166272
167792
360620
360786
362658
144216
144221
146312
146318
146339
146342
146363
146407
146918
146923
146972
147022
147123
147130
147332
147335
147365
147417
147422
147441
147470
147537
147538
147693
147703
147759
147770
147786
148080
148203
148349
148355
148361
148387
148797
148857
149050
149052
149102
149118
149125
149152
149184
149211
149255
149260
149282
149367
149682
149689
149723
149732
149764
149783
149787
149826
149877
149887
149958
149984
149986
149991
149995
150001
150005
150015
150019
150035
150038
150066
150067
150075
150078
150113
150125
150127
150156
150492
150521
150575
150600
151165
151222
151228
151242
151263
151309
151318
151369
151402
151428
151456
151462
151634
151636
151645
151647
151659
151671
151711
151730
151759
151786
151865
151941
151946
152150
152162
152209
152307
152311
152340
152375
152439
152480
152513
152565
152566
152574
152576
152585
152588
152589
152603
152616
152688
152737
152771
152773
152777
152790
152795
152797
152804
152818
152867
152879
152880
152903
153011
153041
153049
153061
153062
153068
153070
153075
153093
153100
153105
153106
153115
153121
153123
153218
153251
153262
153274
153306
153411
154382
155000
155005
155037
155083
155084
155097
155161
155162
155163
155164
155176
155256
155311
155356
155413
155420
155431
155439
155459
155476
155481
155503
155514
155560
155600
155709
155711
155721
155733
155734
155745
155791
155793
155799
155854
155892
155894
156387
156739
156740
156747
157475
157496
158324
158430
158536
158841
158857
158858
158872
158934
158936
135899
140836
141694
143491
144202
144203
145708
146314
146315
146359
146449
146506
146687
146830
146832
146894
146906
147020
147081
147353
147354
147358
147695
147742
147758
147792
147801
147807
147825
147851
147853
147881
147894
147903
148089
148202
148204
148222
148264
148325
148352
148357
148561
148785
148798
148891
148921
148978
148979
149075
149097
149105
149117
149127
149171
149283
149312
149341
149497
149506
149510
149605
149710
149730
149739
149812
149827
149876
149899
149954
149960
149985
150129
150152
150187
150188
150309
150339
150381
150390
150392
150453
150495
150539
150597
150598
150599
150609
150808
150809
150810
150895
150897
150918
151209
151227
151404
151474
151523
151573
151585
151635
151733
151756
151764
151775
151783
151859
151874
152111
152117
152118
152159
152165
152168
152207
152214
152218
152224
152301
152316
152317
152359
152374
152433
152440
152460
152499
152584
152650
152653
152676
152681
152691
152700
152703
152765
152803
152835
152845
152855
152874
152882
152963
152981
152983
152997
153029
153033
153082
153088
153101
153104
153107
153117
153233
153304
153367
153370
153378
153383
153392
153399
153407
153412
153413
153418
153459
153460
153672
153822
154201
154205
154316
154322
154394
154633
154771
154914
154917
154999
155025
155035
155041
155153
155166
155171
155204
155206
155212
155358
155551
155637
155747
155794
155865
155887
155893
156354
156380
156388
156559
157467
157484
157497
157500
157501
157560
158325
158395
158396
158429
158456
158457
158516
158660
158923
159153
159164
5686
6842
15055
138609
138675
140451
140470
144200
145637
145658
145802
146235
146252
146295
146300
146379
146498
146501
146509
146677
146712
146724
146803
146891
146893
146896
147088
147404
147701
147772
147832
147833
147912
148092
148180
148192
148221
148417
148723
148753
148763
148795
148800
148961
149051
149056
149166
149253
149308
149313
149389
149711
149955
149961
150168
150208
150209
150290
150323
150330
150334
150340
150358
150417
150421
150431
150473
150525
150612
150854
150906
150910
150925
150930
151106
151140
151355
151669
151769
152121
152142
152171
152172
152233
152292
152446
152655
152656
152657
152673
152775
152792
152850
152998
153030
153083
153216
153266
153277
153281
153357
153358
153667
153690
153692
153709
153710
153888
153890
154116
154188
154247
154328
154329
154895
154952
155012
155014
155022
155050
155054
155208
155589
156347
156629
156630
156812
156817
156820
156931
157042
157114
157354
157542
157544
157561
157696
157702
157716
157876
157929
158027
158029
158034
158306
158394
158461
158501
158521
158526
158656
158658
158819
158826
11135
14423
133340
133839
134158
137992
138236
138595
138607
138880
140794
140797
141697
143538
143746
144225
144267
145176
145801
145922
145990
146027
146054
146126
146149
146255
146266
146286
146291
146488
146772
146774
146895
147800
147840
147891
147909
147937
148140
148234
148243
148269
148280
148452
148695
148760
148803
148920
148988
149298
149329
149857
150199
150230
150289
150322
150325
150354
150428
150440
150446
150447
150464
150475
150900
151214
151323
151328
151784
152231
152364
152366
152643
152978
153080
153267
153344
153687
153691
153812
153819
153820
153858
153891
153896
153954
154249
154353
154437
154622
154843
154854
154857
154919
154925
154951
156064
156214
156217
156538
156567
156568
156577
156579
156583
156606
156618
156651
156696
156704
156811
156819
156827
156832
156836
157068
157135
157324
157344
157541
157726
157727
157800
158115
158121
158348
158477
158494
158515
158554
158598
158682
158687
158688
158874
158878
158887
159390
160782
361212
6065
6572
6588
8386
11235
15050
18446
133400
133988
134777
135602
135906
135956
135971
137805
137842
138677
140296
140416
140770
141704
143501
143649
143654
143747
144262
144270
144634
144688
145205
145670
145671
145745
145795
145798
145871
145988
145989
146012
146013
146017
146053
146070
146101
146118
146123
146147
146218
146245
146427
146442
146443
146497
146552
146627
146758
146777
147089
147953
148183
148418
148424
148425
148607
148725
148738
148739
148765
148865
149554
149562
150169
150171
150288
150299
150459
150845
150921
152080
152212
153224
153268
153467
153794
153804
153815
153846
153912
153924
154186
154339
154493
154500
154804
154879
154935
156238
156422
156435
156562
156592
156598
156613
156619
156644
156654
156807
156808
156843
156844
156862
156874
157043
157059
157085
157127
157184
157229
157361
157640
157690
157926
158053
158305
158354
158500
158824
158915
158960
159090
159110
159166
160778
161009
162816
163965
163973
168532
359557
360678
361469
362519
136018
143445
143476
146343
146507
146690
146695
146910
147239
147271
147330
147357
147454
147465
147497
147655
147707
147708
147751
147752
147753
147768
147789
147855
148090
148201
148236
148275
148358
148368
148385
148388
148980
149072
149084
149095
149103
149111
149141
149154
149185
149210
149216
149235
149242
149247
149248
149251
149254
149256
149258
149284
149290
149321
149322
149351
149376
149381
149386
149397
149403
149468
149604
149654
149686
149704
149735
149748
149767
149782
149789
149791
149818
149825
149828
149830
149868
149886
149890
149891
149923
149948
149973
149992
150017
150037
150039
150042
150043
150051
150052
150054
150064
150074
150116
150133
150134
150137
150144
150149
150151
150315
150407
150408
150415
150548
150571
151213
151217
151218
151317
151333
151426
151438
151446
151458
151460
151597
151616
151639
151642
151648
151681
151739
151741
151767
151852
151858
151937
152101
152129
152170
152179
152197
152201
152204
152216
152222
152285
152329
152376
152458
152464
152504
152533
152536
152567
152605
152607
152608
152611
152629
152687
152702
152739
152744
152793
152807
152816
152821
152823
152852
152856
152860
152889
152902
152914
152929
152930
152937
152992
152994
153012
153015
153016
153021
153039
153076
153112
153228
153231
153256
154321
154327
154406
154408
154542
154972
155007
155016
155080
155101
155107
155123
155135
155143
155313
155352
155404
155432
155440
155475
155477
155495
155496
155527
155565
155575
155750
155824
155855
156377
156381
157491
157492
157494
158628
158693
158773
158845
158920
6839
138621
143486
143521
144208
144411
146297
146313
146406
146504
146620
146623
146698
147060
147297
147298
147331
147688
147689
147773
147803
147817
147850
147885
147904
147987
148079
148179
148216
148231
148235
148245
148255
148256
148263
148279
148290
148382
148781
148892
149024
149080
149086
149096
149098
149153
149237
149239
149243
149291
149309
149310
149320
149339
149342
149394
149469
149496
149509
149515
149582
149590
149655
149738
149808
149811
149849
149861
149869
149889
149907
149993
150057
150062
150182
150214
150310
150335
150393
150454
150465
150493
150588
150593
150602
151211
151216
151225
151320
151342
151354
151357
151361
151587
151591
151702
151781
151782
151817
152145
152149
152174
152191
152202
152205
152206
152219
152221
152289
152293
152337
152438
152461
152465
152593
152612
152621
152639
152675
152776
152808
152864
152979
152990
153008
153020
153022
153026
153037
153048
153091
153102
153118
153227
153229
153265
153403
153408
153426
153455
153462
153705
153840
153859
153932
154128
154202
154204
154272
154405
154653
154774
154921
154922
154959
154987
155018
155024
155114
155150
155151
155182
155183
155207
155443
155515
155789
156738
157152
157187
157471
157473
157502
157694
157701
157715
158334
158519
158589
158684
158820
158907
158919
158924
158931
158933
162302
6587
137757
138064
138626
138627
138673
138674
138724
143482
143484
144139
144174
144205
144217
144227
144725
145598
145659
145672
145915
146010
146122
146125
146161
146222
146224
146237
146280
146284
146350
146369
146447
146452
146453
146499
146694
146718
146818
146821
146823
147739
147776
147799
147808
147844
147882
147884
147889
147890
147900
147985
148188
148194
148197
148205
148239
148244
148277
148282
148283
148350
148394
148399
148745
148767
149083
149194
149311
149316
149323
149392
149462
149588
149741
149810
150175
150186
150210
150212
150213
150327
150356
150360
150419
150460
150461
150480
150924
151353
151360
151770
152134
152220
152284
152290
152326
152333
152345
152447
152451
152534
152546
152547
152674
152745
152838
152843
152980
153066
153079
153219
153225
153232
153270
153272
153359
153650
153732
153734
153862
153873
153933
153934
153959
154191
154203
154395
154636
154674
154832
154920
154960
155534
155535
156063
156075
156391
156563
156582
156585
156590
156605
156815
156818
156825
156936
157136
157543
157563
157650
157688
157692
157938
158036
158041
158318
158323
158398
158400
158432
158463
158473
158512
158869
158885
159141
159142
359539
6003
6845
8387
14959
15013
15162
133343
133857
135593
135888
138094
138624
138705
138706
140433
140439
140469
140806
143133
143400
143623
143655
144723
145049
145050
145091
145587
145595
145693
145695
145807
145892
145908
145911
145995
145997
145998
146007
146034
146036
146096
146108
146112
146273
146285
146738
146746
146747
147698
147910
147932
148736
148737
148766
148804
148809
149188
149318
149334
149589
150179
150216
150287
150359
150433
150452
150462
150474
151601
153170
153271
153629
153693
153695
153697
153759
153829
153898
153922
154122
154242
154248
154303
154308
154345
154347
154372
154491
154645
154672
154829
154830
154878
155008
156157
156233
156584
156615
156632
156754
156830
156839
156848
156937
157067
157117
157122
157139
157143
157680
157970
157980
158007
158008
158144
158317
158319
158322
158336
158355
158466
158470
158476
158815
158876
158891
159036
159135
162285
163963
361234
362537
362549
362629
3721
15008
15030
133979
134156
134508
134724
135387
135418
135843
135887
135905
135924
135931
135967
137944
137981
137983
138070
138520
138566
138837
140237
140282
140291
140471
140829
143557
143558
143637
143651
143653
144043
144046
144206
144211
144242
144519
145685
145688
145694
145723
145747
145907
145961
145994
146057
146068
146069
146104
146133
146139
146145
146246
146247
146440
146569
146767
148103
148724
149463
149555
150448
152426
153205
153206
153631
153640
153813
153883
153884
153902
153927
154047
154057
154250
154352
154355
154374
154401
154402
154884
156234
156235
156611
156646
156828
156842
156847
156942
157031
157090
157289
157323
157327
157359
157611
157632
157637
157671
157724
157728
157729
157735
157799
157867
157894
157896
157921
157947
157969
157976
157978
157982
158093
158119
158253
158292
158320
158446
158505
158690
159033
159467
159626
160767
161030
162280
163961
168937
359525
359542
360166
360916
361237
361336
362554
362660
140807
141696
144222
146292
146294
146320
146322
146622
146700
146707
146755
146811
146897
146912
147125
147352
147694
147784
147847
147868
148028
148030
148046
148047
148063
148135
148254
148346
148362
148392
148400
148401
148784
148786
148787
148976
148981
149016
149168
149170
149201
149215
149230
149265
149275
149280
149286
149366
149382
149395
149406
149450
149508
149656
149685
149702
149707
149762
149788
149790
149792
149815
149816
149821
149824
149832
149863
149872
149878
149881
149892
149896
149926
149927
149932
149959
149989
149990
150031
150036
150041
150063
150069
150071
150092
150105
150141
150180
150314
150341
150357
150397
150414
150568
150572
151408
151439
151618
151638
151650
151752
151851
151856
151857
152144
152146
152281
152288
152305
152330
152331
152332
152334
152338
152452
152466
152469
152479
152512
152551
152577
152592
152624
152651
152678
152718
152740
152811
152822
152865
152876
152919
152959
152977
152985
152993
153013
153050
153055
153069
153096
153109
153110
153111
153217
153384
153410
153685
153704
153706
153725
153726
153727
153730
153826
153939
154119
154198
154318
154409
154410
154412
154678
154974
155003
155013
155017
155081
155087
155106
155111
155260
155434
155533
155552
155795
155809
156730
156741
156744
156758
158035
158856
158929
158932
138600
138606
138625
140432
143494
143502
144247
145711
145986
146043
146083
146236
146289
146348
146710
146732
146814
146824
147769
147790
147814
147878
147879
147888
147913
147977
148025
148076
148096
148098
148178
148184
148185
148186
148229
148276
148298
148309
148367
148389
148780
148789
148982
149023
149025
149082
149085
149113
149217
149228
149236
149315
149383
149393
149461
149512
149518
149675
149744
149761
149779
149804
149805
149809
149813
149844
149847
149898
149919
150016
150176
150185
150233
150243
150320
150361
150374
150479
150524
150527
150570
150574
150896
150916
150929
151590
151877
152081
152131
152163
152181
152193
152194
152196
152208
152210
152287
152291
152343
152367
152441
152454
152462
152632
152677
152692
152964
152975
152976
152987
152988
152991
153009
153081
153168
153305
153360
153368
153458
153645
153662
153663
153671
153688
153702
153715
153733
153741
153825
153928
153935
153940
154080
154121
154129
154209
154229
154314
154319
154326
154373
154389
154419
154658
154692
154916
154973
154977
155009
155036
155173
155828
155864
155866
156604
156627
156699
156757
156824
157714
157722
158431
158442
158513
158514
158523
158524
158527
158625
158906
361335
133186
136020
138583
138670
141698
143399
143404
143565
144173
144239
144241
144246
144796
145195
145717
145803
145805
145884
145885
145981
145987
145991
146026
146067
146116
146229
146234
146283
146626
146630
146631
146817
146819
146820
147296
147798
147986
148091
148189
148199
148232
148278
148281
148398
148782
148893
149021
149057
149191
149202
149328
149330
149407
149485
149495
149737
149845
150061
150166
150167
150184
150231
150284
150285
150305
150329
150394
150429
150455
150457
150919
150920
151588
151598
151880
152130
152135
152662
152813
153025
153226
153326
153366
153422
153438
153696
153711
153720
153749
153752
153817
153821
153823
153875
153929
153930
154348
154375
154623
154789
154835
154836
154855
154913
154915
154958
155001
155185
156556
156560
156561
156586
156591
156616
156625
156802
157185
157686
157689
157706
157987
158043
158107
158108
158231
158454
158492
158659
158686
158871
158884
158918
159140
160777
160779
160780
162282
168526
360794
361236
361487
6841
6846
14997
15007
134142
134148
134157
137668
137941
138518
138604
138671
138712
138727
138735
140438
140745
140791
140798
140799
140839
140840
143448
143650
144258
144263
144532
144722
145173
145674
145686
145689
145726
145729
145787
145806
145891
145977
145984
146003
146009
146033
146074
146097
146119
146550
146727
147715
147935
147936
147950
147975
148102
148196
148422
148779
148898
149300
149559
149561
149565
150172
150238
150282
150286
150370
150450
150892
152132
153034
153457
153637
153639
153644
153646
153648
153654
153679
153708
153757
153758
153789
153816
153830
153855
153931
154046
154123
154245
154371
154620
154648
154670
154877
156557
156595
156631
156633
156684
156748
156779
156829
157151
157188
157286
157609
157700
157730
157770
157893
157924
157928
157979
158048
158122
158136
158145
158268
158304
158883
159037
159136
160781
359544
359552
360795
361235
361238
361244
361480
362393
3407
6062
6566
6576
11137
13035
15015
133339
133758
134051
134778
135162
137667
137773
137843
137982
138116
140406
143439
143597
143735
144035
144049
144333
144384
144412
144780
145167
145177
145178
145444
145652
145669
145681
145779
145809
145903
146006
146011
146102
146138
146241
146251
148816
148817
149558
150173
150229
150252
150272
150292
153165
153222
153345
153694
153756
153878
153962
154056
154077
154107
154115
154400
154499
154883
156146
156232
156426
156572
156589
156599
156612
156634
156781
156794
156905
157146
157315
157318
157322
157325
157360
157610
157681
157717
157731
157763
157806
157869
157968
158011
158012
158065
158104
158156
158157
158181
158314
158485
162279
163964
359550
360292
360849
360917
361232
361338
361442
361443
361458
361467
362575
362619
362621
362628
141695
144220
144235
145709
146231
146293
146325
146326
146333
146338
146352
146505
146624
146629
146701
146706
147124
147240
147445
147741
147743
147757
147877
147914
147994
148017
148029
148035
148087
148088
148105
148112
148130
148133
148177
148187
148246
148262
148274
148315
148316
148327
148799
149087
149109
149120
149121
149155
149200
149207
149219
149221
149223
149229
149233
149238
149249
149276
149281
149285
149331
149332
149377
149503
149520
149521
149539
149580
149585
149646
149663
149684
149709
149745
149766
149778
149837
149838
149864
149870
149895
149897
149925
149928
150020
150024
150065
150070
150298
150311
150328
150369
150622
151440
151441
151617
152169
152200
152203
152223
152309
152328
152373
152442
152456
152571
152579
152580
152613
152863
152913
152960
152962
152967
152995
153018
153038
153040
153067
153094
153385
153405
153665
153686
154190
154195
154210
154213
154214
154230
154239
154317
154324
154325
154541
154742
154765
154770
154967
154970
155085
155086
155145
155154
155170
155180
155532
155576
155643
155755
156736
156746
156837
157495
158381
158854
159138
6577
136017
136047
137940
143530
143567
143635
144240
145593
146004
146044
146047
146227
146317
146349
146351
146621
146723
146725
146813
147685
147744
147806
147834
147836
147892
147895
147898
147919
147984
147991
148012
148093
148104
148193
148200
148207
148241
148270
148273
148284
148307
148310
148345
148406
148788
148796
149053
149199
149214
149327
149404
149405
149414
149415
149490
149551
149606
149607
149795
149801
149803
149843
149914
149935
150303
150306
150326
150456
150469
150478
150590
150928
151212
151223
151589
152327
152445
152453
152652
152660
152663
152666
152812
152854
152989
153024
153221
153263
153387
153415
153424
153430
153456
153700
153703
153721
153737
153868
154167
154194
154199
154222
154279
154282
154288
154391
154472
154762
154766
154964
154979
154992
155177
156626
156698
156750
156753
156773
156791
157321
157685
157877
157930
157988
157991
158006
158042
158044
158047
158124
158132
158399
158435
158539
159137
162283
360920
6633
11111
138613
138623
138676
140800
140808
143446
143563
144226
145203
145727
145811
146005
146035
146046
146075
146225
146726
146731
147830
147831
147893
147933
147943
147944
147976
148010
148111
148324
148383
148743
148791
148989
149054
149092
149301
149317
149466
149482
149494
149511
149513
149916
150073
150177
150189
150190
150236
150245
150451
150458
152229
152665
152836
153035
153036
153213
153269
153386
153388
153423
153461
153707
153745
153748
153802
153818
153842
153874
153876
153953
154118
154124
154181
154234
154306
154417
154501
154625
154649
154761
154834
154912
154975
155002
156602
156610
156749
156786
156840
157684
157772
157880
157936
157937
157990
157992
158039
158040
158092
158102
158109
158117
158335
158440
158450
168524
360792
362514
3655
6564
11167
14990
15005
15024
134150
135440
135839
137595
138184
138508
138509
138569
138731
138733
138734
140010
140340
143303
143398
143566
144237
144257
144261
144556
144823
145691
145724
145810
145816
145872
145878
145899
145912
145921
145993
146019
146048
146052
146071
146079
146080
146081
146082
146105
146137
146775
147821
147908
147959
149196
149526
149574
149596
149742
150226
150242
150281
153427
153642
153655
153760
153803
153871
153877
153923
153937
153943
154085
154127
154182
154243
154367
154455
154495
154506
154687
154910
154991
156593
156601
156700
156706
157082
157149
157328
157349
157616
157639
157670
157673
157807
157857
157872
158125
158135
158150
158151
158451
158488
162281
168528
359551
361025
362630
3724
6063
6547
6844
11112
11132
15003
15054
15159
18157
18303
18474
133208
134050
134146
134159
135276
135582
136011
137596
137991
138532
138672
138695
140011
140284
140792
143297
143559
144557
145062
145085
145213
145678
145679
145687
145699
145720
145743
145777
145784
145820
145828
145867
145877
145910
145913
145950
145959
145978
145979
145980
146039
146114
146143
146279
147911
149190
149197
149564
150215
152414
153177
153212
153638
153701
153767
153782
153948
154030
154094
154126
154137
154138
154356
154370
154496
154497
154629
156231
156838
156861
157150
157159
157358
157741
157769
157784
157827
157834
158054
158067
158138
158167
158233
158321
159621
162813
162856
168529
360368
360790
360851
360855
360923
360946
361219
361337
362661
136019
144219
145707
146230
146232
146324
146816
147811
147930
147995
148018
148022
148026
148034
148038
148044
148057
148069
148071
148073
148106
148108
148114
148129
148134
148208
148237
148250
148251
148289
148304
148313
148314
148317
148319
148326
148328
148344
148348
148351
148410
149094
149115
149218
149220
149224
149278
149289
149384
149391
149396
149401
149432
149440
149447
149448
149454
149456
149470
149519
149525
149536
149540
149541
149619
149652
149698
149740
149746
149794
149842
149888
149901
149918
149931
149957
149962
149963
149965
149969
150023
150317
150348
150375
150468
150581
150582
150586
150589
151340
151437
152178
152180
152282
152940
152961
152970
152973
153402
153433
153724
153837
153847
154189
154193
154215
154216
154422
154423
154638
154727
154728
154758
154990
155115
155181
155797
156772
156801
157693
157705
158038
158853
158855
135415
138612
138669
138700
140012
143647
144229
145804
146022
146233
146287
147802
147820
147837
147899
147915
147916
147956
147957
147982
147983
147988
147989
148031
148060
148075
148086
148138
148181
148190
148191
148247
148271
148272
148300
148308
148415
149076
149116
149314
149471
149475
149476
149505
149507
149516
149522
149524
149570
149571
149602
149609
149653
149658
149676
149836
149846
149917
150072
150178
150235
150239
150241
150308
150321
150376
150416
151768
151878
152279
152467
152659
152664
152837
152853
152965
152969
153428
153429
153439
153442
153444
153454
153658
153714
153746
153864
153958
154071
154163
154196
154197
154200
154207
154228
154240
154271
154273
154280
154309
154366
154421
154432
154476
154481
154488
154627
154661
154669
154685
154688
154693
154763
154772
155178
156609
156751
156771
156777
156793
157682
157703
157708
158037
158045
158436
158458
159139
159143
361246
361481
6544
6565
18379
135413
135838
137705
138610
140283
140435
143447
144228
144230
144233
144236
144318
144527
145191
145599
145690
145696
145955
146021
146038
146045
146103
146113
146728
147854
147905
147934
147939
147942
147963
148095
148175
148423
148742
148744
149089
149093
149195
149387
149514
149550
149568
149597
149908
150232
150247
150302
150395
150399
150432
150449
153193
153425
153661
153664
153684
153712
153718
153761
153831
153833
153863
153865
153872
153920
153938
153944
153946
153952
154066
154070
154083
154090
154246
154277
154297
154344
154369
154392
154436
154503
154539
154612
154666
154679
154831
154963
154995
154998
155205
156558
156622
156752
156778
156833
157071
157356
157618
157695
157719
157723
157774
157873
157932
158046
158050
158060
158078
158127
158130
158230
158267
158460
158525
159165
359546
360929
361239
6589
6875
15001
15031
18185
18298
18311
18472
134147
135414
138513
138573
140292
140425
140472
140814
141699
144224
145052
145063
145198
145584
145594
145733
145744
145780
145782
145893
145983
146024
146288
147818
147938
148776
148777
149408
149464
149465
149560
150296
150332
152670
152672
153755
153766
153781
153783
153827
153849
153854
153982
154055
154067
154131
154162
154346
154414
154438
154502
154626
154671
154689
154961
156600
156621
156813
157041
157148
157320
157613
157615
157642
157704
157740
157811
157826
157859
157996
158071
158097
158110
158134
158452
158491
359555
359582
360857
360919
360921
360928
361020
362591
362614
362687
362692
6610
11113
11143
11180
14965
15104
15163
18476
133378
133714
134001
134819
134853
135889
136033
136048
136076
138100
138525
140353
143663
144248
144329
144726
144813
144821
145096
145680
145738
145776
145778
145868
145870
145894
145916
145957
145966
145975
146020
146134
146144
150280
153188
153771
153784
153848
153921
153947
153955
153990
154091
154133
154266
154434
156686
156915
157001
157342
157622
157623
157636
157754
157758
157838
157839
157852
157864
157866
158058
158064
158101
158153
158248
158251
158252
158453
159039
159986
160764
162803
317065
359496
359529
359548
359556
359564
360294
360370
360798
360998
361220
361470
361491
362626
362651
