94
101
119
145
206
229
237
238
274
291
292
350
355
356
357
358
359
365
366
404
406
409
416
417
427
428
430
440
500
536
547
567
574
577
578
579
581
583
584
585
586
587
592
594
595
596
598
600
602
604
606
607
608
610
611
613
624
625
628
629
630
633
634
637
639
640
641
698
702
703
704
713
714
735
737
747
795
796
798
810
814
818
824
845
880
901
902
903
915
916
917
920
922
990
994
1006
1007
1011
1012
1016
1017
1018
1052
1053
1063
1072
1110
1111
1113
1115
1133
1182
1191
1192
1194
1195
1206
1208
1209
1281
1335
1353
1354
1375
1376
1377
1378
1379
1396
1397
1398
1399
1412
1425
1436
1437
1452
1519
1551
1595
1596
1598
1602
1603
1613
1615
1619
1631
1632
1660
1664
1676
1702
1703
1707
1709
1720
1734
1746
1761
1764
1956
2025
2028
2029
2033
2035
2044
2056
2077
2079
2081
2083
2084
2085
2090
2095
2098
2102
2103
2122
2126
2127
2128
2133
2135
2139
2140
2141
2142
2143
2144
2145
2148
2149
2150
2152
2155
2166
2167
2170
2178
2179
2182
2186
2188
2189
2190
2193
2205
2206
2210
2216
2226
2235
2237
2238
2240
2242
2243
2247
2250
2257
2258
2259
2262
2263
2264
2265
2270
2271
2274
2277
2278
2285
2298
2308
2309
2328
2349
2350
2351
2354
2359
2361
2364
2368
2369
2370
2371
2372
2373
2375
2379
2389
2391
2395
2414
2416
2496
2550
2551
2552
2553
2555
2558
2559
2560
2572
2582
2605
2618
2620
2704
2738
2746
2747
2750
2754
2863
2866
2868
2869
2870
2871
2872
2874
2875
2877
2883
2889
2890
2892
2893
2894
2897
2898
2900
2902
2904
2905
2906
2907
2910
2915
2916
2917
2918
2919
2921
2922
2923
2924
2927
2929
2931
2932
2933
2934
2935
2936
2937
2938
2939
2960
2962
2963
2964
2966
2971
2973
2974
2975
3015
3047
3048
3052
3066
3067
3071
3074
3084
3096
3105
3107
3108
3111
3113
3120
3129
3157
3159
3161
3166
3171
3175
3183
3185
3194
3196
3197
3198
3201
3212
3213
3244
3245
3246
3248
3279
3280
3281
3282
3283
3285
3286
3287
3288
3294
3297
3298
3299
3305
3310
3311
3312
3313
3314
3315
3317
3318
3319
3321
3322
3324
3330
3341
3343
3344
3345
3351
3365
3390
3401
3402
3405
3406
3408
3410
3411
3423
3424
3452
3458
3461
3462
3467
3468
3470
3471
3472
3473
3474
3477
3478
3479
3480
3481
3484
3485
3486
3488
3489
3490
3492
3493
3494
3495
3496
3498
3499
3500
3502
3505
3506
3507
3509
3510
3512
3513
3517
3520
3522
3538
3542
3546
3549
3550
3551
3569
3571
3572
3596
3607
3616
3617
3618
3619
3622
3623
3624
3625
3628
3634
3635
3638
3669
3687
3703
3743
3744
3794
3835
3838
3844
3848
3856
3875
3901
3945
3946
3947
3948
3949
3950
3952
3953
3954
3955
3959
3961
3987
3988
3989
3990
3995
3996
3999
4005
4015
4040
4052
4053
4065
4075
4076
4081
4082
4083
4092
4093
4094
4095
4096
4098
4100
4101
4102
4103
4106
4125
4127
4128
4129
4130
4138
4140
4145
4160
4174
4175
4176
4177
4178
4179
4180
4182
4183
4193
4210
4216
4219
4227
4229
4231
4236
4265
4268
4269
4272
4280
4285
4289
4292
4305
4328
4335
4340
4342
4348
4349
4351
4352
4354
4355
4356
4359
4361
4363
4374
4375
4380
4381
4384
4385
4386
4387
4388
4401
4413
4414
4419
4420
4424
4425
4426
4435
4436
4437
4442
4444
4446
4447
4459
4465
4466
4471
4486
4529
4544
4547
4551
4566
4567
4569
4604
4605
4629
4634
4636
4638
4639
4641
4642
4649
4652
4666
4667
4710
4711
4712
4713
4715
4717
4735
4736
4737
4741
4742
4744
4780
4808
4868
4874
4888
4890
4894
4912
4913
4915
4976
4978
4979
4980
4983
5074
5075
5087
5088
5089
5090
5093
5096
5099
5100
5101
5102
5104
5105
5106
5107
5116
5129
5139
5147
5148
5159
5189
5190
5191
5192
5198
5208
5210
5214
5215
5218
5220
5233
5257
5263
5264
5265
5266
5280
5286
5287
5290
5295
5296
5298
5301
5305
5307
5318
5365
5376
5377
5385
5395
5463
5464
5486
5559
5566
5578
5581
5658
5732
5756
5762
5802
5862
5869
5889
5902
5904
5905
5907
5908
5909
5910
5911
5913
5914
5916
5917
5923
5933
5939
5940
5941
5942
5943
5944
5945
5948
5949
5950
5951
5952
5953
5956
5958
5959
5960
5961
5964
5965
5967
5972
5973
5975
5976
5977
5979
5981
5982
5983
5985
5988
5989
6003
6006
6008
6011
6012
6013
6014
6015
6017
6019
6021
6022
6023
6027
6028
6029
6030
6031
6032
6035
6037
6043
6044
6045
6047
6048
6049
6051
6057
6058
6059
6060
6061
6063
6069
6070
6073
6075
6076
6078
6079
6083
6084
6085
6086
6087
6088
6092
6093
6095
6096
6097
6098
6099
6100
6101
6102
6104
6108
6119
6120
6124
6125
6127
6130
6131
6140
6141
6142
6147
6149
6151
6153
6154
6155
6156
6157
6159
6160
6161
6534
6549
6551
6552
6562
6563
6565
6569
6577
6578
6582
6587
6589
6633
6634
6636
6638
6639
6656
6664
6666
6678
6687
6735
6766
6771
6806
6807
6808
6809
6816
6817
6819
6820
6821
6822
6823
6824
6825
6826
6827
6830
6832
6834
6839
6840
6847
6849
6864
6865
6866
6869
6877
6878
6880
6881
6882
6883
6884
6887
6888
6890
6898
6901
6902
6903
6904
6905
6916
6917
6918
6919
6921
6925
6926
6927
6928
6929
6930
6931
6932
6935
6937
6938
6939
6940
6948
6950
6952
6953
6954
6968
6969
6973
6974
6975
6977
6978
6979
6991
6993
6994
6996
6997
6998
7000
7001
7002
7006
7007
7008
7009
7010
7012
7017
7020
7028
7029
7030
7032
7034
7035
7037
7038
7039
7040
7041
7046
7049
7058
7059
7066
7069
7095
7100
7140
7141
7142
7144
7146
7207
7212
7213
7214
7216
7218
7232
7234
7238
7239
7241
7242
7243
7246
7250
7255
7256
7258
7266
7283
7284
7286
7298
7305
7308
7311
7313
7314
7315
7316
7327
7328
7333
7334
7335
7336
7338
7339
7340
7341
7342
7344
7345
7346
7347
7348
7349
7351
7355
7356
7358
7361
7373
7374
7375
7377
7378
7379
7380
7383
7384
7385
7386
7388
7389
7402
7422
7423
7425
7427
7430
7452
7468
7469
7479
7484
7534
7535
7538
7571
7572
7573
7574
7615
7696
7713
7720
7723
7724
7725
7745
7749
7756
7797
7799
7800
7933
8083
8084
8101
8123
8126
8142
8160
8165
8179
8240
8243
8244
8245
8247
8255
8256
8257
8258
8271
8274
8401
8587
8610
8630
8673
8677
8682
8685
8688
8689
8748
8750
8752
8753
8789
8790
8792
8826
8832
8841
8855
8862
8863
8865
8949
8962
8963
8964
8967
8973
8974
8975
8976
9038
9058
9059
9068
9069
9073
9094
9099
9100
9102
9104
9106
9107
9167
9168
9169
9170
9171
9180
9181
9192
9198
9199
9542
9543
9587
9590
9611
9691
9693
9697
9718
9723
10010
10065
10075
10076
10077
10085
10092
10116
10117
10123
10132
10134
10165
10175
10192
10195
10199
10206
10251
10252
10261
10262
10263
10264
10265
10266
10267
10268
10270
10271
10272
10273
10274
10275
10287
10292
10293
10296
10297
10332
10333
10338
10339
10340
10343
10347
10353
10402
10414
10419
10440
10443
10472
10508
10509
10519
10531
10532
10547
10548
10549
10550
10551
10559
10567
10568
10569
10570
10571
10573
10586
10688
10690
10691
10693
10694
10695
10697
10700
10701
10702
10703
10709
10710
10711
10715
10716
10718
10719
10720
10723
10724
10725
10733
10920
10931
10933
10934
10935
10936
10937
10938
10939
10941
10944
10945
10946
10947
10950
10953
10955
10956
11025
11026
11034
11035
11036
11037
11045
11052
11054
11055
11057
11058
11059
11060
11061
11062
11063
11064
11065
11069
11072
11073
11074
11075
11081
11082
11083
11085
11086
11087
11088
11089
11091
11094
11095
11096
11099
11100
11101
11102
11103
11109
11112
11137
11225
11229
11231
11232
11244
11246
11247
11254
11255
11256
11257
11258
11259
11260
11261
11262
11263
11264
11265
11268
11270
11271
11272
11275
11278
11279
11280
11281
11282
11285
11287
11290
11337
11418
11422
11424
11425
11426
11427
11428
11429
11430
11431
11432
11433
11434
11435
11436
11437
11439
11440
11441
11442
11492
11496
11500
11515
11521
11545
11581
11582
11584
11596
11598
11599
11606
11610
11612
11613
11640
11659
11660
11662
11663
11664
11665
11668
11705
11706
11732
11738
11739
11751
11752
11753
11754
11755
11843
11933
11934
11935
11936
11946
11962
11970
11976
11978
11979
11988
12004
12005
12007
12008
12009
12011
12012
12030
12031
12041
12044
12045
12054
12064
12065
12066
12067
12068
12070
12071
12072
12075
12080
12082
12085
12089
12101
12102
12103
12104
12105
12106
12107
12108
12109
12110
12111
12112
12113
12115
12116
12117
12118
12185
12188
12189
12212
12214
12215
12217
12218
12229
12232
12234
12235
12242
12245
12253
12255
12261
12262
12264
12265
12289
12290
12296
12297
12298
12299
12300
12310
12313
12314
12315
12316
12319
12320
12321
12322
12329
12346
12347
12356
12357
12365
12369
12370
12373
12374
12375
12376
12377
12384
12386
12391
12392
12395
12399
12402
12405
12419
12430
12432
12433
12434
12436
12437
12450
12451
12453
12454
12460
12461
12462
12463
12468
12487
12488
12489
12493
12494
12496
12498
12499
12500
12501
12502
12504
12506
12507
12509
12512
12515
12526
12527
12528
12529
12530
12531
12533
12535
12537
12538
12539
12540
12541
12542
12543
12544
12545
12546
12547
12548
12549
12550
12551
12552
12566
12567
12568
12569
12570
12573
12576
12577
12578
12579
12580
12586
12590
12596
12597
12601
12604
12605
12619
12622
12625
12627
12628
12629
12634
12635
12636
12637
12638
12639
12640
12641
12642
12643
12644
12645
12646
12647
12648
12654
12657
12659
12662
12664
12665
12675
12678
12679
12682
12683
12684
12686
12687
12689
12692
12693
12700
12701
12702
12703
12704
12708
12709
12712
12714
12715
12717
12723
12724
12730
12731
12735
12736
12738
12739
12741
12745
12746
12753
12757
12758
12759
12760
12773
12776
12777
12782
12783
12784
12785
12786
12787
12788
12789
12790
12791
12792
12793
12796
12803
12804
12805
12806
12809
12810
12811
12812
12813
12814
12823
12824
12825
12826
12827
12828
12829
12830
12831
12833
12836
12838
12847
12852
12854
12857
12858
12860
12861
12862
12866
12867
12868
12869
12877
12889
12895
12896
12899
12913
12914
12920
12921
12922
12923
12924
12925
12926
12928
12932
12939
12944
12945
12946
12948
12951
12960
12961
12962
12963
12964
12965
12971
12990
12993
12995
12996
12997
12998
12999
13000
13001
13004
13005
13006
13007
13008
13009
13010
13011
13014
13015
13019
13020
13021
13022
13023
13024
13025
13026
13027
13028
13030
13031
13032
13034
13035
13037
13042
13050
13052
13053
13056
13057
13068
13069
13070
13072
13073
13074
13075
13076
13077
13080
13083
13084
13085
13086
13096
13097
13099
13100
13101
13104
13105
13106
13107
13109
13110
13113
13115
13121
13144
13182
13183
13185
13186
13195
13196
13197
13201
13253
13254
13260
13262
13270
13271
13277
13278
13279
13293
13294
13300
13301
13302
13304
13305
13306
13307
13308
13310
13312
13313
13314
13315
13316
13317
13318
13319
13320
13321
13322
13323
13324
13325
13327
13328
13339
13340
13351
13367
13405
13406
13407
13410
13422
13425
13426
13427
13442
13458
13474
13475
13491
13492
13494
13495
13497
13498
13508
13527
13530
13532
13534
13535
13536
13538
13541
13542
13545
13600
13608
13609
13610
13611
13613
13620
13629
13633
13637
13638
13642
13643
13658
13660
13690
13698
13702
13725
13772
13775
13780
13783
13784
13785
13797
13798
13799
13811
13836
13837
13839
13840
13841
13842
13847
13848
13850
13851
13852
13853
13855
13856
13857
13864
13865
13866
13868
13870
13871
13879
13882
13883
13884
13885
13886
13888
13890
13897
13898
13899
13902
13903
13904
13905
13912
13913
13914
13915
13916
13917
13918
13919
13920
13921
13922
13923
13924
13926
13927
13929
13931
13962
14128
14138
14139
14140
14141
14145
14146
14147
14148
14149
14152
14153
14154
14155
14156
14157
14158
14160
14161
14162
14167
14173
14185
14193
14194
14203
14204
14205
14206
14212
14214
14217
14218
14255
14268
14350
14351
14355
14357
14358
14360
14361
14362
14363
14364
14365
14367
14369
14370
14371
14374
14376
14377
14380
14388
14412
14413
14414
14415
14416
14418
14419
14420
14421
14422
14423
14427
14428
14429
14440
14441
14442
14444
14448
14449
14452
14453
14455
14458
14461
14464
14469
14470
14474
14475
14486
14487
14488
14489
14492
14496
14505
14507
14510
14516
14517
14518
14521
14527
14528
14530
14532
14535
14537
14538
14548
14557
14639
14746
14754
14768
14769
14784
14807
14808
14809
14891
14892
14895
14898
14901
14902
14903
14905
14918
14921
14922
14923
14924
14925
14926
14928
14930
14932
14937
14945
14946
14947
14950
14951
14952
14955
14958
14959
14960
14961
14963
14964
14965
14966
14967
14968
14971
14972
14974
14975
14978
14979
14980
14981
14982
14984
14986
14989
14991
14992
14993
14995
14996
14998
14999
15000
15001
15003
15008
15009
15010
15011
15012
15022
15023
15024
15027
15029
15030
15036
15037
15040
15041
15042
15043
15044
15047
15048
15049
15050
15051
15054
15055
15056
15061
15065
15067
15068
15070
15071
15072
15077
15078
15079
15080
15088
15089
15092
15097
15098
15104
15113
15117
15118
15119
15120
15121
15122
15123
15126
15127
15128
15130
15137
15138
15142
15143
15144
15148
15149
15150
15151
15153
15155
15156
15157
15158
15159
15163
15164
15165
15166
15167
15168
15169
15170
15171
15172
15173
15174
15175
15176
15183
15184
15185
15186
15187
15190
15191
15192
15193
15194
15196
15199
15200
15202
15204
15206
15207
15208
15209
15210
15213
15214
15215
15216
15217
15219
15223
15224
15230
15231
15232
15233
15258
15263
15270
15271
15289
15290
15294
15295
15312
15317
15318
15319
15320
15330
15333
15337
15339
15346
15347
15348
15352
15354
15356
15363
15373
15410
15411
15412
15413
15417
15418
15423
15426
15442
15444
15456
15465
15468
15469
15477
15479
15480
15483
15484
15485
15486
15492
15493
15495
15496
15497
15518
15519
15522
15523
15525
15526
15527
15528
15529
15530
15531
15539
15540
15553
15555
15556
15557
15558
15559
15560
15561
15562
15566
15567
15569
15572
15574
15585
15587
15595
15613
15622
15625
15634
15640
15644
15647
15648
15650
15659
15673
15674
15677
15678
15680
15682
15683
15685
15695
15700
15702
15703
15705
15706
15709
15711
15712
15713
15718
15719
15720
15721
15729
15731
15733
15734
15735
15736
15744
15747
15749
15750
15755
15756
15760
15761
15763
15764
15780
15789
15790
15792
15799
15805
15825
15826
15829
15830
15831
15832
15835
15840
15844
15845
15858
15859
15862
15867
15870
15874
15879
15880
15881
15885
15891
15893
15895
15896
15897
15898
15899
15900
15901
15902
15908
15912
15915
15922
15923
15935
15936
15937
15938
15939
15940
15941
15943
15960
15961
15963
15964
15965
15966
15968
15970
15971
15975
15976
15978
15984
15986
15991
16038
16039
16040
16045
16046
16050
16052
16055
16056
16057
16059
16060
16074
16079
16080
16081
16083
16084
16085
16086
16089
16094
16096
16097
16100
16113
16115
16171
16178
16179
16181
16182
16188
16189
16190
16192
16219
16229
16232
16233
16234
16239
16283
16286
16287
16293
16295
16296
16297
16298
16299
16300
16310
16312
16317
16318
16320
16321
16322
16323
16324
16325
16327
16329
16339
16344
16346
16347
16348
16349
16350
16358
16365
16366
16369
16374
16376
16377
16380
16382
16383
16384
16386
16391
16393
16394
16395
16401
16402
16403
16408
16452
16453
16454
16456
16459
16463
16464
16465
16492
16493
16494
16526
16560
16561
16591
16592
16599
16600
16601
16602
16606
16607
16608
16617
16621
16642
16643
16644
16645
16650
16655
16656
16657
16659
16661
16662
16668
16670
16675
16676
16678
16679
16682
16683
16684
16696
16700
16701
16704
16715
16734
16736
16738
16740
16750
16754
16761
16763
16765
16767
16768
16770
16771
16772
16774
16775
16776
16785
16786
16787
16788
16789
16790
16792
16797
16799
16800
16801
16807
16812
16817
16821
16826
16828
16829
16831
16832
16833
16834
16835
16836
16837
16852
16853
16856
16861
16863
16869
16872
16880
16888
16912
16940
16943
16950
16952
16960
16961
16962
16965
16972
16975
16976
17009
17018
17021
17050
17056
17058
17060
17061
17062
17069
17070
17071
17072
17073
17074
17076
17077
17078
17081
17084
17091
17115
17117
17131
17142
17148
17149
17150
17152
17158
17161
17162
17165
17166
17170
17212
17219
17221
17235
17236
17237
17238
17240
17242
17243
17245
17246
17248
17259
17321
17322
17325
17328
17330
17333
17335
17337
17361
17362
17364
17367
17378
17379
17380
17381
17382
17383
17384
17385
17386
17390
17391
17392
17393
17412
17413
17414
17419
17426
17570
17578
17609
17610
17613
17876
17877
18116
18156
18157
18167
18169
18170
18171
18172
18176
18177
18178
18179
18180
18181
18184
18185
18186
18187
18190
18192
18194
18195
18196
18197
18205
18229
18234
18243
18248
18263
18264
18265
18268
18269
18278
18279
18280
18287
18294
18295
18332
18333
18339
18418
18424
18465
18469
18470
18471
18473
18475
18476
18482
18492
18496
18497
18498
18506
18509
18510
18512
18533
18534
18535
18536
18566
18567
18568
18582
18602
18606
18607
18616
18623
18624
18634
18636
18639
18652
18692
18695
18698
18711
18722
18723
18724
18734
18737
18739
18741
18743
18744
18747
18748
18749
18750
18751
18752
18755
18788
18789
18790
18791
18792
18814
18815
18837
18843
18844
18848
18849
18850
18851
18852
18853
18854
18855
18857
18868
18869
18870
18873
18877
18880
18881
18882
18883
18884
18885
18895
18908
18911
18912
18913
18915
18917
18918
18919
18922
18923
18925
18927
18933
18945
18946
18947
18949
18950
18953
18957
18959
18960
18962
18963
18964
18965
18966
18967
18969
18970
18971
18972
18973
18976
18977
18982
18986
18987
18988
18993
18997
19003
19007
19008
19009
19010
19011
19013
19014
19015
19020
19021
19023
19024
19025
19026
19027
19028
19029
19030
19033
19037
19040
19049
19050
19051
19052
19053
19055
19056
19057
19058
19059
19061
19064
19065
19066
19069
19070
19075
19077
19078
19082
19089
19090
19091
19093
19096
19101
19107
19113
19116
19117
19119
19127
19128
19130
19131
19132
20552
50472
50476
50482
50483
50488
50489
50492
50497
50510
50517
50520
50527
50529
50530
50531
50532
50533
50539
72609
82170
87202
87213
87229
87706
88160
91193
91195
91207
91227
91240
91241
91316
133158
133216
133240
133241
133509
133510
133513
133516
133517
133731
133734
133735
133772
133833
133983
134222
134594
134738
134740
134742
134744
134762
134775
134781
134783
134784
134786
134787
134788
135259
135395
135396
135588
135614
135616
135617
135618
135624
135657
135681
135749
135753
135754
135899
135900
135901
135902
135903
135904
135905
135906
135907
135910
135912
135914
135915
135916
135920
135922
135923
135924
135925
135930
135935
135938
135939
135940
135941
135942
135946
135947
135951
135953
135954
135955
135956
135960
135961
135962
135963
135964
135965
135968
135970
135973
135974
135975
135977
135979
135980
135982
135983
135984
135985
135986
135987
135988
135989
135990
135991
135992
135993
135994
135997
136001
136008
136009
136018
136019
136020
136021
136041
136046
136075
136076
136078
136079
136080
136084
136085
136086
136091
136092
136095
136096
136097
136098
136991
136999
137000
137001
137007
137088
137190
137192
137602
137612
137613
138066
138406
138407
138410
138413
138417
138496
138609
138665
138666
138680
138684
138816
138817
138824
138833
138861
138881
138882
138883
138884
139023
139024
139027
139091
139094
139095
139102
139103
139112
139220
139273
139294
139756
139770
139771
139772
139781
139783
139785
139786
139787
139788
139810
139811
139813
139886
139890
139937
139968
139971
139972
139974
139975
139985
139997
140002
140009
140014
140017
140019
140020
140026
140050
140055
140074
140076
140077
140082
140144
140181
140191
140225
140226
140228
140237
140247
140248
140249
140250
140254
140255
140257
140259
140260
140261
140263
140264
140265
140266
140267
140270
140271
140272
140280
140282
140283
140284
140289
140291
140292
140294
140295
140298
140299
140316
140317
140320
140321
140341
140342
140343
140349
140359
140362
140363
140365
140367
140370
140374
140376
140379
140380
140382
140383
140385
140386
140387
140390
140391
140398
140401
140402
140403
140404
140407
140410
140411
140412
140413
140414
140415
140425
140427
140432
140433
140543
140544
140545
140548
140617
140618
140619
140622
140623
140624
140627
140630
140632
140637
140638
140643
140649
140651
140653
140658
140659
140660
140668
140705
140713
140714
140784
140795
140806
140809
140815
140849
140860
140865
140866
140876
140880
140916
140958
140961
140964
140992
140993
140997
141001
141023
141024
141025
141027
141028
141032
141238
141253
141255
141256
141257
141258
141261
141266
141284
141285
141302
141306
141307
141308
141309
141310
141311
141312
141313
141314
141315
141317
141327
141353
141354
141355
141356
141362
141406
141416
141417
141418
141419
141420
141421
141422
141423
141427
141433
141441
141443
141444
141447
141448
141451
141452
141453
141454
141455
141456
141457
141459
141460
141461
141462
141463
141464
141465
141466
141467
141469
141470
141471
141472
141473
141474
141478
141479
141480
141484
141485
141486
141492
141493
141494
141495
141496
141497
141499
141538
141544
141546
141555
141560
141561
141564
141566
141567
141570
141573
141585
141605
141667
141668
141687
141701
141702
141783
141952
141962
142033
142063
142064
142065
142091
142353
142371
142372
142388
142390
142424
142461
142462
142463
142464
142465
142489
142490
142496
142513
142514
142515
142516
142517
142594
142598
142600
142603
142608
142615
142734
142814
142831
142850
142852
142853
142858
142886
142889
142891
142893
142894
142898
142899
142900
142901
142902
142906
142908
142909
142913
142914
142915
142916
142917
142918
142919
142920
142927
142931
142932
142933
142937
142941
142943
142947
142948
142949
142950
142952
142966
142967
142969
142970
142975
142984
142985
143000
143023
143024
143057
143059
143064
143066
143068
143069
143070
143071
143072
143073
143074
143133
143134
143179
143188
143205
143208
143227
143230
143231
143232
143233
143243
143273
143282
143298
143304
143316
143322
143323
143375
143381
143383
143385
143444
143465
143498
143499
143503
143504
143505
143518
143533
143534
143535
143536
143581
143657
143679
143680
143682
143687
143689
143693
143700
143703
143704
143708
143712
143746
143780
143781
143782
143783
143784
143792
143803
143846
143847
144116
144122
144492
144665
144667
144756
144845
144871
144874
144878
144881
144883
144884
144885
144886
144901
144902
144903
144906
144919
144921
144952
144955
144956
144958
144959
144964
144971
144972
144976
144982
145222
145223
145274
145363
145365
145366
145372
145373
145374
145377
145382
145383
145384
145385
145386
145387
145389
145392
145399
145400
145401
145402
145403
145404
145409
145411
145416
145418
145419
145420
145423
145425
145426
145430
145431
145432
145434
145440
145441
145442
145443
145444
145450
145451
145465
145488
145490
145491
145581
145585
145593
145594
145595
145596
145612
145617
145618
145624
145626
145627
145628
145629
145630
145631
145633
145636
145646
145647
145653
145655
145659
145661
145662
145663
145696
145710
145711
145712
145715
145722
145729
145813
145869
145884
145888
145966
146046
146047
146058
146065
146066
146067
146076
146077
146078
146081
146082
146083
146084
146107
146113
146114
146115
146123
146143
146180
146222
146227
146228
146229
146230
146231
146232
146233
146237
146241
146243
146245
146249
146250
146251
146252
146253
146254
146255
146256
146263
146278
146280
146288
146292
146293
146297
146300
146301
146310
146311
146312
146313
146314
146317
146318
146321
146322
146323
146324
146325
146328
146336
146337
146338
146339
146341
146346
146347
146363
146365
146459
146464
146465
146501
146502
146505
146506
146510
146523
146524
146526
146529
146697
146701
146708
146757
146817
146942
146943
146944
146945
146946
146978
146990
147016
147022
147036
147037
147042
147078
147130
147132
147134
147184
147191
147200
147227
147234
147237
147238
147240
147259
147261
147262
147270
147273
147274
147296
147298
147307
147311
147316
147317
147318
147319
147320
147321
147325
147332
147336
147337
147338
147365
147369
147379
147383
147384
147402
147425
147427
147429
147430
147433
147437
147438
147440
147441
147442
147444
147445
147446
147450
147451
147452
147453
147462
147463
147464
147468
147473
147475
147479
147480
147481
147482
147490
147495
147497
147498
147520
147524
147525
147526
147527
147528
147529
147531
147533
147534
147535
147536
147537
147538
147539
147542
147543
147544
147546
147547
147548
147549
147550
147555
147556
147560
147561
147563
147564
147565
147567
147571
147581
147591
147594
147595
147596
147597
147601
147603
147604
147607
147618
147619
147620
147629
147630
147632
147633
147636
147638
147643
147644
147646
147651
147652
147653
147656
147657
147658
147659
147660
147661
147663
147689
147690
147692
147693
147694
147695
147696
147697
147698
147702
147703
147704
147705
147706
147707
147711
147712
147719
147721
147722
147723
147730
147733
147736
147737
147739
147740
147743
147748
147751
147755
147756
147758
147759
147760
147762
147764
147765
147766
147767
147768
147769
147770
147771
147772
147773
147775
147780
147781
147782
147783
147784
147785
147786
147787
147789
147793
147795
147796
147799
147807
147808
147809
147810
147811
147812
147813
147815
147821
147824
147830
147833
147834
147835
147836
147837
147838
147839
147840
147842
147843
147849
147850
147853
147856
147857
147858
147859
147862
147863
147864
147865
147867
147868
147869
147871
147872
147876
147878
147879
147880
147881
147883
147884
147885
147886
147912
147913
147914
147915
147916
147917
147918
147924
147939
147948
147949
147950
147958
147984
147990
148012
148018
148019
148021
148022
148024
148025
148026
148029
148030
148034
148040
148042
148044
148047
148049
148050
148052
148053
148054
148055
148056
148057
148059
148060
148061
148063
148064
148065
148066
148067
148068
148069
148073
148075
148076
148078
148080
148082
148083
148084
148086
148087
148088
148089
148090
148094
148096
148098
148104
148105
148106
148107
148108
148109
148110
148111
148114
148115
148118
148119
148120
148123
148125
148126
148127
148128
148129
148130
148131
148133
148134
148135
148137
148138
148145
148146
148147
148162
148171
148173
148174
148175
148182
148186
148187
148190
148191
148192
148193
148198
148199
148200
148201
148204
148207
148208
148209
148216
148225
148232
148235
148236
148238
148239
148242
148243
148244
148245
148246
148247
148250
148251
148252
148253
148254
148255
148256
148257
148258
148259
148260
148262
148263
148264
148266
148267
148268
148269
148270
148271
148272
148273
148274
148275
148276
148277
148278
148279
148280
148281
148282
148284
148286
148288
148289
148290
148291
148297
148298
148300
148301
148303
148304
148305
148310
148311
148312
148313
148314
148315
148317
148318
148321
148326
148328
148329
148330
148332
148333
148336
148339
148343
148344
148345
148348
148349
148354
148358
148359
148360
148362
148363
148364
148365
148366
148370
148371
148372
148373
148374
148375
148376
148379
148380
148381
148382
148385
148387
148388
148390
148391
148392
148393
148394
148395
148396
148397
148402
148403
148412
148413
148414
148415
148416
148417
148419
148420
148437
148443
148444
148447
148449
148450
148451
148469
148472
148474
148475
148476
148477
148479
148482
148486
148487
148488
148489
148490
148492
148493
148494
148495
148497
148503
148505
148506
148518
148519
148520
148521
148524
148525
148526
148527
148528
148529
148531
148534
148535
148537
148554
148556
148558
148559
148561
148562
148567
148568
148569
148570
148575
148576
148579
148580
148581
148583
148584
148589
148590
148591
148592
148595
148601
148607
148614
148615
148622
148640
148641
148674
148675
148685
148686
148687
148688
148691
148692
148693
148694
148697
148698
148703
148707
148711
148712
148722
148723
148727
148730
148746
148747
148748
148749
148750
148751
148752
148753
148754
148755
148756
148757
148758
148759
148760
148761
148762
148763
148765
148766
148767
148768
148769
148778
148779
148780
148781
148782
148784
148785
148786
148787
148788
148789
148790
148791
148792
148793
148794
148796
148797
148798
148799
148801
148802
148803
148804
148805
148806
148807
148812
148813
148814
148821
148822
148823
148825
148826
148830
148831
148832
148833
148834
148835
148837
148838
148839
148840
148841
148842
148857
148858
148866
148868
148869
148876
148878
148879
148883
148885
148888
148890
148891
148892
148894
148896
148897
148898
148899
148900
148901
148902
148903
148904
148905
148906
148907
148908
148914
148915
148916
148917
148920
148923
148925
148929
148930
148931
148942
148950
148951
148952
148956
148962
148963
148966
148975
148976
148977
148978
148979
148981
148998
149002
149010
149017
149018
149025
149041
149042
149043
149051
149054
149055
149056
149057
149059
149060
149062
149063
149064
149066
149067
149068
149069
149087
149089
149093
149094
149095
149096
149097
149098
149102
149103
149104
149105
149106
149107
149108
149110
149111
149112
149115
149116
149118
149120
149121
149123
149124
149126
149129
149130
149131
149132
149133
149134
149135
149136
149137
149138
149139
149140
149141
149142
149143
149144
149145
149146
149147
149148
149149
149154
149156
149157
149158
149160
149161
149164
149168
149169
149170
149188
149189
149190
149191
149192
149193
149194
149195
149199
149201
149204
149205
149206
149209
149210
149211
149212
149214
149219
149220
149221
149223
149224
149225
149226
149227
149229
149230
149233
149234
149236
149240
149241
149242
149244
149248
149250
149251
149254
149255
149256
149257
149259
149260
149261
149262
149267
149268
149269
149270
149271
149272
149274
149284
149286
149290
149291
149300
149304
149307
149314
149315
149317
149326
149327
149330
149331
149332
149338
149339
149340
149347
149348
149349
149350
149351
149352
149353
149354
149355
149356
149357
149358
149359
149360
149361
149362
149364
149365
149366
149367
149371
149374
149379
149380
149381
149384
149386
149395
149396
149397
149398
149400
149401
149402
149403
149404
149406
149410
149411
149442
149444
149449
149450
149451
149452
149458
149462
149463
149466
149469
149494
149504
149509
149516
149520
149521
149531
149533
149551
149577
149578
149582
149583
149585
149586
149594
149598
149599
149601
149602
149603
149615
149616
149620
149621
149625
149627
149628
149629
149630
149631
149633
149646
149653
149654
149655
149657
149662
149663
149664
149667
149668
149669
149670
149671
149672
149673
149674
149679
149680
149681
149687
149689
149693
149694
149695
149696
149700
149703
149704
149708
149712
149715
149716
149717
149718
149724
149725
149731
149735
149737
149738
149739
149740
149747
149748
149749
149750
149751
149752
149753
149756
149757
149758
149759
149760
149761
149763
149764
149765
149767
149768
149771
149773
149775
149780
149784
149785
149789
149794
149802
149803
149804
149812
149813
149815
149817
149818
149821
149824
149825
149826
149827
149828
149829
149831
149837
149842
149854
149859
149860
149861
149862
149866
149867
149869
149871
149872
149873
149874
149875
149879
149880
149883
149885
149886
149892
149893
149894
149895
149896
149897
149898
149899
149900
149901
149905
149907
149910
149911
149912
149913
149914
149915
149916
149918
149920
149921
149922
149924
149925
149926
149927
149928
149929
149930
149931
149932
149933
149934
149935
149938
149939
149940
149941
149942
149943
149944
149945
149946
149947
149948
149949
149950
149952
149953
149955
149956
149957
149958
149959
149960
149962
149963
149964
149965
149966
149969
149970
149971
149972
149973
149974
149975
149976
149977
149978
149979
149981
149982
149983
149984
149985
149987
149989
149990
149991
149995
150003
150004
150007
150008
150010
150013
150014
150016
150017
150018
150019
150020
150021
150022
150023
150024
150025
150026
150027
150028
150029
150031
150032
150033
150034
150035
150036
150037
150038
150039
150040
150041
150042
150045
150047
150050
150051
150052
150053
150054
150055
150056
150057
150058
150064
150065
150067
150069
150070
150072
150073
150074
150075
150076
150077
150080
150081
150082
150083
150086
150087
150088
150089
150090
150091
150092
150093
150095
150096
150097
150098
150099
150100
150102
150103
150104
150105
150106
150110
150112
150113
150114
150116
150117
150120
150121
150122
150124
150126
150127
150128
150129
150132
150133
150140
150142
150145
150147
150148
150152
150157
150161
150166
150167
150168
150169
150172
150177
150180
150202
150235
150287
150288
150295
150301
150304
150306
150314
150319
150335
150336
150340
150346
150349
150352
150353
150357
150358
150359
150361
150364
150365
150368
150369
150374
150375
150376
150377
150378
150379
150380
150381
150384
150386
150392
150406
150407
150422
150428
150429
150451
150456
150464
150465
150466
150467
150469
150472
150473
150477
150478
150480
150484
150485
150486
150492
150493
150496
150497
150498
150499
150502
150507
150522
150523
150531
150532
150534
150537
150538
150539
150540
150541
150543
150544
150546
150547
150548
150549
150550
150551
150552
150554
150555
150556
150558
150559
150560
150562
150563
150564
150566
150569
150571
150572
150573
150574
150575
150576
150578
150579
150580
150582
150583
150584
150585
150586
150587
150589
150590
150591
150592
150593
150595
150598
150601
150602
150603
150604
150605
150606
150607
150608
150609
150610
150611
150612
150615
150619
150900
150916
150917
150930
150955
150956
150958
150959
150960
150961
150968
150975
150976
150984
151001
151002
151003
151005
151010
151012
151024
151025
151030
151043
151105
151109
151157
151158
151162
151222
151223
151237
151238
151239
151244
151268
151284
151308
151317
151332
151334
151335
151370
151371
151374
151378
151381
151388
151394
151396
151397
151408
151412
151413
151414
151415
151416
151422
151426
151428
151437
151439
151440
151441
151445
151446
151457
151459
151460
151472
151474
151475
151533
151535
151536
151537
151541
151542
151543
151544
151545
151546
151547
151548
151549
151551
151554
151555
151556
151562
151563
151564
151565
151566
151567
151568
151572
151573
151574
151575
151576
151577
151578
151579
151580
151581
151584
151585
151588
151590
151592
151593
151594
151595
151596
151597
151598
151599
151600
151602
151603
151604
151606
151610
151611
151613
151616
151617
151623
151625
151626
151627
151628
151629
151630
151631
151640
151641
151642
151643
151644
151645
151647
151648
151650
151651
151652
151654
151655
151657
151658
151661
151663
151664
151665
151666
151668
151674
151678
151679
151680
151681
151682
151685
151687
151698
151703
151706
151707
151708
151709
151710
151730
151737
151738
151739
151747
151748
151749
151750
151753
151762
151788
151813
151814
151815
151818
151819
151820
151822
151828
151829
151830
151831
151833
151835
151838
151839
151840
151841
151845
151850
151851
151852
151853
151854
151856
151857
151858
151860
151861
151862
151865
151867
151874
151881
151882
151883
151884
151886
151887
151893
151894
151899
151900
151903
151905
151906
151907
151908
151909
151910
151913
151914
151915
151916
151917
151921
151923
151925
151936
151937
151938
151940
151941
151942
151944
151946
151947
151956
151959
151962
151964
151967
151971
151972
151973
151974
151975
151976
151978
151979
151981
151982
151983
151992
151995
151996
151997
151998
152001
152002
152004
152005
152007
152015
152016
152025
152027
152037
152047
152053
152064
152070
152074
152078
152090
152091
152092
152093
152095
152096
152097
152098
152099
152103
152104
152106
152107
152108
152109
152113
152120
152121
152124
152127
152128
152129
152131
152136
152137
152139
152142
152144
152145
152146
152147
152148
152150
152151
152154
152164
152165
152178
152180
152181
152182
152183
152185
152188
152190
152191
152193
152195
152196
152197
152198
152199
152200
152202
152205
152206
152207
152208
152209
152214
152224
152228
152239
152241
152243
152246
152253
152254
152256
152261
152272
152274
152275
152277
152278
152279
152280
152281
152282
152283
152289
152293
152298
152300
152307
152308
152309
152312
152323
152325
152328
152329
152332
152333
152334
152335
152339
152341
152342
152344
152355
152359
152367
152368
152370
152371
152372
152373
152374
152375
152376
152377
152385
152390
152395
152399
152434
152438
152439
152440
152454
152456
152457
152458
152464
152465
152466
152468
152471
152473
152479
152480
152483
152484
152485
152486
152487
152488
152489
152490
152491
152492
152493
152495
152496
152497
152498
152499
152501
152503
152504
152505
152506
152510
152511
152516
152517
152518
152524
152528
152529
152532
152533
152534
152535
152536
152537
152538
152540
152541
152542
152543
152545
152546
152547
152548
152549
152550
152551
152552
152553
152554
152555
152556
152557
152559
152560
152561
152562
152563
152564
152565
152566
152567
152569
152570
152571
152572
152573
152574
152577
152578
152579
152580
152581
152582
152583
152584
152585
152587
152589
152590
152591
152592
152593
152594
152602
152606
152608
152609
152614
152619
152620
152622
152628
152629
152630
152635
152639
152640
152642
152645
152646
152647
152651
152652
152663
152664
152692
152695
152699
152700
152705
152707
152710
152712
152714
152715
152716
152717
152719
152720
152722
152724
152726
152728
152729
152730
152731
152732
152733
152734
152735
152738
152739
152743
152744
152745
152747
152748
152756
152760
152761
152764
152765
152767
152769
152772
152773
152774
152775
152777
152778
152779
152780
152781
152782
152783
152784
152788
152789
152795
152796
152797
152798
152799
152801
152815
152818
152821
152822
152859
152860
152861
152866
152868
152871
152873
152874
152875
152876
152877
152878
152879
152880
152881
152882
152884
152885
152886
152889
152890
152891
152892
152893
152900
152903
152904
152905
152906
152907
152908
152909
152910
152911
152912
152913
152914
152915
152917
152918
152919
152922
152923
152924
152925
152926
152927
152928
152929
152930
152932
152933
152934
152935
152936
152937
152938
152939
152941
152943
152944
152945
152946
152947
152948
152952
152953
152954
152955
152960
152961
152962
152963
152964
152965
152968
152969
152970
152971
152973
152974
152975
152976
152977
152978
152979
152980
152981
152983
152984
152985
152987
152988
152989
152990
152991
152992
152993
152994
152995
152996
152997
152998
152999
153012
153013
153014
153016
153017
153018
153019
153021
153022
153039
153040
153049
153050
153051
153052
153053
153055
153056
153064
153070
153074
153076
153077
153081
153090
153094
153095
153097
153098
153100
153118
153119
153122
153125
153126
153128
153129
153131
153160
153165
153168
153170
153171
153173
153190
153193
153207
153217
153218
153221
153225
153227
153228
153231
153254
153257
153258
153259
153262
153263
153264
153265
153266
153277
153304
153358
153359
153361
153362
153363
153366
153369
153370
153371
153372
153375
153376
153378
153379
153380
153381
153382
153384
153385
153390
153395
153403
153404
153409
153414
153416
153417
153426
153434
153435
153436
153437
153438
153439
153444
153445
153446
153447
153448
153465
153624
153629
153631
153633
153634
153635
153636
153637
153639
153642
153643
153644
153645
153648
153650
153656
153658
153659
153663
153703
153704
153705
153707
153714
153721
153724
153725
153726
153727
153729
153731
153732
153734
153736
153738
153739
153741
153742
153743
153744
153745
153747
153748
153749
153750
153751
153757
153758
153759
153760
153761
153762
153763
153767
153770
153771
153773
153778
153780
153782
153783
153785
153786
153787
153788
153789
153792
153794
153795
153796
153798
153800
153803
153804
153806
153825
153830
153831
153834
153840
153843
153846
153847
153848
153858
153859
153864
153886
153889
153892
153893
153898
153899
153904
153907
153919
153921
153922
153924
153933
153938
153939
153940
153944
153945
153954
153956
153975
153981
153982
153983
153989
153991
153992
153994
154000
154025
154026
154029
154031
154035
154044
154050
154053
154054
154059
154060
154064
154079
154083
154084
154086
154087
154088
154089
154090
154091
154093
154094
154096
154099
154100
154101
154106
154120
154121
154122
154123
154124
154125
154126
154127
154128
154129
154130
154131
154134
154137
154140
154141
154144
154147
154156
154164
154170
154177
154189
154190
154196
154198
154200
154203
154205
154206
154210
154211
154212
154213
154214
154215
154216
154220
154223
154235
154236
154239
154240
154245
154246
154247
154248
154249
154266
154274
154275
154276
154277
154282
154283
154292
154295
154297
154298
154299
154300
154301
154302
154303
154304
154305
154307
154308
154309
154312
154313
154314
154316
154317
154318
154319
154320
154321
154322
154323
154324
154326
154327
154328
154330
154331
154332
154333
154334
154336
154337
154338
154339
154340
154341
154342
154343
154346
154347
154349
154350
154351
154352
154353
154354
154357
154367
154368
154369
154370
154371
154372
154373
154374
154379
154382
154384
154385
154389
154390
154391
154392
154394
154395
154420
154423
154441
154479
154481
154484
154486
154489
154504
154540
154541
154542
154543
154545
154606
154608
154609
154610
154611
154612
154613
154614
154622
154623
154624
154627
154628
154629
154631
154634
154635
154636
154637
154639
154640
154641
154642
154643
154644
154645
154646
154647
154649
154650
154651
154653
154656
154665
154666
154667
154673
154674
154675
154676
154677
154678
154679
154683
154684
154685
154686
154688
154690
154691
154693
154694
154696
154698
154700
154701
154707
154713
154718
154719
154720
154728
154741
154742
154743
154753
154757
154758
154762
154765
154771
154788
154789
154813
154883
154904
154918
154926
154939
154948
154956
154969
154976
154977
154978
154982
154988
154990
154993
154994
154997
155000
155002
155003
155006
155093
155125
155129
155132
155180
155181
155183
155237
155238
155239
155240
155242
155246
155247
155248
155249
155250
155251
155253
155254
155255
155256
155257
155258
155259
155260
155261
155262
155266
155267
155269
155271
155272
155275
155276
155277
155278
155279
155280
155283
155284
155285
155295
155302
155311
155312
155374
155381
155393
155394
155397
155398
155399
155400
155401
155403
155405
155406
155408
155410
155412
155414
155420
155424
155431
155433
155435
155437
155438
155448
155449
155450
155451
155452
155454
155455
155457
155458
155459
155460
155461
155473
155474
155478
155480
155482
155483
155484
155486
155487
155488
155489
155490
155491
155492
155498
155499
155506
155512
155518
155523
155524
155525
155539
155540
155541
155543
155546
155569
155570
155583
155584
155601
155724
155728
155730
155732
155733
155736
155737
155738
155739
155744
155745
155749
155750
155751
155752
155754
155755
155756
155764
155765
155766
155769
155770
155772
155773
155775
155781
155784
155786
155790
155791
155792
155798
155799
155800
155801
155802
155807
155808
155810
155811
155812
155813
155817
155818
155819
155820
155821
155822
155824
155825
155826
155827
155829
155830
155832
155833
155834
155835
155837
155838
155839
155849
155858
155859
155862
155884
155885
155919
155925
155933
155973
155974
156062
156063
156064
156065
156066
156072
156074
156075
156076
156077
156122
156130
156145
156148
156265
156267
156269
156272
156275
156276
156286
156290
156291
156292
156304
156305
156306
156357
156358
156359
156571
156578
156579
156580
156581
156585
156586
156587
156588
156589
156590
156593
156598
156599
156602
156603
156604
156605
156607
156608
156609
156610
156611
156616
156620
156622
156627
156629
156646
156653
156673
156683
156685
156687
156706
156707
156713
156714
156716
156727
156731
156733
156734
156735
156736
156737
156738
156739
156741
156748
156756
156758
156759
156760
156761
156771
156773
156779
156780
156781
156782
156783
156784
156786
156787
156790
156791
156792
156793
156795
156796
156797
156798
156799
156800
156801
156802
156803
156804
156805
156806
156808
156809
156810
156811
156812
156815
156816
156817
156818
156819
156820
156821
156822
156823
156824
156825
156826
156827
156841
156844
156846
156892
156896
156937
156997
157042
157114
157115
157117
157187
157418
157424
157427
157428
157429
157430
157431
157440
157448
157449
157451
157452
157453
157454
157458
157460
157461
157462
157464
157465
157466
157467
157468
157470
157471
157472
157476
157478
157479
157480
157481
157482
157483
157489
157490
157491
157492
157498
157499
157501
157507
157508
157509
157510
157511
157521
157522
157530
157536
157539
157540
157543
157545
157546
157547
157548
157549
157550
157551
157552
157555
157556
157557
157559
157560
157561
157562
157563
157564
157565
157566
157576
157580
157582
157586
157598
157599
157600
157602
157609
157610
157617
157618
157619
157621
157622
157624
157625
157626
157627
157628
157629
157633
157634
157635
157636
157638
157639
157640
157643
157644
157647
157649
157650
157654
157670
157671
157678
157681
157688
157689
157690
157694
157695
157696
157698
157702
157703
157705
157706
157707
157708
157709
157710
157711
157712
157713
157714
157715
157716
157718
157719
157720
157722
157723
157727
157729
157730
157732
157733
157735
157752
157762
157771
157772
157774
157775
157776
157781
157784
157785
157802
157807
157808
157812
157836
157837
157838
157853
157854
157856
157857
157866
157867
157868
157869
157871
157872
157873
157877
157878
157879
157914
157916
157919
157920
157921
157922
157923
157929
157932
157935
157937
157939
157955
157956
157989
157990
157991
157998
158003
158004
158005
158022
158026
158030
158041
158047
158048
158054
158096
158107
158109
158112
158114
158115
158116
158117
158118
158119
158120
158121
158123
158124
158127
158135
158164
158167
158168
158169
158175
158176
158181
158184
158201
158218
158219
158222
158235
158253
158260
158261
158262
158267
158268
158269
158270
158271
158275
158279
158282
158283
158287
158288
158290
158294
158296
158297
158298
158300
158306
158314
158323
158325
158326
158327
158330
158346
158351
158353
158355
158395
158399
158400
158401
158406
158455
158457
158532
158533
158534
158537
158594
158731
158736
158739
158740
158751
158754
158757
158758
158759
158760
158761
158762
158763
158767
158802
158805
158806
158807
158812
158813
158814
158816
158817
158818
158820
158821
158822
158823
158824
158825
158826
158827
158828
158830
158832
158833
158834
158835
158837
158838
158839
158840
158841
158842
158843
158844
158845
158846
158847
158848
158849
158850
158851
158852
158853
158854
158855
158857
158860
158861
158864
158865
158867
158868
158870
158871
158872
158873
158874
158875
158876
158877
158878
158879
158880
158881
158882
158883
158885
158886
158887
158889
158890
158891
158893
158894
158895
158896
158898
158899
158901
158902
158903
158904
158905
158906
158908
158909
158910
158911
158912
158913
158918
158920
158923
158924
158925
158926
158927
158928
158929
158930
158931
158932
158935
158936
158937
158939
158943
158944
158945
158946
158947
158950
158952
158954
158957
158959
158960
158961
158962
158963
158966
158967
158968
158969
158970
158971
158972
158973
158974
158975
158976
158985
158987
158988
158989
158990
158993
158994
158996
158999
159000
159003
159004
159005
159006
159007
159008
159011
159013
159014
159016
159017
159018
159019
159020
159021
159022
159023
159024
159026
159027
159028
159029
159031
159032
159035
159059
159062
159064
159065
159066
159067
159069
159071
159073
159074
159079
159080
159081
159082
159083
159084
159085
159086
159089
159090
159091
159092
159093
159094
159096
159098
159099
159109
159110
159111
159126
159129
159131
159138
159139
159140
159143
159144
159145
159149
159150
159152
159153
159154
159155
159156
159157
159158
159160
159161
159163
161840
161842
161843
161909
161942
161944
161945
161946
161948
161950
161963
161964
161965
161966
161967
161969
161973
161974
161975
161976
161977
161978
161979
161980
161981
161992
162019
162028
162029
162047
162048
162049
162061
162062
162066
162072
162074
162078
162079
162083
162084
162123
162124
162127
162129
162142
162143
162144
162145
162146
162149
162161
162170
162171
162172
162177
162178
162183
162186
162187
162194
162198
162228
162234
162235
162242
162243
162246
162247
162248
162252
162257
162258
162259
162260
162262
162263
162264
162266
162268
162274
162275
162279
162280
162286
162287
162288
162289
162290
162291
162299
162301
162302
162304
162310
162311
162312
162314
162328
162340
162342
162384
162385
162392
162396
162397
162399
162400
162401
162406
162410
162412
162414
162416
162441
162442
162443
162444
162445
162446
162447
162448
162449
162451
162452
162454
162455
162456
162457
162462
162464
162469
162470
162479
162481
162482
162483
162484
162485
162486
162487
162488
162491
162492
162493
162495
162496
162497
162500
162502
162506
162509
162510
162511
162512
162521
162657
162659
162666
162675
162696
162876
162877
162878
162879
162882
162899
162964
162968
162969
162971
162972
162973
162974
162975
162979
162980
162982
162983
162984
162986
162987
162988
162989
162990
162991
162992
162993
162994
162995
162996
162997
162998
162999
163000
163001
163002
163003
163004
163005
163006
163007
163008
163009
163010
163015
163016
163017
163020
163021
163033
163050
163052
163053
163055
163056
163057
163059
163060
163062
163063
163064
163067
163069
163070
163072
163074
163076
163077
163102
163105
163107
163108
163110
163112
163113
163115
163116
163117
163119
163120
163121
163130
163135
163140
163141
163142
163143
163148
163178
163185
163191
163199
163200
163215
163217
163220
163221
163228
163229
163234
163235
163236
163241
163242
163243
163244
163245
163246
163247
163248
163252
163253
163254
163255
163256
163257
163258
163261
163262
163265
163270
163282
163288
163292
163296
163298
163300
163308
163314
163321
163334
163352
163405
163413
163464
163470
163473
163474
163477
163485
163500
163501
163502
163503
163508
163519
163525
163529
163545
163548
163555
163707
163714
163717
163719
163723
163731
163732
163735
163810
163904
163908
163910
163924
163937
163942
163943
163946
163947
163948
163951
163952
163954
163955
163977
163978
164098
164117
164130
164180
164183
164193
164201
164202
164408
164412
164418
164420
164428
164429
164431
164432
164475
164476
164484
164487
164493
164494
164495
164505
164511
164525
164526
164532
164534
164540
164541
164542
164543
164544
164546
164547
164548
164554
164557
164558
164562
164588
164589
164628
164710
164721
164728
164729
164730
164731
164732
164733
164735
164747
164758
164763
164765
164768
164769
164776
164777
164779
164781
164784
164785
164786
164787
164790
164791
164792
164793
164794
164795
164796
164797
164798
164799
164800
164801
164803
164805
164806
164815
164819
164829
164830
164832
164833
164835
164837
164845
164859
164860
164862
164865
164866
164867
164868
164869
164874
164877
164882
164894
164934
164936
164937
164939
164955
164963
164966
164971
164974
164981
164982
164983
164984
164993
164994
164996
165001
165009
165011
165012
165028
165029
165034
165040
165042
165044
165047
165048
165049
165052
165053
165054
165056
165057
165058
165062
165063
165064
165065
165066
165069
165073
165076
165077
165078
165079
165080
165081
165083
165084
165086
165087
165088
165090
165092
165095
165097
165105
165107
165108
165109
165117
165118
165119
165123
165125
165126
165129
165165
165187
165202
165248
165249
165283
165286
165289
165299
165325
165346
165347
165348
165351
165352
165353
165354
165358
165361
165365
165366
165367
165368
165369
165370
165371
165372
165373
165374
165375
165376
165377
165378
165380
165383
165384
165385
165386
165387
165388
165389
165390
165391
165392
165394
165395
165397
165398
165402
165403
165404
165407
165408
165412
165417
165418
165419
165422
165423
165425
165459
165467
165472
165474
165475
165476
165480
165484
165486
165487
165490
165498
165499
165501
165502
165505
165515
165539
165540
165543
165546
165547
165557
165559
165564
165567
165568
165570
165571
165578
165594
165595
165648
165656
165657
165659
165665
165670
165671
165672
165674
165675
165676
165677
165678
165686
165687
165688
165694
165695
165696
165697
165698
165699
165700
165701
165703
165705
165706
165707
165709
165710
165715
165716
165717
165718
165719
165723
165724
165726
165728
165731
165733
165735
165736
165737
165738
165739
165742
165745
165746
165747
165750
165753
165755
165756
165760
165772
165774
165777
165779
165781
165782
165783
165787
165788
165789
165795
165796
165797
165798
165812
165825
165826
165827
165830
165831
165832
165833
165834
165835
165836
165837
165842
165844
165847
165857
165858
165859
165860
165862
165863
165874
165904
165905
165908
165909
165911
165912
165913
165914
165915
165916
165917
165918
165923
165924
165925
165929
165931
165942
165943
165944
165945
165946
165958
165960
165962
165977
165978
165979
165980
165998
165999
166000
166001
166002
166003
166006
166009
166014
166017
166036
166037
166040
166048
166050
166051
166052
166053
166054
166067
166068
166069
166071
166075
166076
166077
166078
166079
166083
166084
166086
166089
166090
166092
166102
166108
166112
166116
166129
166130
166143
166154
166175
166185
166186
166188
166189
166190
166191
166193
166198
166199
166200
166201
166202
166205
166206
166210
166212
166214
166215
166218
166221
166223
166224
166227
166228
166232
166258
166271
166272
166278
166286
166287
166288
166289
166291
166293
166294
166295
166296
166297
166298
166299
166300
166301
166302
166303
166305
166306
166307
166308
166309
166310
166313
166314
166317
166319
166320
166322
166323
166325
166326
166329
166330
166335
166336
166342
166347
166348
166349
166356
166357
166358
166360
166361
166368
166369
166370
166371
166372
166377
166379
166380
166393
166394
166396
166407
166408
166409
166417
166420
166422
166423
166435
166436
166443
166457
166458
166469
166471
166472
166477
166513
166515
166538
166615
166651
166652
166653
166689
166692
166693
166694
166695
166701
166702
166703
166704
166705
166706
166708
166720
166722
166723
166724
166725
166728
166729
166731
166732
166737
166740
166741
166742
166748
166749
166789
166790
166798
166804
166805
166807
166808
166809
166810
166816
166817
166818
166826
166834
166837
166839
166840
166844
166847
166848
166849
166852
166853
166855
166856
166860
166862
166868
166870
166880
166881
166897
166917
166920
166922
166925
166926
166927
166934
166935
166947
166950
166951
166953
166955
166957
166958
166967
166969
166971
166972
166973
166975
166976
166977
166989
166994
166996
167003
167007
167009
167010
167011
167025
167026
167038
167039
167045
167048
167062
167063
167064
167068
167085
167095
167097
167098
167101
167102
167140
167141
167142
167144
167145
167146
167148
167149
167152
167153
167161
167170
167172
167173
167209
167217
167220
167223
167224
167225
167228
167229
167234
167235
167236
167237
167244
167253
167256
167257
167258
167260
167264
167265
167268
167269
167281
167306
167308
167348
167388
167389
167395
167399
167426
167446
167447
167448
167449
167450
167452
167453
167454
167457
167462
167464
167468
167474
167475
167487
167490
167491
167492
167493
167494
167500
167543
167547
167548
167580
167589
167591
167601
167606
167607
167618
167620
167666
167672
167684
167685
167687
167701
167702
167703
167704
167708
167709
167710
167713
167715
167716
167725
167730
167734
167740
167741
167744
167754
167755
167758
167760
167765
167767
167769
167773
167774
167775
167779
167780
167781
167782
167784
167785
167787
167789
167790
167807
167818
167820
167821
167822
167823
167824
167836
167862
167871
167872
167873
167880
167883
167884
167885
167916
167917
167942
167951
167956
167961
167973
167976
167977
167978
167980
167986
167988
167990
168001
168002
168004
168005
168006
168008
168009
168011
168015
168016
168022
168055
168106
168107
168115
168122
168125
168126
168142
168143
168149
168153
168167
168169
168269
168287
168319
168327
168335
168338
168346
168350
168351
168353
168359
168363
168371
168390
168398
168403
168405
168406
168408
168409
168410
168411
168412
168415
168417
168420
168422
168425
168431
168434
168438
168442
168443
168444
168446
168449
168450
168451
168466
168470
168471
168472
168473
168526
168528
168529
168531
168532
168533
168535
168553
168554
168555
168556
168565
168567
168569
168574
168577
168581
168585
168605
168606
168607
168608
168610
168611
168612
168615
168616
168617
168618
168619
168620
168621
168623
168624
168625
168634
168636
168657
168663
168664
168665
168666
168667
168668
168690
168693
168694
168695
168698
168700
168701
168702
168703
168704
168706
168707
168708
168709
168710
168711
168713
168716
168720
168721
168726
168732
168734
168735
168749
168751
168754
168755
168761
168762
168763
168764
168766
168768
168769
168771
168772
168773
168775
168793
168794
168801
168805
168807
168817
168818
168821
168822
168833
168839
168840
168848
168849
168850
168857
168859
168866
168868
168870
168872
168875
168876
168878
168884
168894
168895
168897
168898
168906
168915
168922
168924
168925
168929
168930
168931
168941
168942
168943
168944
168945
168947
168952
168956
168957
168958
168960
168961
168964
168965
168966
168979
168981
168982
168987
168997
168998
169010
169011
169013
169015
169020
169024
169025
169028
169029
169033
169034
169040
169047
169050
169090
169091
169096
169098
169099
169101
169104
169105
169123
169125
169126
169127
169136
169158
169159
169160
169165
169167
169174
169184
169185
169186
169187
169192
169198
169199
169200
169218
169221
169223
169225
169227
169228
169246
169251
169307
169310
169311
169340
169349
169350
169353
169355
169356
169360
169381
169383
169409
169410
169411
169414
169496
169497
169498
169502
169503
169505
169507
169508
169529
169531
169532
169533
169534
169536
169538
169542
169544
169545
169549
169559
169561
169562
169563
169564
169565
169566
169567
169568
169569
169570
169571
169572
169573
169574
169575
169577
169578
169579
169581
169582
169584
169589
169594
169595
169598
169600
169601
169602
169603
169604
169611
169616
169619
169622
169623
169624
169625
169637
169638
169649
169652
169653
169658
169662
169663
169672
169678
169679
169686
169695
169698
169763
169767
169828
169843
169846
169847
169848
169850
169857
169858
169860
169866
169867
169884
169887
169889
170015
170019
170020
170040
170041
170042
170046
170065
170081
170084
170098
170099
170105
170109
170114
170116
170118
170129
170132
170133
170134
170136
170137
170138
170144
170157
170164
170169
170173
170174
170175
170176
170178
170179
170183
170186
170189
170190
170200
170202
170203
170204
170206
170207
170209
170210
170211
170212
170213
170214
170217
170218
170220
170222
170223
170224
170225
170227
170228
170229
170230
170231
170234
170236
170239
170240
170252
170379
170382
170413
170414
170422
170423
170424
170480
170481
170482
170483
170486
170487
170488
170489
170490
170491
170492
170493
170494
170497
170500
170501
170507
170514
170515
170519
170521
170522
170526
170533
170534
170539
170540
170543
170544
170545
170546
170547
170548
170549
170552
170553
170554
170568
170569
170570
170584
170588
170589
170591
170593
170602
170603
170604
170605
170648
170652
170653
170668
170669
170676
170679
170686
170687
170689
170691
170697
170698
170721
170722
170737
170741
170742
170745
170746
170749
170750
170783
170798
170803
170855
170866
170867
170868
170869
170870
170873
170874
170895
170903
170914
170915
170916
170917
170921
170922
170923
170924
170928
170941
170942
170950
170951
170953
170954
170963
170976
170978
170979
170980
170983
170984
170993
170994
170995
170998
170999
171003
171004
171006
171009
171011
171013
171014
171015
171016
171017
171019
171020
171022
171023
171027
171033
171051
171053
171056
171058
171152
171177
171181
171182
171204
171205
171207
171208
171209
171210
171214
171215
171216
171226
171227
171236
171237
171238
171245
171271
171272
171277
171278
171279
171286
171287
171288
171289
171297
171298
171304
171308
171310
171311
171315
171316
171319
171320
171321
171325
171336
171348
171349
171354
171359
171362
171366
171367
171368
171377
171389
171395
171418
171423
171427
171428
171429
171430
171431
171432
171433
171434
171435
171436
171455
171456
171457
171463
171467
171468
171472
171483
171484
171485
171486
171487
171488
171489
171490
171492
171493
171495
171498
171500
171535
171536
171539
171547
171604
171700
171709
171721
171723
171724
171725
171729
171730
171731
171733
171734
171736
171737
171745
171746
171747
171749
171751
171755
171759
171760
171763
171764
171766
171767
171768
171769
171770
171771
171773
171775
171776
171790
171793
171808
171809
171811
171812
171814
171826
171828
171830
171832
171889
171890
171891
171892
171916
171921
171922
171924
171925
171929
171965
171977
171978
171993
171994
171995
171997
171998
172016
172037
172038
172040
172042
172043
172044
172046
172048
172049
172050
172051
172052
172053
172054
172055
172056
172061
172062
172067
172068
172071
172091
172120
172132
172136
172137
172138
172158
172159
172160
172163
172171
172176
172178
172182
172186
172205
172222
172223
172225
172226
172227
172228
172229
172233
172234
172236
172237
172240
172241
172242
172244
172246
172248
172253
172255
172256
172262
172271
172280
172281
172282
172283
172284
172289
172290
172291
172303
172306
172307
172309
172312
172313
172314
172316
172317
172328
172329
172330
172331
172334
172353
172357
172359
172362
172363
172365
172366
172367
172376
172384
172387
172388
172389
172390
172392
172399
172422
172431
172434
172458
172459
172465
172493
172495
172498
172518
172519
172554
172562
172564
172567
172593
172597
172598
172599
172602
172606
172617
172630
172639
172640
172641
172728
172732
172737
172741
172749
172759
172765
172766
172767
172768
172769
172770
172775
172776
172778
172780
172782
172796
172806
172807
172808
172810
172819
172821
172823
172834
172835
172837
172852
172853
172862
172873
172876
172879
172880
172883
172884
172886
172887
172888
172891
172896
172931
172932
172937
172945
172946
172947
172965
172970
172973
173172
173673
173675
173677
173678
173679
173680
173681
173683
173685
173686
173687
173688
173689
173690
173693
173700
173701
173703
173704
173705
173706
173714
173734
173735
173737
173741
173749
173751
173752
173753
173754
173756
173761
173770
173774
173792
173802
173804
173805
173806
173809
173814
173815
173817
173818
173819
173837
173839
173843
173849
173856
173857
173858
173865
173876
173881
173907
173908
173911
173914
173915
173916
173926
173927
173931
173936
173940
173941
173947
173948
173950
173951
173953
173954
173956
173977
173998
173999
174000
174001
174003
174004
174005
174006
174008
174009
174014
174015
174016
174017
174018
174019
174020
174021
174022
174023
174025
174026
174029
174032
174035
174038
174040
174042
174046
174049
174051
174053
174055
174056
174057
174059
174061
174064
174065
174068
174079
174080
174081
174082
174084
174087
174098
174099
174109
174124
174127
174134
174158
174164
174167
174170
174171
174180
174181
174182
174185
174186
174188
174189
174190
174191
174192
174193
174194
174195
174196
174199
174206
174207
174265
174288
174290
174301
174308
174314
174318
174335
174364
174365
174366
174375
174377
174379
174383
174389
174390
174406
174407
174409
174412
174415
174416
174417
174418
174430
174457
174458
174459
174469
174474
174483
174484
174485
174486
174487
174493
174506
174519
174531
174533
174536
174541
174542
174551
174554
174558
174559
174567
174586
174596
174609
174610
174612
174633
174635
174640
174641
174651
174655
174656
174658
174667
174673
174683
174684
174686
174688
174689
174691
174692
174708
174709
174712
174722
174723
174728
174732
174738
174754
174759
174760
174771
174773
174786
174787
174796
174820
174822
174832
174835
174838
174857
174858
174859
174862
174900
174901
174902
174903
174904
174905
174975
174978
175076
175079
175080
175085
175086
175090
175094
175100
175101
175104
175106
175108
175109
175117
175119
175130
175136
175146
175151
175152
175165
175166
175169
175173
175174
175175
175176
175177
175179
175181
175182
175183
175192
175194
175195
175196
175197
175198
175200
175202
175204
175205
175206
175207
175208
175209
175210
175211
175212
175213
175214
175215
175216
175217
175218
175219
175221
175227
175229
175231
175232
175234
175235
175237
175238
175239
175241
175242
175244
175254
175257
175258
175261
175263
175267
175268
175269
175270
175271
175272
175274
175284
175285
175288
175292
175295
175298
175301
175306
175313
175314
175315
175316
175317
175318
175319
175320
175322
175323
175325
175333
175334
175337
175340
175342
175343
175344
175349
175357
175358
175360
175361
175387
177057
177598
181440
181442
181541
192845
193341
195016
195021
199851
200014
200016
200020
206664
288387
294081
297375
297420
354890
354902
358661
358663
358664
359267
359311
359314
359315
359331
359390
359397
359398
359400
359405
359406
359407
359408
359409
359410
359411
359413
359414
359419
359420
359421
359422
359423
359424
359426
359428
359429
359430
359431
359432
359434
359435
359436
359437
359438
359439
359442
359443
359444
359445
359446
359447
359448
359449
359450
359451
359455
359457
359458
359459
359460
359461
359462
359463
359464
359467
359468
359469
359476
359477
359478
359479
359480
359481
359482
359483
359484
359485
359486
359487
359489
359491
359492
359493
359495
359496
359499
359500
359502
359516
359518
359519
359521
359523
359524
359528
359529
359530
359532
359533
359534
359535
359536
359538
359539
359542
359543
359544
359546
359547
359549
359550
359551
359553
359554
359555
359562
359563
359565
359568
359569
359571
359572
359573
359576
359577
359578
359579
359580
359581
359582
359583
359585
359586
359587
359588
359589
359590
359591
359592
359593
359594
359595
359596
359599
359601
359604
359606
359607
359608
359610
359612
359613
359614
359615
359616
359617
359618
359619
359621
359623
359624
359625
359626
359627
359630
359631
359632
359633
359640
359641
359644
359645
359646
359647
359648
359649
359650
359651
359652
359653
359654
359655
359656
359657
359658
359659
359660
359661
359662
359663
359664
359665
359666
359667
359668
359669
359670
359671
359672
359673
359675
359676
359677
359678
359679
359680
359681
359682
359683
359684
359685
359686
359687
359688
359690
359691
359692
359693
359694
359695
359696
359697
359698
359699
359702
359704
359713
359714
359715
359716
359718
359719
359720
359722
359723
359724
359725
359726
359727
359728
359729
359730
359731
359732
359733
359734
359735
359736
359737
359738
359739
359740
359741
359742
359743
359744
359745
359746
359747
359748
359749
359750
359751
359752
359753
359754
359755
359757
359758
359765
359766
359767
359771
359773
359774
359775
359777
359779
359780
359781
359782
359785
359786
359787
359788
359789
359791
359792
359793
359795
359796
359799
359801
359805
359806
359807
359808
359809
359810
359811
359814
359815
359825
359827
359833
359834
359836
359837
359838
359840
359841
359842
359843
359844
359845
359848
359849
359850
359851
359852
359853
359854
359855
359856
359857
359858
359859
359860
359864
359866
359867
359868
359869
359870
359871
359872
359873
359879
359880
359881
359882
359883
359887
359888
359889
359890
359891
359892
359904
359906
359908
359910
359911
359913
359915
359918
359921
359923
359925
359926
359927
359928
359930
359931
359932
359933
359934
359935
359936
359937
359938
359943
359944
359952
359954
359961
359999
360000
360001
360003
360005
360006
360018
360032
360036
360039
360040
360041
360044
360047
360055
360056
360057
360058
360065
360067
360068
360069
360071
360073
360076
360077
360078
360079
360093
360096
360097
360098
360099
360100
360103
360104
360105
360106
360107
360109
360110
360111
360117
360120
360121
360122
360123
360124
360125
360126
360129
360130
360131
360132
360134
360149
360152
360153
360155
360156
360165
360166
360168
360169
360170
360171
360172
360173
360174
360175
360176
360177
360178
360182
360189
360190
360191
360192
360193
360194
360195
360196
360200
360201
360203
360208
360209
360210
360247
360249
360266
360269
360270
360271
360274
360276
360281
360282
360283
360284
360285
360286
360288
360289
360290
360291
360292
360293
360294
360302
360303
360304
360308
360313
360315
360326
360328
360329
360332
360334
360348
360350
360352
360353
360356
360357
360359
360360
360362
360365
360366
360367
360368
360369
360370
360371
360372
360373
360375
360376
360377
360378
360380
360383
360384
360385
360386
360387
360388
360390
360391
360392
360393
360395
360396
360397
360398
360399
360400
360403
360404
360405
360406
360410
360412
360413
360414
360415
360416
360417
360420
360421
360423
360424
360426
360427
360428
360432
360433
360434
360435
360436
360437
360438
360439
360440
360447
360448
360450
360451
360452
360453
360454
360455
360456
360457
360459
360460
360461
360462
360463
360464
360465
360466
360467
360469
360471
360472
360473
360477
360478
360485
360492
360502
360503
360504
360505
360509
360510
360519
360520
360521
360522
360523
360524
360526
360527
360528
360529
360531
360532
360533
360534
360535
360536
360537
360543
360544
360545
360546
360547
360548
360549
360551
360552
360553
360554
360555
360556
360557
360559
360560
360562
360563
360566
360577
360578
360579
360580
360584
360585
360586
360587
360588
360590
360591
360592
360593
360594
360595
360596
360597
360598
360599
360602
360603
360604
360605
360610
360612
360613
360614
360615
360616
360617
360618
360619
360620
360622
360623
360624
360625
360626
360627
360630
360631
360632
360633
360634
360635
360636
360637
360638
360639
360640
360641
360644
360645
360651
360653
360660
360662
360663
360664
360667
360668
360669
360670
360671
360672
360673
360674
360677
360678
360679
360680
360682
360684
360685
360686
360691
360692
360693
360695
360696
360697
360698
360699
360700
360701
360702
360706
360707
360708
360709
360710
360712
360713
360714
360715
360716
360717
360718
360719
360723
360725
360726
360736
360743
360744
360745
360746
360749
360770
360771
360772
360773
360774
360775
360776
360777
360778
360779
360780
360781
360782
360783
360784
360785
360786
360787
360788
360789
360790
360791
360792
360793
360794
360795
360796
360797
360798
360799
360801
360802
360803
360804
360806
360807
360808
360809
360810
360811
360812
360813
360814
360815
360816
360817
360818
360819
360820
360821
360822
360823
360825
360826
360827
360831
360832
360834
360835
360836
360838
360839
360840
360843
360844
360845
360846
360847
360848
360850
360851
360852
360853
360854
360855
360856
360857
360858
360859
360860
360862
360863
360865
360866
360871
360872
360873
360874
360875
360877
360878
360880
360881
360882
360883
360884
360885
360886
360887
360888
360889
360891
360892
360893
360905
360907
360909
360911
360913
360914
360915
360917
360918
360919
360920
360921
360922
360923
360924
360927
360928
360929
360930
360931
360933
360934
360935
360936
360937
360938
360939
360940
360941
360942
360946
360947
360948
360949
360950
360951
360952
360953
360954
360957
360958
360959
360968
360969
360970
360971
360974
360976
360977
360978
360980
360981
360982
360983
360986
360988
360990
360991
360995
360996
360997
360998
360999
361000
361001
361005
361006
361007
361008
361009
361010
361011
361012
361013
361014
361015
361016
361018
361019
361020
361021
361023
361024
361025
361026
361027
361028
361030
361031
361032
361033
361034
361035
361036
361037
361038
361042
361047
361048
361052
361054
361055
361056
361057
361058
361059
361060
361061
361062
361063
361064
361065
361066
361067
361068
361069
361070
361071
361072
361073
361074
361075
361076
361077
361078
361079
361080
361081
361082
361083
361084
361085
361086
361087
361088
361089
361090
361091
361092
361095
361098
361101
361102
361103
361104
361105
361106
361107
361108
361109
361110
361111
361112
361113
361114
361115
361116
361119
361120
361121
361123
361124
361125
361130
361131
361133
361134
361136
361137
361138
361145
361146
361147
361148
361149
361150
361151
361152
361154
361155
361156
361157
361158
361159
361160
361161
361162
361163
361178
361180
361182
361183
361184
361187
361188
361190
361191
361192
361193
361195
361197
361198
361199
361200
361201
361202
361204
361205
361206
361209
361210
361211
361212
361213
361219
361220
361221
361222
361225
361226
361227
361228
361232
361233
361234
361236
361238
361241
361242
361243
361244
361245
361246
361247
361248
361251
361252
361255
361259
361260
361261
361262
361263
361264
361265
361266
361267
361268
361269
361270
361271
361272
361274
361275
361278
361279
361280
361281
361282
361283
361284
361285
361287
361288
361289
361294
361295
361296
361309
361310
361311
361312
361313
361314
361315
361316
361317
361331
361332
361335
361336
361337
361338
361339
361340
361341
361343
361345
361346
361347
361348
361349
361353
361354
361355
361356
361357
361358
361362
361363
361364
361365
361366
361367
361368
361369
361370
361371
361372
361373
361374
361375
361376
361377
361378
361382
361384
361385
361386
361387
361388
361389
361390
361391
361392
361393
361394
361396
361397
361398
361399
361400
361401
361402
361403
361404
361405
361406
361407
361408
361409
361411
361412
361413
361414
361415
361416
361418
361419
361421
361423
361424
361426
361428
361430
361431
361432
361433
361434
361435
361436
361437
361438
361439
361440
361443
361445
361446
361448
361449
361450
361453
361458
361463
361471
361472
361474
361475
361476
361477
361478
361479
361480
361481
361482
361483
361484
361485
361486
361487
361488
361491
361492
361493
361494
361495
361496
361497
361498
361499
361500
361501
361502
361503
361504
361505
361506
361507
361508
361509
361510
361511
361512
361513
361514
361515
361516
361517
361518
361519
361527
361556
361557
361561
361568
361569
361573
361579
361580
361581
361582
361591
361592
361593
361595
361615
361619
361620
361623
361632
361634
361635
361636
361637
361638
361639
361641
361645
361646
361648
361649
361655
361657
361658
361659
361660
361661
361664
361670
361671
361672
361673
361674
361676
361677
361684
361686
361691
361694
361697
361703
361704
361705
361708
361709
361710
361711
361712
361713
361714
361717
361718
361720
361721
361722
361723
361726
361727
361728
361729
361733
361734
361735
361736
361739
361742
361743
361744
361746
361747
361748
361757
361767
361774
361776
361779
361784
361786
361787
361788
361789
361790
361791
361793
361794
361796
361797
361806
361807
361808
362076
362197
362309
362315
362316
362317
362318
362320
362322
362324
362326
362327
362330
362332
362335
362337
362338
362339
362341
362342
362343
362344
362345
362348
362349
362350
362351
362355
362356
362357
362358
362362
362363
362365
362366
362367
362368
362369
362370
362371
362372
362373
362374
362375
362377
362378
362379
362382
362383
362384
362386
362393
362394
362395
362396
362397
362398
362399
362401
362402
362403
362405
362406
362407
362408
362412
362414
362415
362416
362418
362419
362420
362423
362424
362425
362426
362427
362428
362434
362435
362436
362438
362439
362440
362442
362445
362447
362448
362449
362450
362451
362452
362453
362454
362455
362456
362459
362460
362461
362462
362463
362464
362465
362466
362467
362468
362469
362470
362471
362473
362474
362475
362476
362477
362478
362479
362480
362482
362486
362487
362488
362489
362490
362495
362496
362497
362498
362499
362500
362501
362502
362504
362507
362508
362509
362511
362512
362513
362514
362515
362517
362518
362519
362521
362522
362529
362533
362534
362535
362536
362537
362538
362539
362540
362541
362542
362543
362544
362545
362546
362547
362549
362550
362551
362552
362554
362557
362558
362559
362560
362564
362565
362566
362567
362568
362569
362571
362573
362574
362575
362577
362578
362582
362583
362584
362585
362587
362588
362589
362591
362592
362593
362594
362595
362597
362599
362601
362602
362610
362611
362612
362613
362623
362628
362630
362631
362634
362637
362641
362642
362643
362644
362645
362646
362649
362651
362652
362653
362654
362655
362656
362657
362658
362659
362660
362661
362662
362663
362664
362665
362666
362667
362668
362672
362674
362675
362676
362677
362678
362679
362680
362682
362683
362684
362685
362686
362688
362689
362690
362691
362693
362694
362695
362696
362697
362706
362707
362708
362709
362710
362711
362712
362716
362717
362719
362721
362727
362729
362735
362750
362752
362755
365412
365413
365435
365447
365826
367136
454890
454902
458661
458663
458664
459267
459311
459314
459315
459331
459390
459397
459398
459400
459405
459406
459407
459408
459409
459410
459411
459413
459414
459419
459420
459421
459422
459423
459424
459426
459428
459429
459430
459431
459432
459434
459435
459436
459437
459438
459439
459442
459443
459444
459445
459446
459447
459448
459449
459450
459451
459455
459457
459458
459459
459460
459461
459462
459463
459464
459467
459468
459469
459476
459477
459478
459479
459480
459481
459482
459483
459484
459485
459486
459487
459489
459491
459492
459493
459495
459496
459499
459500
459502
459516
459518
459519
459521
459523
459524
459528
459529
459530
459532
459533
459534
459535
459536
459538
459539
459542
459543
459544
459546
459547
459549
459550
459551
459553
459554
459555
459562
459563
459565
459568
459569
459571
459572
459573
459576
459577
459578
459579
459580
459581
459582
459583
459585
459586
459587
459588
459589
459590
459591
459592
459593
459594
459595
459596
459599
459601
459604
459606
459607
459608
459610
459612
459613
459614
459615
459616
459617
459618
459619
459621
459623
459624
459625
459626
459627
459630
459631
459632
459633
459640
459641
459644
459645
459646
459647
459648
459649
459650
459651
459652
459653
459654
459655
459656
459657
459658
459659
459660
459661
459662
459663
459664
459665
459666
459667
459668
459669
459670
459671
459672
459673
459675
459676
459677
459678
459679
459680
459681
459682
459683
459684
459685
459686
459687
459688
459690
459691
459692
459693
459694
459695
459696
459697
459698
459699
459702
459704
459713
459714
459715
459716
459718
459719
459720
459722
459723
459724
459725
459726
459727
459728
459729
459730
459731
459732
459733
459734
459735
459736
459737
459738
459739
459740
459741
459742
459743
459744
459745
459746
459747
459748
459749
459750
459751
459752
459753
459754
459755
459757
459758
459765
459766
459767
459771
459773
459774
459775
459777
459779
459780
459781
459782
459785
459786
459787
459788
459789
459791
459792
459793
459795
459796
459799
459801
459805
459806
459807
459808
459809
459810
459811
459814
459815
459825
459827
459833
459834
459836
459837
459838
459840
459841
459842
459843
459844
459845
459848
459849
459850
459851
459852
459853
459854
459855
459856
459857
459858
459859
459860
459864
459866
459867
459868
459869
459870
459871
459872
459873
459879
459880
459881
459882
459883
459887
459888
459889
459890
459891
459892
459904
459906
459908
459910
459911
459913
459915
459918
459921
459923
459925
459926
459927
459928
459930
459931
459932
459933
459934
459935
459936
459937
459938
459943
459944
459952
459954
459961
459999
460000
460001
460003
460005
460006
460018
460032
460036
460039
460040
460041
460044
460047
460055
460056
460057
460058
460065
460067
460068
460069
460071
460073
460076
460077
460078
460079
460093
460096
460097
460098
460099
460100
460103
460104
460105
460106
460107
460109
460110
460111
460117
460120
460121
460122
460123
460124
460125
460126
460129
460130
460131
460132
460134
460149
460152
460153
460155
460156
460165
460166
460168
460169
460170
460171
460172
460173
460174
460175
460176
460177
460178
460182
460189
460190
460191
460192
460193
460194
460195
460196
460200
460201
460203
460208
460209
460210
460247
460249
460266
460269
460270
460271
460274
460276
460281
460282
460283
460284
460285
460286
460288
460289
460290
460291
460292
460293
460294
460302
460303
460304
460308
460313
460315
460326
460328
460329
460332
460334
460348
460350
460352
460353
460356
460357
460359
460360
460362
460365
460366
460367
460368
460369
460370
460371
460372
460373
460375
460376
460377
460378
460380
460383
460384
460385
460386
460387
460388
460390
460391
460392
460393
460395
460396
460397
460398
460399
460400
460403
460404
460405
460406
460410
460412
460413
460414
460415
460416
460417
460420
460421
460423
460424
460426
460427
460428
460432
460433
460434
460435
460436
460437
460438
460439
460440
460447
460448
460450
460451
460452
460453
460454
460455
460456
460457
460459
460460
460461
460462
460463
460464
460465
460466
460467
460469
460471
460472
460473
460477
460478
460485
460492
460502
460503
460504
460505
460509
460510
460519
460520
460521
460522
460523
460524
460526
460527
460528
460529
460531
460532
460533
460534
460535
460536
460537
460543
460544
460545
460546
460547
460548
460549
460551
460552
460553
460554
460555
460556
460557
460559
460560
460562
460563
460566
460577
460578
460579
460580
460584
460585
460586
460587
460588
460590
460591
460592
460593
460594
460595
460596
460597
460598
460599
460602
460603
460604
460605
460610
460612
460613
460614
460615
460616
460617
460618
460619
460620
460622
460623
460624
460625
460626
460627
460630
460631
460632
460633
460634
460635
460636
460637
460638
460639
460640
460641
460644
460645
460651
460653
460660
460662
460663
460664
460667
460668
460669
460670
460671
460672
460673
460674
460677
460678
460679
460680
460682
466973
470447
470448
470645
470722
470762
470799
470865
472675
474194
474304
474649
474679
474699
474700
475913
477676
479749
480345
480425
480427
480428
480429
480430
480439
480443
480446
480447
480448
480449
480450
480451
480452
480453
480454
480455
480456
480457
480458
480459
480462
480463
480464
480466
480467
480473
480474
480476
480478
480488
480489
480490
480491
480492
480495
480497
480499
480500
480501
480502
480503
480504
480505
480506
480507
480508
480509
480510
480511
480512
480514
480515
480516
480517
480518
480519
480520
480521
480522
480523
480524
480527
480528
480529
480531
480541
480542
480543
480544
480545
480547
480548
480549
480550
480554
480555
480565
480569
480571
480573
480679
480682
480746
480833
480835
480841
480842
480843
480847
480849
480850
480852
480854
480856
480857
480858
480859
480860
480861
480862
480863
480871
480872
480873
480874
480875
480876
480877
480880
480881
480882
480883
480887
480916
480917
480918
480919
480930
480976
480977
480978
481002
481003
481004
481005
481006
481008
481012
481013
481016
481017
481018
481023
481043
481045
481047
481048
481049
481051
481052
481053
481054
481055
481056
481057
481060
481061
481062
481063
481064
481065
481066
481069
481073
481090
481092
481093
481094
481095
481099
481100
481101
481102
481103
481108
481122
481124
481125
481126
481127
481128
481129
481131
481132
481133
481135
481136
481137
481139
481140
481141
481147
481148
481151
481153
481155
481156
481157
481158
481159
481160
481162
481163
481164
481165
481167
481168
481169
481170
481171
481173
481174
481176
481177
481179
481180
481183
481185
481187
481188
481189
481190
481191
481193
481196
481198
481199
481200
481201
481203
481206
481207
481208
481210
481211
481212
481213
481214
481215
481219
481221
481222
481223
481224
481225
481226
481227
481228
481229
481230
481232
481233
481234
481235
481237
481239
481242
481245
481246
481247
481249
481250
481251
481252
481253
481254
481255
481256
481257
481258
481259
481260
481261
481262
481263
481265
481266
481268
481275
481276
481277
481278
481279
481281
481313
481325
481328
481331
481335
481339
481340
481341
481342
481346
481347
481349
481350
481351
481352
481353
481355
481356
481361
481362
481363
481364
481365
481367
481368
481371
481372
481373
481374
481376
481378
481459
481463
481464
481466
481470
481471
481476
481477
481478
481480
481481
481482
481484
481485
481488
481489
481491
481494
481495
481496
481497
481505
481507
481509
481510
481516
481517
481518
481519
481520
481521
481522
481524
481525
481526
481528
481529
481530
481532
481533
481534
481535
481536
481537
481542
481543
481550
481551
481552
481554
481555
481562
481563
481564
481566
481567
481569
481572
481579
481588
481589
481590
481594
481596
481597
481598
481601
481602
481618
481621
481623
481634
481664
481679
481680
481681
481733
481734
481735
481754
481757
481761
481765
481766
481771
481772
481777
481778
481779
481785
481787
481790
481801
481802
481805
481806
481808
481822
481823
481824
481825
481826
481829
481831
481836
481837
481838
481861
481862
481863
481864
481865
481866
481867
481868
481869
481870
481871
481872
481873
481874
481875
481876
481877
481878
481879
481880
481881
481882
481883
481884
481886
481887
481888
481891
481904
481905
481991
481996
481997
482011
482015
482030
482031
482033
482034
482035
482036
482037
482038
482039
482040
482041
482042
482048
482069
482070
482071
482072
482073
482074
482075
482076
482077
482078
482079
482080
482084
482086
482088
482090
482091
482092
482093
482098
482099
482105
482106
482107
482110
482116
482135
482139
482140
482141
482144
482146
482150
482162
482168
482176
482183
482184
482190
482191
482192
482202
482203
482206
482292
482297
482298
482299
482300
482302
482311
482312
482313
482315
482316
482319
482327
482329
482377
482378
482412
482421
482422
482425
482428
482430
482438
482440
482512
482515
482645
482648
482649
482657
482719
482720
482723
482724
482725
482726
482727
482728
482729
482730
482731
482732
482734
482737
482740
482742
482744
482745
482746
482747
482748
482749
482752
482753
482754
482755
482756
482757
482758
482759
482760
482761
482762
482763
482766
482767
482770
482773
482774
482775
482776
482777
482778
482784
482789
482791
482793
482795
482800
482804
482805
482811
482816
482819
482822
482824
482826
482827
482828
482834
482835
482836
482837
482839
482840
482843
482844
482846
482847
482848
482849
482850
482851
482852
482855
482856
482857
482858
482859
482860
482861
482862
482863
482864
482865
482867
482869
482871
482872
482873
482875
482877
482879
482880
482882
482884
482885
482886
482887
482890
482892
482893
482894
482895
482896
482897
482898
482899
482900
482901
482902
482903
482904
482905
482906
482907
482908
482909
482910
482911
482912
482913
482914
482917
482919
482920
482923
482924
482925
482926
482928
482929
482938
482945
482947
482949
482950
482953
482962
482966
482967
482968
482970
482973
482974
482976
482977
482981
482982
482983
482984
482985
482986
482987
482988
482989
482992
482993
482994
482995
482997
482998
483007
483008
483010
483032
483034
483035
483048
483049
483050
483051
483052
483053
483054
483056
483057
483058
483059
483061
483062
483064
483065
483066
483067
483068
483069
483072
483073
483074
483082
483084
483085
483086
483089
483090
483091
483095
483101
483102
483107
483117
483118
483120
483121
483123
483124
483125
483127
483128
483132
483133
483134
483140
483141
483142
483144
483148
483149
483159
483160
483162
483169
483170
483175
483176
483177
483184
483185
483186
483189
483190
483191
483192
483193
483194
483195
483196
483200
483201
483203
483204
483205
483207
483210
483213
483217
483222
483226
483230
483231
483232
483233
483236
483238
483239
483240
483242
483248
483250
483251
483252
483253
483254
483255
483256
483257
483259
483264
483265
483266
483268
483271
483272
483273
483274
483275
483279
483283
483284
483288
483289
483291
483295
483299
483300
483305
483306
483308
483310
483316
483317
483318
483322
483324
483327
483332
483336
483337
483341
483343
483344
483354
483378
483379
483385
483386
483388
483389
483390
483391
483392
483393
483394
483396
483401
483404
483405
483440
483445
483447
483448
483449
483450
483451
483452
483456
483468
483469
483470
483471
483472
483474
483475
483476
483477
483478
483479
483480
483481
483482
483483
483485
483492
483493
483494
483495
483496
483497
483498
483499
483500
483501
483502
483503
483504
483505
483508
483512
483513
483514
483515
483516
483517
483518
483523
483528
483533
483534
483535
483536
483539
483540
483541
483542
483543
483548
483550
483551
483552
483553
483554
483555
483556
483557
483572
483573
483574
483575
483576
483577
483581
483582
483584
483585
483586
483589
483590
483595
483596
483597
483598
483599
483600
483601
483604
483614
483618
483619
483620
483621
483622
483623
483625
483626
483627
483628
483634
483635
483636
483637
483638
483639
483640
483641
483642
483643
483644
483645
483646
483647
483648
483649
483650
483651
483652
483653
483654
483655
483676
483684
483686
483688
483689
483691
483693
483694
483701
483702
483707
483713
483716
483723
483727
483730
483733
483734
483736
483738
483739
483748
483750
483752
483753
483754
483757
483760
483761
483762
483767
483770
483772
483773
483776
483777
483793
483797
483798
483800
483801
483802
483803
483804
483805
483806
483807
483808
483809
483810
483811
483813
483814
483818
483819
483820
483821
483822
483823
483824
483825
483826
483827
483828
483829
483831
483832
483838
483839
483841
483842
483843
483844
483845
483847
483848
483854
483855
483861
483865
483866
483868
483869
483870
483871
483874
483876
483880
483882
483883
483887
483897
483899
483900
483901
483909
483911
483912
483915
483916
483918
483919
483920
483925
483929
483930
483931
483932
483934
483935
483936
483938
483945
483995
483998
483999
484000
484004
484005
484006
484008
484009
484010
484016
484017
484018
484019
484021
484022
484023
484024
484025
484026
484028
484029
484032
484033
484062
484066
484070
484071
484073
484077
484080
484081
484082
484084
484093
484102
484104
484105
484106
484107
484108
484109
484111
484112
484115
484116
484117
484118
484119
484120
484121
484122
484123
484124
484125
484126
484127
484128
484129
484130
484132
484133
484135
484136
484140
484141
484142
484143
484146
484147
484149
484150
484151
484152
484153
484155
484159
484165
484184
484185
484186
484370
484374
484375
484400
484401
484411
484413
484417
484465
484474
484475
484476
484477
484478
484485
484487
484494
484512
484513
484547
484586
484613
484618
484619
484620
484621
484622
484623
484624
484625
484626
484627
484628
484629
484630
484631
484632
484633
484635
484636
484677
484691
484692
484693
484694
484695
484698
484705
484706
484708
484718
484735
484785
484786
484788
484792
484796
484797
484798
484799
484800
484812
484813
484814
484815
484818
484819
484820
484966
484968
484970
484973
484974
484975
484976
484977
484978
484999
485000
485003
485004
485005
485006
485012
485013
485016
485043
485057
485069
485070
485072
485074
485075
485203
485302
485379
485524
485530
485534
485552
485553
485555
485659
485722
485795
485796
485799
485800
485801
485802
485803
485804
485805
485830
485881
485883
485901
485911
485913
485915
486088
486089
486107
486139
486143
486149
486154
486156
486159
486161
486168
486169
486170
486172
486182
486183
486199
486200
486201
486202
486205
486207
486209
486263
486264
486266
486267
486268
486269
486270
486271
486272
486275
486276
486282
486283
486289
486290
486293
486294
486295
486296
486301
486303
486306
486316
486317
486318
486321
486322
486323
486324
486325
486326
486329
486337
486338
486340
486351
486378
486379
486380
486381
486382
486383
486385
486388
486389
486391
486392
486394
486395
486398
486400
486405
486416
486417
486426
486427
486430
486434
486436
486439
486441
486446
486447
486449
486450
486451
486469
486479
486484
486488
486490
486492
486493
486498
486499
486502
486506
486507
486508
486509
486510
486513
486514
486515
486516
486517
486520
486521
486531
486534
486538
486552
486553
486568
486570
486571
486572
486573
486574
486580
486583
486586
486587
486594
486596
486613
486614
486633
486648
486687
486698
486699
486700
486701
486702
486703
486704
486705
486720
486744
486758
486760
486769
486771
486772
486773
486774
486775
486777
486778
486779
486785
486786
486787
486788
486789
486790
486791
486792
486793
486794
486795
486797
486798
486799
486800
486801
486802
486803
486807
486808
486809
486810
486811
486814
486816
486818
486819
486823
486824
486825
486826
486827
486828
486830
486831
486832
486834
486835
486836
486837
486838
486839
486840
486841
486842
486843
486844
486850
486852
486855
486856
486857
486858
486860
486861
486862
486863
486864
486865
486866
486867
486868
486869
486872
486873
486874
486875
486876
486878
486879
486880
486881
486882
486883
486884
486887
486888
486889
486895
486896
486908
486909
486919
486920
486921
486922
486924
486925
486926
486927
486928
486929
486939
486944
486948
486949
486950
486951
486952
486955
486958
486964
486965
486966
486967
486969
486971
486974
486976
486977
486978
486979
486981
486983
486984
486985
486991
486992
486993
487013
487017
487020
487021
487022
487026
487027
487028
487029
487030
487031
487032
487035
487036
487043
487048
487053
487054
487056
487073
487095
487098
487099
487100
487101
487102
487104
487105
487106
487110
487112
487113
487115
487159
487167
487181
487182
487183
487188
487189
487191
487199
487201
487203
487204
487207
487209
487210
487213
487215
487217
487218
487219
487220
487221
487222
487224
487227
487230
487233
487235
487237
487238
487239
487250
487251
487252
487253
487254
487255
487256
487270
487271
487274
487276
487278
487311
487313
487315
487344
487347
487348
487349
487351
487352
487353
487357
487378
487379
487381
487382
487383
487384
487385
487386
487387
487388
487389
487391
487393
487397
487398
487401
487402
487403
487404
487405
487406
487408
487409
487410
487411
487412
487413
487414
487415
487416
487417
487418
487419
487420
487421
487422
487427
487428
487430
487438
487439
487444
487448
487453
487462
487526
487531
487533
487537
487594
487750
487755
487770
487774
487775
487776
487784
487814
487830
487832
487849
487852
487853
487855
487856
487861
487871
487872
487875
487880
487882
487884
487886
487912
487913
487914
487916
487917
487919
487925
487926
487927
487928
487929
487932
487942
487943
487946
487949
487950
487961
487967
487986
488264
488274
488333
488340
488341
488342
488343
488349
488353
488436
488438
488498
488511
488565
488573
488575
488627
488664
488694
488695
488697
488699
488700
488701
488702
488703
488704
488705
488706
488707
488708
488709
488710
488712
488713
488714
488715
488716
488718
488719
488720
488722
488723
488724
488725
488726
488727
488728
488729
488730
488733
488738
488740
488741
488742
488743
488744
488748
488757
488758
488761
488762
488763
488764
488765
488766
488770
488775
488781
488782
488783
488784
488785
488790
488791
488792
488793
488795
488816
488822
488825
488827
488828
488829
488837
488838
488839
488840
488841
488842
488843
488844
488845
488846
488847
488848
488855
488856
488857
488858
488859
488860
488861
488863
488868
488869
488873
488875
488876
488877
488878
488879
488883
488887
488888
488924
488925
488926
488929
488930
488933
488935
488936
488937
488945
488946
488947
488952
488954
488955
488959
488960
488965
488970
488980
488988
488989
488990
488993
488995
488996
488997
488998
488999
489000
489002
489005
489009
489010
489011
489012
489014
489016
489017
489018
489019
489020
489021
489023
489024
489027
489028
489029
489030
489031
489032
489033
489034
489035
489058
489059
489060
489061
489083
489086
489088
489089
489122
489123
489129
489177
489222
489223
489224
489225
489226
489409
489438
489475
489492
489493
489545
489555
489558
489559
489562
489592
489601
489606
489611
489612
489613
489614
489629
489630
489631
489633
489641
489642
489650
489656
489660
489661
489664
489666
489668
489690
489691
489699
489700
489701
489703
489706
489711
489712
489714
489718
489719
489720
489721
489722
489723
489724
489725
489733
489734
489735
489737
489738
489739
489740
489745
489762
489780
489781
489782
489785
489786
489797
489799
489801
489802
489803
489804
489805
489806
489808
489809
489820
489821
489822
489824
489828
489841
489845
489862
489880
489885
489893
489900
489902
489953
489968
489973
489977
490092
490093
490117
490119
490120
490122
490123
490125
490160
490164
490173
490175
490177
490178
490179
490180
490181
490182
490183
490186
490187
490188
490189
490190
490191
490193
490197
490198
490200
490201
490202
490203
490204
490205
490206
490207
490208
490211
490215
490239
490310
490319
490322
490324
490383
490387
490388
490389
490424
490425
490426
490427
490429
490430
490440
490444
490445
490452
490453
490464
490465
490468
490469
490470
490471
490472
490474
490475
490476
490483
490484
490495
490496
490497
490500
490501
490513
490515
490516
490517
490518
490519
490520
490521
490603
490605
490667
490671
490680
490684
490691
490692
490696
490697
490698
490699
490718
490735
490736
490737
490739
490745
490750
490754
490756
490772
490776
490777
490778
490780
490781
490783
490796
490800
490802
490805
490806
490807
490808
490809
490819
490824
490833
490834
490858
490859
490860
490864
490865
490866
490867
490868
490870
490873
490881
490888
490889
490895
490896
490902
490906
490907
490908
490926
490929
490930
490931
490934
490942
490947
490948
490960
490965
490966
490967
490968
490969
490970
490971
490972
490973
490974
490975
490976
490977
490979
490980
490981
490982
490986
490987
490988
490989
490990
490991
490993
490994
490995
490997
490998
490999
491001
491003
491004
491007
491010
491011
491012
491013
491014
491015
491016
491017
491018
491020
491021
491023
491024
491025
491026
491033
491034
491042
491043
491054
491056
491057
491060
491062
491063
491064
491065
491075
491078
491079
491080
491088
491091
491092
491099
491100
491222
491223
491238
491239
491248
491250
491251
491252
491270
491271
491274
491275
491276
491278
491281
491282
491283
491284
491285
491290
491291
491292
491293
491294
491310
491311
491312
491313
491314
491315
491316
491317
491368
491369
491370
491371
491372
491373
491374
491375
491376
491377
491378
491379
491380
491381
491382
491383
491385
491398
491399
491400
491409
491413
491432
491448
491450
491451
491458
491459
491479
491480
491524
491534
491539
491545
491546
491547
491548
491549
491553
491556
491557
491558
491559
491563
491596
491597
491598
491599
491626
491629
491630
491632
491633
491635
491638
491641
491642
491647
491653
491654
491666
491739
491742
491753
491754
491756
491760
491761
491763
491765
491769
491770
491816
491826
491830
491833
491834
491835
491837
493348
493389
493402
493403
493404
493409
493411
493412
493413
493414
493415
493416
493418
493419
493420
493421
493422
493423
493424
493425
493429
493430
493431
493432
493433
493464
493465
493492
493511
493514
493521
493528
493530
493531
493533
493535
493536
493551
493554
493646
493649
493650
493651
493652
493653
493654
493655
493656
493657
493658
493659
493660
493661
493662
493664
493669
493670
493671
493672
493674
493675
493676
493686
493689
493699
493700
493706
493723
493725
493728
493729
493918
493919
493976
494030
494031
494032
494041
494062
494077
494081
494082
494083
494084
494086
494089
494093
494094
494095
494098
494100
494102
494103
494118
494125
494135
494136
494137
494139
494141
494142
494145
494147
494148
494149
494150
494152
494153
494154
494155
494158
494159
494161
494162
494163
494168
494171
494172
494173
494174
494176
494177
494182
494184
494190
494191
494201
494202
494203
494204
494205
494206
494207
494208
494209
494211
494212
494224
494225
494231
494235
494237
494238
494240
494243
494245
494258
494266
494267
494273
494274
494277
494278
494285
494286
494287
494288
494292
494308
494316
494320
494321
494322
494323
494348
494353
494357
494369
494407
494409
494410
494411
494424
494432
494433
494434
494451
494457
494469
494483
494484
494486
494487
494488
494491
494499
494510
494511
494513
494514
494541
494556
494573
494582
494583
494585
494610
494716
494798
494807
498142
499540
499553
499554
499555
499559
499578
