6545
6550
6614
6615
6838
15006
18309
18472
18475
133208
133757
133986
135414
135968
138512
138513
138617
140383
140425
140793
144237
144318
144412
145594
145652
145669
145827
145932
145992
146014
146142
148095
148423
148792
149464
149565
150228
150291
153212
153643
153647
153708
153755
153760
153783
153784
153849
153943
153952
154085
154091
154126
154490
154807
154991
156235
156572
156600
156612
157041
157072
157149
157320
157704
157827
157857
157883
158097
158128
158139
158153
158337
158681
159464
159469
159628
161030
317065
359551
359556
359582
360329
360837
361248
362657
440701
459551
459556
459582
460329
481377
481525
483853
484020
487886
15158
133761
144218
144271
145201
145584
145681
145697
145723
145779
145822
145824
145895
146037
146057
146069
146102
146140
146767
147835
147897
148248
149408
149494
149596
150256
150292
153386
153388
153427
153648
153680
153711
153766
153779
153920
153937
153946
154066
154138
154243
154356
154369
154400
154435
154642
154687
154910
156234
156601
156633
156634
156706
156778
156794
157616
157719
157723
157772
157806
157872
157893
157894
158060
158078
158080
158130
158446
158497
158690
159467
160778
359552
359555
361216
361478
362613
362692
459552
459555
481378
481528
489035
15001
18298
18379
135838
138514
140283
143447
144236
145724
145742
145807
145907
145961
146033
146036
146071
146097
146119
146137
146143
147830
147901
147933
147942
148783
149089
149418
149466
149495
149511
149550
149836
150173
150177
150272
150282
150305
150433
150451
150467
153193
153269
153387
153422
153428
153444
153454
153461
153695
153736
153746
153802
153833
153938
153958
154046
154127
154182
154234
154669
154679
154733
154912
154961
154975
154995
155008
156157
156593
156602
156610
156684
156749
156777
157355
157356
157682
157684
157703
157707
157807
157880
157930
157936
157989
158050
158092
158129
158230
158485
160767
359546
440506
459546
133758
135415
138611
143560
144223
144527
145686
145691
145787
145803
145806
145885
145891
145908
145911
145977
145981
145984
145987
145991
146003
146007
146067
146074
146116
146225
146227
146233
146287
146726
146727
147685
147837
147854
147917
147979
147989
147992
148018
148091
148093
148113
148190
148237
148261
148272
148989
149393
149405
149416
149476
149524
149541
149549
149609
149676
149842
149846
149915
149917
150184
150190
150231
150242
150286
150353
150399
150920
151223
151360
151878
152663
152665
152854
152969
153034
153220
153385
153430
153442
153654
153679
153696
153720
153721
153738
153744
153831
153842
154118
154197
154228
154240
154392
154414
154455
154625
154627
154640
154654
154661
154693
154728
154732
154766
154855
154979
155177
156626
156773
156791
157801
157877
158454
158470
158492
158686
159139
487880
136019
143530
144219
146026
146046
146047
146075
146230
146231
146630
146824
147740
147743
147744
147930
147958
147983
147990
147996
148012
148019
148023
148026
148034
148036
148038
148044
148057
148060
148064
148088
148104
148106
148114
148117
148129
148178
148187
148295
148301
148303
148308
148318
148319
148411
148790
149094
149108
149199
149218
149221
149224
149278
149289
149303
149314
149384
149396
149400
149454
149456
149458
149503
149525
149540
149607
149619
149649
149740
149746
149755
149897
149910
149912
149913
149931
150185
150238
150284
150302
150303
150308
150456
150457
150458
150584
150622
150928
151328
152373
152652
152660
152664
152961
152962
152967
152970
152973
153025
153040
153671
153703
153739
153837
153847
153860
154167
154189
154194
154195
154222
154272
154306
154309
154417
154421
154472
154476
154688
154731
154745
154750
154758
154762
154965
154990
155009
155150
155864
156750
156753
156800
157495
157693
157709
158399
158435
158514
158524
158855
145709
145986
146004
146044
146324
146334
146336
146338
146348
146732
146816
146912
147352
147445
147766
147980
148049
148061
148069
148130
148177
148257
148313
148317
148326
148348
148351
149143
149200
149249
149377
149401
149440
149445
149521
149580
149651
149657
149664
149674
149771
149774
149776
149786
149796
149870
149883
149935
149945
149957
149962
150023
150072
150243
150320
150328
150375
150580
150585
150586
150589
151437
151617
152169
152180
152280
152457
152613
152812
152968
153009
153024
153067
153094
153109
153402
153424
153686
153724
153729
154212
154213
154230
154288
154422
154423
154425
154719
154984
155036
155154
155170
155180
155181
155479
155643
155796
155819
156733
156760
156790
158523
158527
158537
146321
146629
147124
147425
147427
147429
147995
148081
149144
149145
149227
149234
149259
149378
149692
149695
149717
149719
149720
149924
149933
149944
150022
150119
150145
150233
150341
150345
151457
151742
152308
152601
152810
153111
153119
155013
155106
155145
155168
155179
155403
155485
155532
157479
158528
14990
15057
15143
18299
134050
134051
134147
135413
135594
140352
140472
140839
141699
143303
143398
144224
144261
144823
145213
145588
145797
145829
145831
145840
145876
145906
146055
146085
146139
146241
146246
146264
146430
146856
146857
146863
147905
147908
147936
148103
148778
150845
152426
153213
153637
153639
153748
153758
153803
153830
153863
153874
153923
154115
154241
154270
154498
154612
154666
154670
155002
156223
156228
156237
156238
156435
156589
156599
156631
156646
156829
157071
157609
157610
157611
157717
157855
157869
158046
158134
158150
158151
158495
158505
159419
159466
160776
168524
168528
168529
360857
360919
361477
362614
481540
486800
487197
487869
6565
14997
15007
18311
136017
136020
138610
138669
140799
140808
144228
144230
144233
144556
145685
145694
145747
146031
146053
146104
146145
146229
146247
146441
146443
146546
146569
146758
147802
147821
147899
147935
147950
147959
148102
148196
148232
148247
148271
149301
149328
149526
149559
149561
149908
150370
150430
150462
150816
150892
152210
152231
153646
153681
153752
153789
153816
153821
153823
153864
153865
154047
154057
154186
154250
154367
154401
154402
154499
154505
154637
154641
154644
154915
156224
156233
156557
156748
156786
156833
156840
157686
157700
157730
157770
157774
157896
157990
158045
158102
158109
158127
158335
158476
158500
159143
159470
361246
438715
481552
482860
6544
137940
138613
138700
140340
140434
143446
143448
143647
144173
144240
145191
145670
145674
145688
145689
145729
145745
145922
145994
145998
146012
146013
146017
146068
146081
146082
146133
146440
146747
147831
147836
147915
147943
147944
147957
147976
148010
148111
148191
148242
148298
148300
148415
149082
149092
149202
149317
149415
149461
149471
149475
149482
149794
150224
150448
150450
150461
150924
151598
151784
152453
152989
153272
153326
153415
153456
153662
153691
153693
153697
153707
153745
153749
153817
153953
154123
154124
154181
154366
154493
154789
154829
154835
154836
155001
156556
156615
156616
156625
156696
157708
157937
157938
158006
158043
158047
158108
158117
158494
158687
159390
160782
361239
361481
438711
138612
140807
143562
145599
145672
145693
145695
145711
145717
145805
145884
145892
145915
145995
145997
146034
146079
146125
146232
146234
146283
146284
146631
146738
146777
146817
146819
146820
147296
147878
147902
148024
148031
148096
148098
148200
148207
148208
148229
148273
148284
148307
148406
149021
149053
149116
149323
149327
149331
149404
149414
149490
149518
149589
149653
149658
149766
149837
149843
149888
149895
150166
150167
150175
150186
150230
150327
150329
150429
150452
150455
150590
150854
150896
150919
151214
151323
151361
151770
151877
152174
152193
152208
152279
152291
152327
152367
152445
152632
152662
152991
153066
153168
153221
153263
153305
153360
153384
153433
153688
153700
153715
154080
154199
154203
154242
154348
154491
154638
154643
154727
154765
154830
154832
154958
154964
154973
154992
155012
155054
155185
155576
155866
156561
156582
156591
156609
156699
156746
157705
158037
158038
158042
158466
158512
158519
158526
158656
158853
141695
146010
146293
146294
146350
146406
146710
146813
146814
147757
147811
147813
147988
148022
148035
148071
148073
148087
148105
148108
148179
148193
148251
148274
148289
148309
148310
148316
148328
148345
148346
148410
148982
149023
149080
149087
149115
149170
149207
149214
149219
149229
149238
149264
149276
149281
149285
149392
149450
149520
149539
149646
149652
149672
149684
149747
149760
149765
149778
149821
149872
149918
149963
150065
150176
150182
150214
150285
150306
150394
150419
150454
150468
150524
150582
150929
151211
151320
151324
151353
151354
151618
152163
152194
152200
152203
152223
152281
152305
152309
152330
152337
152442
152456
152466
152571
152651
152813
152816
152822
152838
152865
152924
152960
152977
152995
153026
153102
153663
153702
153704
153706
153725
154190
154214
154229
154239
154282
154324
154391
154541
154675
154692
154770
154959
154967
154974
155018
155022
155025
155151
155207
155534
155535
155755
156391
156730
156736
156801
158513
158684
158693
158854
146043
146320
146333
146505
146701
146706
146707
146811
146891
147060
147443
147877
147969
148029
148045
148070
148132
148133
148304
148315
148327
148395
149085
149109
149119
149120
149123
149138
149147
149155
149157
149168
149185
149212
149266
149267
149269
149270
149271
149348
149382
149533
149585
149628
149671
149694
149708
149722
149731
149754
149770
149785
149793
149815
149882
149884
149901
149928
149965
149969
149975
150108
150298
150317
150348
150414
150477
150592
151216
151217
151342
151440
151638
151639
151644
151649
151752
151782
151881
152128
152328
152338
152452
152473
152512
152573
152579
152580
152614
152641
152713
152718
152740
152863
153018
153038
153069
153404
153405
153685
154209
154210
154317
154408
154410
154412
154677
155017
155035
155111
155313
155415
155552
155567
156381
156731
158381
158442
158628
146311
146323
146326
146332
146345
146622
146690
146696
146697
146700
146705
146812
146897
147125
147240
147438
147464
148127
148374
149016
149151
149159
149380
149666
149668
149699
149700
149703
149718
149751
149758
149938
150070
150097
150103
150141
150142
150522
151334
151653
152570
152811
153110
153255
154424
155087
155093
155114
155120
155122
155137
155143
155144
155159
155167
155381
155408
155411
155433
155513
155822
158535
3655
6564
6566
6589
8386
11111
18303
133755
134142
138508
138518
140438
140745
140791
141698
143144
144226
144519
144722
144723
145203
145790
146032
146099
146100
146121
146124
146130
146136
146175
146251
146260
146285
146439
146575
146862
147715
147893
148782
149057
149463
149554
149555
149562
150171
150172
150216
150691
150694
150802
150866
150900
150921
153271
153467
153709
153812
153815
153820
153829
153876
153929
153931
154245
154355
154649
154672
154674
154828
154843
154925
155195
156203
156207
156422
156538
156592
156595
156611
156632
156672
156779
156815
157117
157122
157143
157151
157798
157799
157800
157924
157992
158039
158048
158125
158181
158231
158268
158314
158355
158445
158447
158486
159037
159142
159404
159417
159471
161012
161020
359557
360792
360794
459557
481527
6577
6633
8387
15162
136047
138676
140435
140798
140800
143404
143494
143565
143567
143635
144139
144239
144532
145587
145671
145795
145798
145871
145989
145999
146016
146025
146070
146096
146101
146126
146147
146218
146266
146273
146427
146442
146627
146746
146848
147739
147776
147798
147892
147898
147932
147975
148270
148278
148282
148383
148398
148791
149054
149191
149318
149334
149485
149737
149844
149845
149916
150199
150227
150322
150331
150359
150681
150785
150864
150925
152134
152135
152345
152366
152980
153225
153270
153318
153366
153426
153670
153759
153868
153928
153933
153940
154248
154345
154494
154500
154620
154623
154857
154951
155190
156063
156214
156217
156425
156583
156618
156619
156644
156704
156754
156802
156818
157321
157689
157706
157991
158040
158132
158336
158387
158597
158598
158653
158657
158871
159140
159394
159421
162282
360920
361236
138606
140012
144220
144229
145593
145748
145781
145802
145988
146008
146054
146108
146112
146122
146224
146236
146297
146453
146488
146551
146552
146774
146821
146843
147089
147288
147806
147808
147834
147885
147888
147895
147916
147919
147984
148063
148180
148184
148197
148199
148235
148241
148276
148281
148367
148786
148788
148789
148796
148799
149079
149083
149194
149310
149311
149316
149330
149407
149462
149509
149512
149551
149779
149795
149801
149803
149805
149810
149914
150179
150208
150289
150299
150325
150335
150442
150446
150447
150459
150478
150905
150916
151106
151588
151589
151880
152131
152171
152447
152451
152657
152674
152840
152843
152864
152964
152988
152990
153022
153080
153226
153359
153438
153458
153462
153645
153650
153687
153690
153692
153705
153710
153737
153932
153935
154122
154308
154347
154375
154774
154854
154913
154920
154960
155003
155050
155183
156560
156563
156584
156586
156590
156605
156606
156757
156824
157692
157722
157988
158044
158107
158124
158398
158461
158463
158496
158501
158554
158682
158688
159137
159138
162283
138625
143502
144202
144235
144411
145801
145990
146027
146222
146317
146369
146379
146452
146677
146713
146724
146772
146776
146818
146823
147088
147689
147708
147784
147817
147847
147879
147914
147977
147991
148025
148076
148092
148135
148185
148186
148194
148231
148236
148246
148250
148254
148262
148389
148394
149025
149153
149223
149228
149236
149315
149320
149332
149339
149366
149383
149394
149395
149406
149470
149496
149508
149588
149590
149663
149675
149709
149745
149772
149804
149813
149824
149838
149847
149919
150061
150073
150210
150212
150213
150323
150330
150356
150369
150453
150809
150906
150910
151140
151225
151325
151355
152081
152196
152287
152289
152343
152454
152461
152462
152479
152593
152653
152677
152845
152850
152876
152913
152959
152975
152976
152987
153030
153079
153081
153091
153107
153229
153232
153407
153408
153667
153742
153825
153840
153939
154121
154129
154191
154198
154319
154326
154389
154437
154742
154916
154977
154987
155014
155056
155065
155148
155166
155182
155208
155530
155699
155795
156347
156354
156604
156627
156738
156837
157714
158473
158516
158521
158589
158658
158932
159164
141696
145708
146083
146161
146289
146292
146322
146355
146376
146403
146620
146694
146718
146893
146895
147354
147454
147741
147753
147765
147809
147810
148079
148112
148238
148362
148392
148393
148401
148976
148980
148981
149024
149084
149113
149201
149210
149215
149230
149233
149243
149244
149251
149284
149286
149291
149322
149376
149381
149389
149582
149604
149681
149685
149687
149707
149757
149792
149809
149829
149864
149878
149881
149894
149896
149898
149925
149932
149990
150020
150024
150031
150056
150071
150092
150105
150180
150187
150311
150357
150361
150374
150431
150460
150469
150493
150527
150568
150569
150581
150810
151209
151227
151228
151357
151408
151441
151650
151764
151769
151775
151781
151851
151856
152101
152144
152146
152149
152179
152181
152216
152222
152288
152329
152332
152334
152469
152577
152592
152611
152612
152678
152692
152739
152821
152852
152856
152867
152889
152949
152993
153008
153020
153021
153037
153048
153055
153076
153101
153217
153228
153231
153306
153390
153410
153672
153726
153727
153730
153826
154119
154128
154202
154314
154318
154407
154419
154542
154676
154678
154729
154730
154972
155007
155024
155028
155032
155171
155204
155206
155438
155443
155515
155551
155565
155637
155797
155824
155826
155855
156729
156741
156744
157484
157492
157715
158431
158625
158660
158856
158933
146325
146341
146359
146623
146687
146695
146698
146755
146832
146890
146894
146896
147020
147123
147357
147358
147424
147446
147994
148027
148028
148390
149072
149112
149121
149126
149158
149171
149184
149248
149256
149275
149277
149280
149349
149350
149442
149669
149702
149871
149885
149926
149927
149959
149970
149971
149972
149989
150006
150007
150036
150041
150063
150076
150079
150080
150082
150109
150128
150133
150137
150149
150151
150314
150393
150397
150415
150567
151213
151333
151426
151439
151446
151459
151635
151643
151646
151682
151733
151741
151753
151767
151783
152170
152195
152331
152511
152516
152551
152561
152607
152610
152642
152687
152808
152823
152866
152878
152892
152901
152902
152917
152925
152945
152947
152950
153064
153065
153096
153099
153112
153256
153257
153258
153731
154325
154405
154406
155006
155037
155041
155101
155109
155132
155161
155163
155212
155237
155312
155352
155356
155382
155404
155416
155419
155434
155435
155440
155475
155477
155496
155533
155573
155711
155721
155722
155810
155827
155841
156377
156380
156387
156758
157480
157493
146340
146408
146910
146965
147320
147436
147444
147450
148373
149247
149368
149661
149690
149946
149964
150021
150048
150055
150099
150102
150150
151218
151338
151651
153095
155016
155084
155092
155094
155107
155123
155131
155135
155142
155162
155418
155437
155486
155790
155808
155862
158852
6003
6846
133186
133343
133839
138600
138623
138624
138670
140010
140806
143482
143563
143623
144205
144246
144263
144725
144796
145841
145905
146002
146089
146109
146120
146146
146181
146202
146245
146255
146268
146497
146737
146766
147772
147937
148277
148898
148920
149592
149744
149857
150169
150287
150434
150441
150792
151093
152080
152364
152424
152547
153170
153267
153344
153482
153539
153629
153804
153819
153846
153930
153954
154395
154782
154811
154842
154853
154858
154878
154893
155211
155679
156348
156423
156564
156568
156579
156598
156613
156635
156651
156654
156692
156703
156825
156827
156839
157042
157185
157543
157702
158121
158136
158144
158304
158354
158422
158426
158692
158884
159036
159135
159166
159395
159409
159465
162285
163963
168526
361235
361238
361487
481761
487870
488271
14423
138583
138621
138674
143399
143484
143491
143521
143655
144174
144241
144247
145195
145682
145703
145754
145789
145823
146118
146128
146132
146149
146176
146184
146286
146558
146560
146735
146773
147803
147814
147822
147823
147844
147882
147884
147889
147890
147986
148140
148234
148283
148382
148780
148781
148893
148988
148997
149032
149051
149329
149741
150174
150198
150225
150360
150438
150463
150464
150474
150570
150761
150782
150793
150844
150855
150895
150930
151181
151590
151591
151772
152130
152220
152290
152326
152413
152417
152419
152425
152546
152656
152661
152830
153085
153219
153266
153290
153630
153934
154187
154249
154303
154399
154856
154895
154919
154952
155010
155051
155198
155688
156075
156216
156311
156352
156356
156567
156577
156629
156705
156811
157114
157136
157688
157726
158122
158323
158368
158400
158464
158475
158477
158561
158562
158869
158906
159396
140432
143486
144208
145598
145659
145684
145800
146000
146001
146029
146237
146252
146280
146295
146388
146499
146501
146559
146570
146639
146662
146736
146790
146847
146855
146875
147287
147289
147769
147790
147850
147881
147985
148141
148205
148221
148228
148255
148256
148350
148399
148961
148978
148979
148992
149022
149070
149217
149309
149313
149336
149375
149497
149506
149510
149515
149595
149655
149665
149735
149738
149790
149827
149889
149890
150209
150324
150354
150421
150428
150440
150624
150643
150857
151359
151587
151702
151773
151817
152165
152172
152205
152206
152221
152233
152292
152333
152441
152446
152465
152650
152655
152673
152745
152792
152828
152831
152848
152966
152979
152985
152998
153023
153083
153087
153159
153216
153227
153265
153277
153281
153282
153304
153368
153370
153392
153399
153455
153653
153668
153673
153733
153741
154116
154188
154328
154373
154398
154653
154921
155201
155202
155217
155322
155589
155694
155713
156312
156351
156378
156585
156708
157471
157701
158020
158027
158334
158394
158457
158515
158540
158929
136018
140836
146235
146313
146370
146371
146446
146447
146449
146451
146504
146506
146509
146519
146637
146712
146722
146810
146822
146892
146913
147069
147122
147295
147297
147304
147404
147688
147694
147707
147742
147752
147759
147773
147789
147825
147868
148030
148047
148216
148275
148279
148290
148325
148352
148787
149071
149078
149086
149096
149097
149098
149166
149183
149239
149253
149254
149265
149290
149341
149342
149351
149468
149469
149656
149730
149748
149761
149762
149782
149791
149808
149832
149849
149863
149869
149891
149892
149923
149961
150069
150188
150290
150310
150333
150334
150339
150435
150465
150479
150494
150495
150525
150539
150571
150572
150574
150588
150623
150808
150897
150918
151215
151756
151852
151857
152145
152159
152168
152191
152201
152202
152204
152224
152284
152316
152438
152460
152621
152639
152675
152676
152680
152846
152874
152937
152997
153013
153015
153016
153033
153082
153105
153233
153302
153403
153418
154394
154658
154914
154917
154922
154999
155040
155052
155060
155203
155608
155612
155645
155717
155789
155828
155870
155887
156376
157491
157497
157500
157502
157694
158035
158432
158456
158518
158931
158934
159153
487200
143561
146353
146356
146360
146382
146632
146643
146803
146830
146904
146919
147073
147081
147271
147298
147331
147353
147470
147497
147655
147751
147760
147827
148017
148046
148090
148201
148222
148358
148361
148368
148385
148387
148388
148400
149050
149052
149075
149095
149136
149154
149216
149235
149242
149258
149261
149283
149321
149386
149397
149403
149444
149605
149650
149654
149659
149662
149673
149683
149704
149726
149727
149732
149749
149759
149783
149788
149816
149818
149822
149825
149828
149831
149867
149868
149886
149993
150037
150042
150051
150052
150064
150074
150110
150134
150152
150309
150392
150417
150492
150602
151165
151242
151309
151317
151402
151460
151462
151642
151681
151739
151819
152111
152127
152150
152164
152197
152199
152285
152376
152504
152513
152556
152565
152567
152585
152588
152605
152624
152629
152681
152691
152735
152744
152790
152793
152835
152877
152900
152918
152919
152923
152926
152928
152992
152994
153011
153012
153029
153039
153050
153061
153062
153068
153075
153088
153108
153115
153117
153118
153274
154201
154204
154321
154327
155005
155019
155020
155021
155023
155026
155027
155034
155053
155055
155057
155153
155155
155165
155260
155333
155358
155426
155432
155439
155458
155476
155495
155529
155531
155536
155537
155557
155560
155572
155575
155600
155614
155634
155642
155655
155708
155709
155747
155750
155791
155799
155809
155854
155865
156389
156734
156737
156740
156747
157470
157481
158380
158396
158429
158517
158627
158858
146343
146407
146507
146686
146825
146828
146903
146905
146906
146923
146966
146972
146997
147126
147146
147239
147253
147311
147337
147417
147422
147440
147442
147453
147463
147465
147654
148021
148391
149019
149060
149124
149141
149156
149167
149255
149260
149282
149667
149670
149688
149723
149750
149784
149922
149958
149983
149992
150004
150005
150039
150043
150101
150116
150124
150140
150144
150315
150408
150521
150599
151162
151243
151318
151438
151456
151458
151615
151616
151634
151636
151648
151654
151657
151711
151759
151765
151883
152217
152340
152458
152517
152564
152572
152587
152591
152602
152603
152608
152620
152622
152628
152640
152688
152861
152883
152920
152954
153041
153093
153106
153123
153253
153254
153419
154320
155082
155097
155103
155156
155164
155176
155209
155230
155236
155341
155383
155400
155410
155421
155425
155436
155452
155457
155473
155478
155480
155481
155487
155503
155512
155527
155601
155724
155807
155829
155832
155833
155844
155856
155861
155863
155899
156388
157482
157488
158430
158531
158532
158536
158773
158851
146902
147041
147080
147325
147460
147471
147477
149272
149701
151332
151425
151686
152734
153098
155083
155089
155134
155140
155160
155384
155394
155395
155405
155409
155450
6587
133340
133341
135419
138607
138705
138724
138880
140794
143116
144200
144217
144227
144392
144634
145583
145702
145753
145794
146162
146214
146291
146400
146433
146436
146471
146473
146548
146549
146562
146565
146571
146751
146769
146793
147714
147716
147799
147900
148078
148233
148239
148244
148767
148993
149006
149056
149736
149852
149856
149859
150443
150444
150658
150675
150856
150863
150867
150915
151070
151182
151356
151601
152173
152344
152405
152408
153078
153164
153207
153275
153320
153329
153358
153401
153540
153649
153808
153859
153873
153889
154331
154376
154622
154767
154897
154945
154953
155184
155872
155955
155997
156064
156171
156198
156323
156367
156544
156573
156576
156578
156596
156617
156624
156630
156687
156697
156816
156817
156830
156936
157116
157187
157541
157650
157687
158034
158322
158362
158385
158391
158419
158493
158503
158645
158647
158689
158815
158885
159141
159397
159399
168433
361335
362689
489027
6842
138626
138673
143485
143526
145637
145658
145661
145673
145704
145752
145996
146111
146204
146205
146223
146248
146300
146302
146459
146466
146757
146864
147294
147746
147816
147826
147833
147896
147904
147913
148188
148189
148753
148814
148892
148960
149004
149175
149907
150168
150183
150211
150300
150420
150445
150473
150480
150612
150640
150642
150680
150786
150791
150837
151146
151207
151326
152121
152176
152219
152400
152418
152481
152482
152534
152643
152690
152776
152839
152869
153000
153325
153357
153378
153420
153421
153460
153538
153689
153732
153734
153959
154247
154329
154343
154377
154397
154492
154636
154781
154924
154939
155046
155058
155596
155639
155715
155868
155869
156346
156503
156526
156581
156628
156713
156812
156820
156823
157152
157473
157563
157672
157696
157716
157876
157929
158029
158036
158306
158357
158358
158388
158403
158404
158529
158587
158592
158695
158701
158702
158918
158924
159154
159388
487881
487882
493689
5686
6839
140835
141694
144222
145706
146018
146160
146250
146305
146308
146309
146314
146372
146374
146389
146393
146448
146450
146498
146514
146522
146778
146807
146809
146846
147286
147709
147768
147832
147853
147903
147987
148094
148097
148204
148227
148263
148651
148784
148798
149105
149177
149178
149237
149312
149337
149374
149682
149686
149739
149767
149812
149861
149954
149955
150016
150206
150301
150307
150358
150475
150490
150528
150598
150609
150637
150814
150858
151105
151193
151208
151224
151341
151474
151573
151669
152117
152118
152154
152182
152207
152209
152293
152313
152377
152407
152432
152536
152584
152647
152658
152686
152765
152780
152806
152829
152844
152870
152882
152914
152942
152957
152963
152983
152996
153005
153032
153092
153104
153133
153246
153308
153327
153361
153413
153459
153822
154316
154330
154385
154386
154387
154633
154771
154896
155220
155635
155638
155641
155650
155661
155687
155794
155867
156073
156174
156701
157560
158041
158325
158376
158397
158441
158459
158465
158472
158511
158542
158546
158555
158599
158654
158655
158820
158872
158907
158923
143445
144203
145788
146312
146315
146318
146373
146402
146485
146508
146619
146638
146702
146703
146717
146734
146836
146837
146884
147016
147083
147157
147202
147343
147407
147414
147686
147703
147719
147754
147770
147807
147851
147855
147883
148080
148089
148202
148357
148966
148973
149068
149100
149102
149111
149117
149127
149173
149176
149179
149241
149319
149347
149371
149373
149385
149388
149390
149714
149764
149773
149787
149789
149811
149820
149877
149899
149960
149973
149988
150017
150057
150062
150129
150192
150313
150316
150340
150381
150407
150410
150575
150591
150593
151143
151161
151175
151219
151222
151248
151302
151321
151404
151523
151585
151597
151622
151690
151755
151771
151778
151779
151791
151858
151865
151874
151937
152129
152157
152160
152175
152177
152214
152218
152336
152359
152374
152375
152433
152448
152449
152574
152589
152654
152700
152702
152711
152777
152791
152814
152818
152855
152879
152880
152881
152903
152916
152929
152956
153057
153077
153114
153251
153252
153262
153383
153400
153411
153412
154205
154206
154315
154322
154404
154411
154413
155000
155011
155015
155031
155039
155149
155231
155321
155328
155346
155441
155528
155615
155620
155623
155624
155657
155660
155707
155712
155733
155842
155843
155893
155907
156173
156559
156739
156742
157494
158395
158541
158620
158694
158857
158919
158920
487883
143476
146339
146357
146363
146380
146381
146383
146385
146392
146404
146410
146692
146711
146802
146815
146826
146831
146879
146886
146911
146924
146998
147018
147019
147022
147064
147094
147130
147153
147176
147252
147299
147330
147335
147365
147412
147451
147783
147786
148131
148203
148349
148355
148360
148364
149103
149118
149125
149135
149137
149211
149245
149367
149369
149370
149372
149379
149689
149733
149826
149830
149920
149974
149991
149995
149996
150011
150015
150035
150038
150054
150060
150067
150113
150125
150127
150154
150181
150390
150411
150413
150476
150482
150491
150548
150600
150603
150620
151263
151264
151282
151301
151329
151336
151362
151369
151427
151428
151431
151436
151620
151629
151637
151645
151647
151659
151671
151685
151700
151735
151747
151751
151754
151758
151786
151855
151862
151941
151946
151948
151949
151973
152162
152166
152307
152317
152369
152388
152437
152439
152464
152471
152480
152514
152518
152533
152576
152578
152581
152595
152600
152604
152615
152616
152630
152733
152772
152797
152803
152807
152820
152832
152860
152884
152897
152907
152922
152930
152932
152944
152948
153049
153070
153089
153100
153103
153120
153121
153218
153259
154208
154382
155047
155090
155095
155110
155128
155147
155223
155225
155226
155256
155311
155315
155324
155343
155354
155361
155365
155367
155402
155413
155417
155420
155429
155431
155442
155446
155459
155461
155462
155466
155538
155539
155545
155566
155627
155630
155633
155656
155658
155706
155731
155732
155734
155745
155746
155811
155812
155816
155891
155892
155894
156390
156725
156735
157485
157486
157490
157496
158538
158845
158846
158848
146342
146644
146691
146887
146899
146918
146961
147138
147148
147150
147318
147321
147332
147334
147336
147338
147351
147362
147441
147452
147456
147459
147462
147472
147473
147595
148372
149142
149152
149274
149716
149948
149986
150000
150008
150028
150044
150066
150078
150081
150098
150104
150117
150138
150155
150158
150546
150601
151231
151237
151313
151403
151423
151433
151466
151640
151687
151730
151788
152310
152562
152569
152582
152596
152599
152606
152619
152736
152738
152817
152946
153097
153116
153666
155096
155105
155124
155229
155238
155239
155334
155344
155355
155357
155406
155407
155414
155449
155451
155455
155483
155493
155514
155723
155779
155784
155785
155834
155886
146960
146962
146967
147376
149073
149273
151283
151630
155113
155370
14436
15055
135899
135900
135902
137757
138675
138680
143443
144199
144537
145660
146088
146243
146298
146395
146434
146444
146454
146463
146496
146529
146536
146748
146756
146841
146842
146853
147107
147701
147745
147748
147750
147794
147801
147829
147845
148192
148195
148264
148417
148810
148811
148862
148891
148922
149065
149335
149853
149860
150197
150200
150657
150677
150690
150740
150763
150838
150849
150932
150933
150940
151135
151136
151148
151192
151206
151515
151600
151826
152046
152087
152096
152103
152142
152230
152236
152250
152351
152365
152416
152548
152982
152984
153145
153288
153393
153541
153698
153800
153890
154769
154918
154937
154949
155048
155062
155063
155616
155653
155666
155680
155953
156043
156065
156148
156343
156417
156418
156513
156587
156588
156714
156841
157153
157354
157468
157562
158022
158386
158468
158547
158583
158596
158602
158621
158649
162302
166274
486798
487131
487872
489028
490967
1672
134775
138609
140470
143134
143519
144221
146110
146216
146249
146254
146257
146354
146375
146429
146462
146487
146492
146512
146557
146595
146714
146791
146792
146834
147013
147097
147104
147119
147159
147222
147656
147711
147713
147774
147777
147792
147793
147846
147894
148198
148209
148245
148259
148416
148561
148723
148795
148896
148919
148921
148977
149005
149015
149026
149055
149077
149134
149182
149187
149308
149594
149710
149711
149865
149876
150058
150204
150355
150437
150610
150671
150898
150903
150907
150909
150912
151067
151115
151120
151139
151144
151179
151184
151191
151210
151345
151536
151574
151592
151859
152045
152047
152100
152107
152120
152151
152213
152251
152302
152342
152349
152353
152396
152429
152499
152523
152679
152685
152708
152842
152849
152981
153001
153007
153017
153031
153090
153139
153264
153332
153367
153371
153397
153409
153651
154473
154775
154923
155004
155043
155067
155287
155595
155604
155664
155681
155682
155683
155686
155852
155929
155967
156036
156077
156208
156215
156369
156486
156542
156709
156712
156743
156822
157467
157542
157544
157551
157565
158393
158469
158586
158618
158638
158683
158816
158818
158819
158826
158842
158908
5687
143465
144213
144216
146217
146413
146458
146511
146515
146641
146642
146688
146733
146770
146808
146833
146835
146838
146840
146874
146914
146937
147012
147067
147082
147158
147245
147306
147401
147406
147408
147517
147538
147692
147702
147710
147756
147767
147880
148099
148206
148219
148220
148224
148230
148785
148797
148975
148986
149017
149018
149020
149165
149324
149343
149344
149352
149591
149734
149806
149823
149833
149985
150205
150297
150382
150389
150409
150471
150472
150518
150597
150611
150621
150639
150673
150679
150741
150805
150807
150811
150815
151116
151142
151149
151163
151194
151198
151304
151322
151327
151330
151351
151352
151358
151406
151535
151578
151603
151692
151699
151701
151776
151810
151831
151875
151884
151953
151966
151975
152073
152126
152156
152192
152238
152267
152268
152301
152370
152397
152428
152435
152440
152509
152553
152586
152636
152699
152701
152703
152824
152826
152833
152851
152858
152933
153002
153073
153084
153234
153283
153301
153307
153314
153317
153669
153743
154393
154403
155210
155214
155310
155325
155327
155330
155342
155347
155465
155467
155563
155574
155593
155632
155649
155651
155654
155703
155873
155906
156076
156344
156345
156384
156707
156716
156718
156719
156724
156732
157501
157503
157699
158324
158356
158455
158471
158622
158629
158841
158862
159152
162354
146296
146319
146362
146365
146368
146405
146412
146503
146513
146618
146804
146880
146885
146926
146970
146974
147063
147066
147068
147322
147340
147355
147397
147423
147481
147537
147562
147653
147659
147693
147758
147763
147782
148857
148964
149140
149240
149346
149353
149361
149677
149680
149728
149763
149814
149874
149875
149887
149994
149998
150003
150013
150019
150045
150089
150130
150191
150207
150412
150941
151141
151164
151166
151167
151221
151239
151275
151294
151296
151298
151300
151331
151339
151348
151373
151383
151407
151464
151475
151619
151621
151658
151664
151670
151734
151738
151774
151777
151780
151792
151832
151850
151853
151854
151861
151940
151978
152037
152112
152153
152155
152161
152167
152183
152198
152304
152306
152311
152312
152315
152372
152389
152436
152450
152463
152531
152555
152566
152631
152719
152727
152737
152747
152770
152786
152795
152796
152859
152868
152887
152895
152904
152912
152927
152931
153010
153052
153053
153072
153230
153260
153261
153300
153310
153406
153414
155030
155098
155157
155200
155259
155340
155345
155399
155428
155463
155505
155506
155553
155568
155597
155626
155628
155629
155659
155702
155705
155718
155739
155741
155744
155749
155754
155765
155769
155793
155802
155831
155835
155871
155889
155895
155974
156374
156382
156392
157475
157499
158543
158859
158860
158936
140833
146358
146361
146364
146685
146689
146699
146704
146720
146721
146829
146888
146909
146921
146936
146940
146942
146948
146964
147021
147054
147055
147062
147086
147129
147132
147136
147147
147162
147257
147312
147333
147341
147347
147348
147359
147361
147380
147418
147419
147420
147439
147449
147993
149069
149114
149246
149340
149724
149768
149817
149873
149984
150001
150002
150025
150026
150029
150030
150040
150068
150075
150077
150094
150100
150120
150139
150156
150319
150391
150538
151113
151268
151291
151295
151319
151382
151384
151435
151442
151447
151454
151631
151661
151666
151673
151675
151676
151677
151683
151684
151729
151737
151740
151763
151873
151882
151976
152455
152519
152560
152575
152597
152609
152617
152634
152649
152712
152731
152746
152771
152773
152804
152815
152847
152862
152885
152886
152888
152890
152896
152910
152934
152958
153124
153417
155033
155038
155108
155146
155213
155261
155271
155276
155335
155349
155362
155364
155368
155380
155392
155398
155412
155423
155424
155448
155460
155484
155499
155577
155599
155613
155728
155756
155788
155798
155820
155823
155825
155859
155860
157476
157477
157487
158533
158624
158685
146367
146901
146954
146968
147031
147072
147137
147259
147319
147360
147375
147381
147458
149921
149947
150012
150111
150121
150122
150157
150530
151229
151271
151368
151430
151787
155077
155078
155088
155091
155158
155228
155336
155369
155373
155388
155444
155472
155490
155550
155736
155818
158534
155371
6840
134141
134725
134727
140268
143119
143382
143437
143523
143528
143639
144191
144391
145683
146256
146304
146306
146316
146377
146461
146467
146468
146517
146553
146596
146749
146779
146794
146798
146845
146877
147010
147091
147092
147108
147114
147277
147279
147388
147684
147730
147747
147804
148217
148218
148253
148601
148754
148793
148863
148916
148923
148957
148971
149002
149003
149010
149012
149013
149033
149034
149046
149058
149063
149064
150164
150201
150644
150649
150659
150676
150764
150806
150819
150836
150852
150901
150931
151054
151117
151195
151197
151564
151582
151584
151607
151613
151922
151968
151994
152000
152139
152140
152232
152237
152295
152350
152430
152483
152484
152502
152698
152705
152768
152779
153157
153278
153284
153291
153324
153354
153373
153807
154333
154938
154946
154950
154954
155218
155234
155617
155663
155667
155669
155671
155685
155801
155912
155922
156006
156037
156044
156058
156124
156170
156210
156321
156357
156368
156394
156409
156571
156597
156826
157154
157352
157469
157558
157691
158031
158390
158392
158401
158412
158417
158428
158564
158572
158588
158591
158600
158611
158630
158817
158840
158866
158916
159150
159163
162301
162305
143469
143477
143498
143527
143532
144204
144215
144238
145705
146253
146303
146378
146391
146401
146421
146502
146526
146554
146555
146594
146598
146602
146640
146739
146784
146799
146979
146985
147093
147106
147293
147681
147682
147695
147697
147771
147775
148260
148381
148419
148580
148588
148600
148650
148856
148895
148963
148970
148990
149129
149186
149333
149354
149678
149781
149807
149855
149866
149953
150014
150018
150488
150917
150954
151043
151103
151109
151174
151201
151250
151344
151349
151363
151367
151513
151516
151537
151576
151583
151586
151594
151596
151599
151609
151712
151798
151802
151820
151836
151871
151916
151945
151962
151967
152043
152072
152079
152095
152102
152141
152187
152188
152190
152297
152303
152314
152325
152363
152625
152682
152684
152704
152724
152762
152764
152805
152827
152935
152939
152943
153014
153027
153056
153058
153140
153303
153363
153379
153394
153398
153652
153806
154334
154342
155059
155073
155618
155636
155668
155695
155700
155714
155902
155915
155919
155924
156004
156196
156200
156270
156313
156334
156702
156715
156756
157466
157474
157559
157564
158346
158352
158418
158504
158544
158545
158553
158584
158608
158648
158863
158864
158921
158927
159134
159155
162298
162356
488693
141693
143497
146307
146384
146386
146387
146415
146520
146524
146633
146636
146645
146649
146671
146678
146693
146805
146873
146878
146920
146938
147017
147074
147085
147120
147142
147165
147244
147251
147291
147307
147387
147394
147405
147409
147536
147657
147658
147661
147687
147696
147704
147717
147852
148376
148958
149061
149099
149101
149128
149169
149174
149345
149355
149365
150009
150034
150338
150387
150418
150439
150513
150532
150540
150541
150549
150573
150604
150607
150813
150942
151104
151154
151168
151169
151173
151235
151240
151246
151251
151305
151307
151312
151350
151451
151467
151478
151502
151517
151532
151624
151626
151663
151705
151710
151726
151785
151797
151811
151816
151830
151840
151848
151872
151939
151942
151983
151991
152003
152024
152110
152158
152252
152300
152368
152395
152476
152515
152520
152535
152554
152568
152627
152635
152648
152689
152709
152710
152732
152742
152769
152788
152789
152799
152834
152938
152941
152951
152953
153006
153042
153051
153071
153113
153122
153126
153161
153356
153416
154378
154380
155029
155045
155188
155189
155258
155308
155314
155326
155332
155359
155548
155562
155564
155588
155607
155640
155644
155701
155704
155719
155742
155758
155766
155804
155837
155850
155874
155903
155917
155970
155973
156007
156271
156406
156408
156717
157464
157472
157554
158333
158351
158838
158843
158865
134712
146409
146414
146510
146610
146719
146883
146889
146900
146908
146916
146925
146944
146994
147009
147028
147043
147056
147070
147076
147079
147128
147145
147151
147167
147177
147238
147255
147269
147270
147274
147300
147342
147344
147356
147386
147403
147410
147447
147455
147466
147495
147561
147594
147596
147602
147629
147664
147705
147721
147724
147725
147762
147785
148212
148223
148354
148359
148363
148365
148369
148965
149074
149160
149162
149164
149180
149364
149780
149862
149893
150010
150032
150084
150088
150091
150093
150123
150132
150136
150153
150162
150193
150195
150196
150481
150526
150529
150552
150566
150594
150595
151114
151226
151230
151232
151247
151274
151293
151308
151335
151376
151385
151389
151401
151405
151409
151421
151429
151434
151448
151463
151614
151623
151632
151633
151662
151668
151672
151678
151697
151709
151718
151743
151745
151750
151757
151761
151847
151867
151868
151879
151906
151956
151974
151979
152054
152115
152318
152319
152335
152341
152356
152360
152503
152506
152507
152527
152529
152538
152583
152594
152633
152748
152787
152819
152871
152872
152899
152908
152909
152921
152955
153063
153160
155044
155075
155112
155127
155152
155221
155224
155227
155233
155253
155255
155257
155262
155268
155272
155331
155339
155348
155353
155386
155387
155390
155427
155430
155454
155489
155491
155498
155502
155510
155542
155544
155561
155579
155710
155725
155726
155729
155735
155757
155759
155760
155780
155786
155806
155813
155830
155846
155897
155898
155901
156078
156375
157489
158556
158619
158626
158772
158821
158849
146366
146604
146682
146683
146827
146898
146928
146959
146973
146975
146990
146996
147040
147071
147127
147154
147184
147185
147241
147256
147265
147313
147316
147317
147326
147350
147372
147378
147457
149139
149163
149725
149977
150050
150053
150096
150112
150161
151238
151266
151267
151277
151290
151310
151372
151375
151412
151414
151418
151422
151432
151461
151465
151471
151641
151660
151667
151680
151693
151732
151789
151944
151947
152472
152563
152598
152618
152683
152784
152794
153309
155102
155125
155126
155241
155269
155274
155316
155374
155378
155396
155397
155453
155456
155474
155482
155488
155571
155748
155782
155783
155792
155836
155858
156385
157478
158850
146907
147059
147131
147382
147469
147569
151424
155104
155385
5685
5688
138494
138679
143125
143470
143487
143503
145204
145437
146150
146491
146493
146500
146518
146635
146674
146715
146754
146782
146800
146801
146871
146876
147003
147217
147220
147247
147502
147532
147667
147712
147728
147828
148182
148210
148595
148596
148749
148969
148983
149031
149593
150163
150337
150371
150803
150908
151040
151064
151066
151125
151129
151132
151133
151178
151185
151190
151196
151346
151479
151500
151511
151512
151514
151527
151572
151595
151602
151715
151801
151896
151923
151970
151989
152044
152082
152098
152108
152122
152123
152124
152125
152239
152269
152277
152361
152392
152421
152478
152590
152693
152696
152766
152936
153060
153086
153130
153132
153134
153235
153243
153276
153279
153280
154332
154634
155049
155064
155069
155196
155265
155547
155594
155647
155689
155716
156000
156008
156059
156123
156136
156185
156303
156304
156307
156308
156353
156393
156400
156460
156710
156834
157529
157552
157555
158329
158601
158609
158610
158632
158703
158768
158769
158771
158823
158844
158894
158913
159149
159162
162299
162326
162355
487877
134707
134713
140468
143444
143488
146411
146435
146486
146523
146556
146668
146676
146795
146839
146869
146872
146941
147046
147051
147075
147096
147144
147168
147242
147284
147411
147480
147485
147526
147691
147722
147764
148077
148598
148959
148967
148991
149000
149059
149130
149132
149181
149326
149356
149357
149729
150384
150436
150625
150630
150669
150674
150955
151002
151063
151102
151118
151151
151153
151160
151177
151253
151261
151390
151392
151397
151419
151450
151480
151481
151509
151521
151522
151543
151577
151593
151703
151717
151725
151762
151800
151803
151812
151844
151911
151921
151938
151965
151969
151981
151992
152084
152093
152104
152109
152137
152355
152378
152434
152470
152474
152493
152522
152552
152557
152694
152695
152706
152707
152763
152783
152875
152891
153003
153028
153248
153382
153395
153542
154379
154381
154384
155066
155074
155222
155235
155360
155520
155606
155609
155610
155621
155648
155665
155670
155684
155698
155838
155881
155905
155909
155916
155920
155999
156001
156002
156121
156335
156342
156399
156745
157504
157510
157550
157698
158028
158379
158559
158617
158829
158839
158904
158905
158922
158926
141691
146310
146416
146525
146606
146607
146660
146684
146787
146881
146882
146950
146951
147006
147029
147030
147047
147077
147084
147118
147143
147152
147187
147218
147225
147227
147248
147249
147254
147290
147301
147309
147310
147315
147366
147367
147402
147421
147475
147648
147662
147706
147726
147729
147755
147787
148213
148214
148225
148226
148353
148356
149045
149067
149362
149363
149712
149980
149987
150033
150095
150131
150312
150383
150388
150489
150565
150613
150647
150804
151052
151065
151107
151111
151112
151123
151158
151220
151244
151245
151279
151303
151311
151314
151371
151410
151449
151452
151473
151486
151496
151504
151510
151570
151571
151581
151625
151665
151696
151698
151708
151809
151845
151863
151876
151885
151908
151961
151977
151980
151984
152010
152017
152074
152114
152116
152152
152278
152296
152357
152371
152387
152390
152492
152524
152637
152720
152767
152774
152781
152782
152798
152800
152841
152893
152894
152905
152906
152915
153074
153125
153249
153311
154335
154383
155068
155071
155076
155099
155191
155219
155247
155248
155250
155270
155319
155320
155337
155338
155363
155445
155464
155492
155501
155549
155554
155559
155586
155587
155590
155598
155603
155611
155619
155622
155625
155690
155720
155763
155767
155770
155775
155778
155885
155900
155925
156031
156120
156172
156355
156379
156383
157697
158026
158779
158917
158928
158935
162357
146605
146922
146953
146955
146956
146963
146976
146995
147007
147014
147032
147033
147034
147078
147100
147133
147135
147141
147169
147173
147179
147213
147258
147263
147264
147272
147329
147384
147413
147467
147518
147524
147568
147570
147600
147660
148375
148386
149110
149172
149715
149819
149949
149976
149978
149982
149997
149999
150027
150047
150114
150115
150135
150159
150160
150336
150534
150537
150553
150555
150563
150564
150606
151121
151236
151241
151272
151284
151443
151453
151468
151674
151691
151731
151749
151860
151907
151952
152339
152475
152528
152717
152743
152825
152911
153054
153250
153315
155042
155100
155264
155283
155323
155379
155447
155511
155540
155555
155558
155569
155578
155602
155727
155730
155737
155738
155743
155751
155764
155768
155777
155787
155815
155857
155888
155890
155896
155904
157553
158847
158930
146617
146945
146977
147036
147037
147038
147042
147057
147061
147180
147373
147567
150520
151273
151316
151413
151455
151736
151746
152530
155240
155376
155393
155422
155556
155583
155814
146992
147183
151292
155817
134711
134714
134726
140834
143533
144978
146390
146634
146648
146656
146663
146664
146675
146716
146785
146915
146931
146952
147050
147189
147201
147246
147308
147314
147346
147400
147493
147494
147496
147534
147548
147572
147578
147614
147617
147733
148371
148543
148562
148577
148590
148680
148748
148962
149048
149133
149161
150535
150596
150618
150668
150812
150902
150944
150949
150956
150968
151004
151034
151058
151099
151134
151170
151176
151297
151364
151391
151472
151492
151495
151530
151604
151608
151704
151707
151724
151793
151822
151824
151828
151993
152002
152013
152036
152053
152065
152066
152071
152078
152099
152105
152143
152184
152241
152246
152276
152321
152399
152490
152497
152501
152521
152525
152644
152697
152723
152741
152757
152761
153241
153313
153362
153369
153374
155061
155249
155302
155350
155391
155672
155673
155851
155911
155923
155972
155976
155998
156005
156032
156080
156081
156197
156293
156310
156336
156366
156373
156407
156485
156720
157465
157535
158548
158585
158613
158616
162309
162325
134715
143496
146420
146516
146603
146608
146609
146611
146615
146670
146932
146984
147001
147048
147065
147098
147099
147103
147155
147156
147194
147195
147196
147200
147215
147221
147243
147250
147302
147345
147390
147482
147488
147505
147525
147541
147624
147628
147637
147646
147663
147665
147727
147778
147788
148366
148377
148821
149066
149360
150059
150194
150422
150536
150550
150558
150608
150626
150742
151001
151005
151033
151037
151062
151068
151152
151157
151183
151249
151262
151280
151365
151366
151370
151387
151445
151477
151482
151483
151487
151494
151575
151611
151706
151727
151744
151790
151796
151815
151839
151886
151900
151903
151934
151950
151954
151955
151958
151964
151995
151998
152014
152018
152185
152254
152385
152477
152498
152505
152559
152638
152714
152729
152749
152750
152754
152778
152801
152802
152873
152952
153043
153044
153128
154388
155254
155307
155317
155318
155516
155517
155581
155591
155592
155631
155753
155803
155840
156195
156209
156266
156370
156386
156711
157506
157508
157531
158402
158530
158579
158607
158758
158780
158861
159151
162358
146650
146673
146927
146934
146946
146969
146986
146999
147008
147035
147140
147161
147163
147178
147186
147211
147223
147226
147267
147268
147273
147323
147324
147379
147416
147474
147483
147484
147487
147498
147503
147540
147560
147566
147580
147597
147598
147603
147761
147781
149252
149679
149952
149981
150083
150085
150385
150559
151060
151108
151172
151233
151288
151299
151315
151378
151386
151388
151400
151420
151444
151469
151489
151497
151501
151534
151627
151689
151695
151713
151719
151748
151760
151813
151864
151869
151887
151957
151960
152015
152055
152057
152076
152386
152500
152510
152728
152785
153045
155244
155246
155252
155267
155273
155284
155293
155305
155500
155504
155518
155519
155523
155652
155740
155752
155762
155771
155772
155805
155839
155845
155971
155975
156003
156039
156365
157483
158557
158558
158623
158777
158837
158937
146647
146958
146971
146991
146993
147134
147266
147327
147339
147349
147368
147371
147461
147468
147565
147601
147604
147652
149713
150049
150126
150554
150556
151265
151269
151276
151278
151281
151285
151286
151416
151470
151679
151849
155232
155242
155275
155291
155366
155377
155389
155494
155525
155585
147374
155243
155288
134728
143468
143475
143499
143518
146417
146600
146612
146655
146672
146930
146939
146978
146981
147044
147087
147190
147203
147260
147275
147280
147285
147303
147399
147490
147504
147516
147535
147579
147582
147639
147723
147734
148101
148378
148575
148868
148972
149358
149359
149951
150165
150373
150512
150547
150743
150862
150973
151013
151036
151059
151061
151122
151254
151394
151396
151507
151538
151870
151888
151890
151895
151959
151963
151996
152004
152011
152038
152048
152058
152298
152324
152384
152491
152626
153240
153299
155216
155280
155281
155300
155470
155522
155674
155675
155776
155800
155849
155853
155926
155927
155932
156165
156721
156722
157514
157533
158580
158737
158761
158830
158836
158897
158898
158925
158938
162363
146418
146616
146651
146681
146806
146943
147005
147015
147039
147045
147053
147058
147121
147170
147172
147188
147191
147192
147198
147204
147224
147262
147364
147383
147396
147415
147479
147486
147489
147499
147507
147549
147555
147559
147571
147585
147636
147647
147651
147690
147718
148211
148370
148581
150087
150386
150517
150533
150551
150562
150614
151011
151014
151038
151050
151156
151234
151255
151257
151287
151306
151476
151490
151491
151498
151526
151628
151688
151728
151902
151904
151905
151982
151985
151997
152001
152012
152056
152253
152715
152898
155286
155306
155309
155469
155543
155580
155847
155848
155908
155989
156371
157498
158835
158896
146646
146917
146947
146949
146957
146987
147024
147026
147139
147149
147166
147175
147182
147197
147210
147228
147363
147385
147492
147593
147599
149979
150090
150483
150531
150605
151258
151270
151289
151411
151415
151485
151720
151818
151866
151889
151943
151951
152113
152508
152730
152751
155245
155251
155263
155277
155278
155279
155351
155471
155546
155582
155781
147237
150545
151374
151846
155290
155497
155570
146614
146654
146935
146983
147025
147027
147052
147174
147199
147231
147276
147544
147553
147563
147575
147576
147577
147581
147592
147649
147650
147780
148586
150086
150511
150542
150616
150619
151051
151057
151380
151398
151399
151605
151694
151716
151823
151837
151910
151917
152006
152033
152064
152494
152760
153047
153127
153129
155266
155295
155468
155507
155761
155773
155884
155987
156024
156122
156275
156288
158767
158770
146929
147023
147101
147102
147214
147261
147370
147476
147543
147547
149950
150519
150557
150560
151260
151381
151814
152005
152716
153046
155289
155304
157463
146988
147000
147369
147448
151377
155292
155526
155541
