67841
86692
92629
96780
96782
96786
96788
96793
96826
96980
97005
97100
97153
97159
97207
97318
97321
97763
97850
99409
100641
102077
102084
102242
102395
102397
102404
102616
102644
102954
103091
103115
103186
103339
103980
105063
105080
106085
106205
106850
106866
106912
106917
106919
106931
106932
107601
107602
107603
107604
107605
107615
107619
107634
107635
107636
107641
107642
107643
107650
107677
107678
107679
107755
107797
107805
107837
107849
107850
107854
107855
107856
107858
107859
107861
107862
107889
107893
107894
107898
107904
107905
107906
107907
107909
107910
107911
107912
107914
107917
107922
107924
107926
107927
107935
107936
107941
107942
107951
107968
107970
107971
107972
107974
107976
107977
107978
107980
107982
107984
107986
107992
107993
107994
107995
107996
108000
108002
108005
108040
108229
108260
108262
108264
108265
108268
108270
108272
108311
108312
108313
108314
108323
108327
108328
108330
108331
108332
108333
108334
108336
108342
108363
108366
108390
108393
108396
108399
108400
108404
108405
108410
108418
108420
108426
108430
108431
108435
108436
108443
108449
108457
108460
108478
108479
108487
108488
108490
108491
108492
108493
108494
108496
108499
108504
108507
108512
108518
108525
108526
108529
108532
108535
108537
108539
108546
108569
108570
108586
108587
108594
108595
108596
108601
108608
108609
108611
108612
108620
108630
108633
108642
108645
108646
108647
108648
108649
108651
108652
108670
108672
108674
108678
108681
108682
108683
108686
108687
108688
108689
108691
108717
108743
108748
108749
108755
108763
108765
108766
108769
108775
108778
108788
108791
108793
108794
108796
108798
108802
108803
108805
108808
108809
108810
108811
108814
108815
108817
108824
108826
108827
108829
108832
108834
108835
108837
108838
108839
108840
108842
108847
108851
108855
108857
108864
108866
108868
108874
108875
108901
108904
108907
108909
108910
108911
108920
108921
108922
108937
108960
108971
109036
109042
109047
109064
109065
109073
109120
109155
109157
109204
109260
109262
109300
109303
109306
109307
109380
109417
109419
109421
109443
109450
109451
109454
109455
109456
109475
109477
109483
109490
109506
109516
109519
109525
109526
109532
109547
109596
109599
109603
109613
109627
109629
109630
109632
109633
109636
109641
109654
109660
109665
109722
109724
109731
109735
109738
109740
109745
109752
109758
109759
109762
109764
109767
109777
109778
109780
109813
109870
109879
109880
109887
109888
109892
110029
110204
110255
110261
110264
110337
110634
110657
110697
110784
110836
110883
110904
110905
110906
110908
110924
110926
110927
110946
110975
110984
110989
110993
110994
110996
110999
111000
111001
111004
111006
111012
111052
111056
111057
111058
111063
111065
111074
111075
111077
111079
111080
111081
111085
111086
111091
111093
111094
111095
111096
111097
111100
111104
111105
111108
111158
111190
111191
111192
111196
111197
111202
111224
111256
111257
111262
111277
111304
111306
111331
111333
111334
111341
111356
111358
111364
111366
111367
111368
111369
111370
111373
111374
111376
111390
111396
111399
111408
111411
111413
111419
111424
111432
111541
111543
111544
111563
111574
111607
111624
111626
111645
111672
111678
111692
111722
111748
111751
111752
111763
111775
111781
111782
111795
111850
111860
111870
111896
111953
111964
111977
111994
112029
112039
112070
112085
112270
112274
112276
112309
112330
112338
112383
112534
114590
115018
115019
115022
115093
115116
115127
117776
120363
120365
120366
120374
120375
120381
120388
120390
120391
120409
120413
120414
120461
120484
120485
120488
120496
120497
120542
120738
120773
120783
120784
120788
121648
121649
122050
122274
122311
122318
122323
122329
122349
122777
122849
122879
123103
123112
123133
123143
123144
123165
123168
123179
123242
123244
123252
123263
123281
123294
123314
123333
123334
123350
123355
123374
123386
123511
123723
123753
124060
124138
124177
124209
124210
125520
125521
125668
125681
125686
125688
125714
127255
127256
127284
127318
127382
127401
127403
127408
127624
127691
127774
127849
127878
127882
127962
128037
128151
128696
128712
129201
129205
129215
129229
129245
129252
129804
129814
129815
129818
129820
129821
129823
129839
129840
129843
129844
129850
130023
130027
130074
130077
130088
130097
130117
130120
130121
130167
130254
130291
130292
130344
130392
130463
130464
130465
130469
130470
130476
130482
130489
130490
130491
130492
130495
130506
130507
130509
130510
130533
130596
130606
130612
130616
130623
130664
130665
130710
130718
130728
130729
130794
130796
130811
130846
130849
130850
130851
130853
131368
131377
131379
132200
132208
132212
215491
218649
218667
221851
223417
224089
228968
232286
232513
232516
232570
232620
233546
233643
233644
233649
233653
233654
233659
233660
233664
233921
234337
234338
234346
234350
234355
234360
234465
235858
236224
236340
236341
237015
237174
237179
237186
237202
237242
237314
239054
239478
239481
239576
239659
242638
242724
242741
242744
242745
243777
243889
244162
244163
244404
244405
244406
244503
244529
244574
244593
244739
246721
246731
246761
249198
249729
249739
250271
252043
252295
252367
255082
257938
261330
261332
261334
261336
261798
262231
262929
263048
263054
263073
264677
266334
266377
266506
266740
266742
266810
266812
271026
271028
271031
271042
271045
271047
271062
271125
271144
271147
271310
271311
271314
271316
279386
280574
280789
280793
280798
280801
280802
280804
280808
280809
280810
280811
280813
280820
280821
280826
280827
280889
280891
280910
280912
280923
281069
281244
281289
281290
281293
281370
282116
282198
282482
282499
283293
283315
283658
283659
283660
283661
283663
283664
284514
285172
285574
286047
287135
287697
287698
287699
287701
287712
287869
287989
288126
369050
371148
371207
371658
374326
376172
376682
376769
376770
388947
388948
388949
388964
389007
389008
389015
389016
389018
389019
389022
389049
389057
389092
389127
389183
408474
411558
422570
463233
463345
463362
464574
