408239
415749
416215
416346
416359
416365
416565
416882
416888
416889
417094
417207
417229
418159
419332
419559
419613
419681
419782
419960
419968
419970
419973
420014
420797
421029
421035
422838
424836
430701
430708
430827
431017
431027
431049
431172
431173
431191
431234
431241
431259
431277
431284
431308
431349
431383
431394
431452
431455
431477
431479
431481
431482
431486
431555
431582
431585
431610
431617
431636
431652
431740
431783
416221
416222
416356
416360
416401
416641
417464
417904
417990
418293
418467
419356
419519
419536
419540
419551
419899
419914
419916
419928
419957
419971
419974
419977
419978
419992
420082
420097
420133
420199
420498
420499
420507
420511
421023
421059
421061
421062
424786
424795
424832
427690
429553
429593
430562
430590
430591
430619
430626
430803
430829
430913
430914
430922
431016
431031
431038
431039
431048
431068
431071
431124
431145
431149
431163
431168
431169
431171
431196
431210
431220
431247
431248
431249
431257
431269
431275
431281
431334
431350
431361
431396
431429
431435
431475
431476
431495
431525
431539
431542
431546
431551
431609
431614
431641
431644
431645
431646
431647
431675
431678
431697
431707
431752
431753
431762
431764
431775
431776
431779
431795
431796
431978
432020
432204
432217
432257
432273
432280
433274
433361
433550
433569
417223
417228
418261
419783
419784
419876
419881
419887
420096
420131
420958
421014
421016
421019
421024
421072
424787
425881
426098
427693
428149
428553
428673
428752
428779
429555
429574
429725
429759
429800
429813
429814
429829
429998
430026
430054
430058
430062
430063
430069
430119
430278
430279
430345
430404
430563
430569
430571
430602
430603
430604
430620
430623
430706
430757
430775
430817
430861
430885
430886
430915
430918
430964
431035
431047
431055
431065
431074
431140
431146
431150
431151
431170
431194
431212
431218
431238
431243
431244
431252
431255
431264
431268
431272
431296
431300
431318
431329
431332
431336
431341
431345
431354
431359
431390
431404
431405
431423
431489
431500
431501
431505
431512
431515
431517
431527
431529
431530
431540
431552
431556
431577
431606
431607
431677
431701
431729
431744
431746
431760
431761
431797
431977
432228
432233
432238
432250
432262
432294
432300
432303
433148
418161
418236
419531
419792
419834
419879
419880
419929
420632
421021
421022
421057
421063
421067
421085
424628
425114
425551
425553
425631
425632
426053
426081
426083
426137
426138
427302
427310
427410
427504
427927
427988
428050
428056
428070
428150
428250
428554
428674
428748
428758
429526
429556
429638
429672
429768
429775
429781
429783
429784
429796
429797
429815
429826
429830
429831
429832
429835
429897
429925
429970
429981
429997
430000
430017
430028
430032
430037
430041
430044
430045
430051
430052
430057
430094
430110
430188
430210
430236
430237
430280
430293
430301
430312
430318
430319
430328
430329
430334
430347
430352
430355
430357
430386
430387
430388
430486
430526
430530
430554
430612
430613
430614
430704
430716
430805
430812
430892
430900
430916
430930
430931
430932
431052
431064
431076
431096
431202
431219
431236
431316
431355
431399
431430
431492
431494
431510
431541
431664
431676
431751
432225
432253
432291
432296
433400
433403
433405
419836
419902
421053
421068
421073
425125
425293
425525
425624
426043
426044
426049
426050
426062
426065
426070
426074
426089
426103
426104
426109
426110
426126
426127
426132
426144
426172
426195
426258
426323
426340
427904
427990
428054
428060
428061
428082
428561
428688
428762
428765
429581
429701
429764
429785
429790
429879
429892
429907
429918
429953
429954
429969
429988
430103
430112
430146
430154
430214
430238
430258
430283
430308
430313
430317
430324
430335
430336
430337
430356
430528
430529
430531
430532
430536
430537
430547
430611
430888
430893
430924
430926
430937
431045
431046
431066
431312
431756
432239
425107
425117
425126
425150
425639
426046
426047
426066
426067
426101
426102
426324
426325
428004
428005
428083
428102
428648
429284
429372
429373
429777
429973
429974
430555
431493
425110
425122
425130
426111
426116
428007
408233
416154
416370
416381
416431
416829
417141
417178
417463
417987
417999
418087
418089
418113
418118
418150
418167
418182
418187
418216
418228
418262
418282
418285
418415
419207
419351
419364
419538
419544
419616
419658
419671
419791
419958
420073
420089
420304
421995
424954
430508
430573
430656
430658
430819
430828
431083
431116
431121
431165
431174
431175
431222
431227
431239
431254
431260
431282
431432
431436
431445
431446
431458
431473
431484
431506
431576
431581
431593
431594
431667
431724
431733
431769
431784
431786
431791
431792
431794
432008
432147
432218
432282
432283
432286
415973
416218
416220
416361
416504
416567
416810
417992
418158
418166
418229
418416
419335
419362
419394
419518
419543
419557
419592
419771
419774
419793
419857
419864
419907
419967
420503
420504
420505
420510
420800
424770
424805
424812
424819
424833
424919
425402
425855
427855
427919
428157
429685
429794
429908
430400
430561
430593
430617
430622
430665
430678
430679
430686
430709
430711
430713
430714
430725
430760
430765
430776
430785
430840
430844
430869
430890
430962
431072
431073
431077
431115
431117
431120
431164
431182
431203
431217
431226
431228
431253
431285
431295
431303
431307
431395
431398
431433
431441
431449
431467
431469
431474
431480
431485
431498
431511
431516
431528
431532
431536
431545
431548
431554
431592
431595
431662
431673
431696
431703
431742
431770
431772
431976
431990
432175
432222
432224
432229
432281
432297
432304
433204
433241
416441
416881
418139
419331
419389
419517
419530
419550
419552
419554
419597
419718
419765
419768
419775
419779
419789
419865
419893
419923
419924
419951
419952
419975
419981
420031
420052
420090
420093
420421
420441
420457
420538
421081
424788
424792
425524
425552
425798
426139
426162
426168
426874
426880
427025
427399
427400
427432
427435
428675
428697
428778
429551
429564
429568
429575
429624
429675
429676
429718
429719
429721
429752
429756
429769
429798
429806
429810
429827
429837
429856
429929
429985
429995
429996
430034
430042
430059
430060
430067
430077
430093
430232
430242
430244
430248
430260
430331
430349
430359
430390
430401
430403
430489
430512
430522
430523
430524
430615
430625
430632
430639
430693
430697
430702
430710
430717
430726
430758
430769
430800
430811
430814
430816
430832
430833
430839
430847
430898
430957
430972
431029
431034
431061
431067
431070
431078
431111
431125
431126
431133
431139
431148
431154
431192
431195
431199
431207
431208
431237
431261
431262
431263
431266
431279
431290
431291
431315
431335
431353
431403
431466
431478
431488
431504
431514
431535
431538
431670
431671
431672
431680
431681
431682
431748
431757
431778
431780
432168
432236
432237
432274
432302
433440
433553
433647
416568
419370
419396
419526
419764
419766
419895
419896
419901
419919
419920
419925
420042
420136
420454
420455
420456
420634
420812
421030
421069
421083
421101
424769
424837
424969
425289
425587
426052
426082
426169
426191
426198
426339
426665
426683
426702
427024
427301
427304
427306
427317
427405
427411
427433
427437
427506
427861
427926
427928
427937
428044
428052
428063
428087
428088
428254
428261
428266
428552
428682
428747
428750
428763
428775
429247
429310
429370
429478
429502
429517
429524
429554
429558
429580
429588
429607
429633
429634
429641
429650
429707
429708
429741
429779
429780
429804
429833
429844
429849
429850
429852
429857
429860
429861
429864
429874
429881
429890
429927
429933
429944
429950
429951
429957
429966
429971
429976
429983
429986
429991
430004
430030
430033
430038
430040
430043
430048
430050
430064
430066
430084
430087
430088
430111
430134
430138
430141
430145
430180
430216
430219
430230
430231
430234
430235
430251
430257
430261
430273
430274
430276
430288
430289
430297
430298
430299
430309
430314
430315
430316
430327
430332
430343
430358
430361
430362
430365
430372
430383
430385
430393
430414
430432
430447
430500
430525
430546
430560
430577
430578
430580
430585
430628
430638
430687
430694
430719
430723
430764
430809
430813
430821
430860
430868
430949
431028
431030
431036
431056
431058
431060
431123
431147
431153
431176
431178
431198
431204
431213
431229
431287
431292
431293
431317
431337
431360
431400
431450
431502
431658
431679
431758
431771
431983
432256
432266
432290
432292
432393
433129
433258
433406
433545
419369
419767
419830
419837
419882
420132
421054
421056
421064
421082
425113
425261
425458
425528
425570
425628
425629
425637
425866
426042
426045
426059
426063
426075
426076
426077
426079
426080
426091
426143
426149
426151
426167
426171
426178
426180
426194
426279
426322
426328
426660
426686
426696
426700
426876
426885
426887
427017
427066
427124
427148
427180
427281
427297
427299
427305
427309
427313
427324
427446
427467
427500
427502
427503
427505
427859
427862
428040
428046
428048
428064
428075
428148
428242
428298
428457
428836
429176
429182
429184
429283
429299
429503
429523
429529
429548
429572
429573
429585
429586
429587
429589
429651
429760
429765
429771
429788
429838
429869
429883
429894
429896
429899
429904
429910
429917
429921
429937
429940
429941
429942
429948
429955
429958
429962
429968
429980
429990
429999
430001
430011
430018
430019
430023
430027
430031
430047
430056
430074
430082
430085
430086
430089
430095
430097
430098
430100
430104
430120
430150
430153
430211
430212
430213
430225
430249
430269
430286
430287
430305
430310
430311
430320
430321
430325
430346
430374
430376
430405
430445
430446
430485
430534
430535
430545
430570
430630
430876
430878
430927
430928
430929
430940
430975
431026
431741
431982
432251
432309
432359
421084
424927
424988
425112
425133
425145
425197
425557
425633
426039
426061
426064
426069
426071
426078
426107
426123
426124
426177
426208
426306
426327
426341
426695
426825
427298
427308
427852
427934
427987
428009
428026
428077
428084
428086
428456
428646
429252
429280
429295
429374
429375
429376
429380
429522
429583
429629
429762
429763
429782
429786
429863
429867
429878
429912
429919
429947
429972
430096
430147
430151
430156
430252
430263
430295
430307
430451
430552
430936
430948
425120
425128
426113
426117
426257
426393
428008
428232
428458
429251
429327
430157
430264
398212
398216
416134
416136
416232
416362
416645
416762
416799
417460
417547
417550
417982
417983
418002
418059
418073
418074
418076
418086
418105
418106
418122
418152
418183
418227
418266
418373
418440
418444
418469
418473
418474
418800
419344
419360
419363
419521
419522
419545
419583
419598
419601
419633
419956
419965
419976
419999
420102
420129
420416
420489
420793
420901
421005
421128
421194
423833
424579
424586
424799
424840
424844
424921
425502
427691
430599
430754
430755
430778
430797
430825
430826
430871
431010
431114
431134
431138
431160
431216
431223
431233
431348
431440
431443
431447
431454
431460
431464
431534
431774
431815
431819
431848
431863
432169
432170
432194
432223
432230
432269
432270
433207
433331
433362
433618
416129
416131
416217
416344
416348
416473
416646
417903
417905
417994
417996
418061
418072
418114
418180
418409
418414
418732
419333
419337
419350
419391
419401
419542
419555
419604
419607
419632
419634
419637
419657
419778
419781
419839
419904
419926
419945
419950
419963
419980
419983
420017
420026
420076
420084
420086
420092
420110
420115
420258
420420
420447
420452
420487
420773
420784
420805
420807
420808
420909
421033
421076
422827
422828
424623
424676
424780
424821
424922
424955
425561
426142
426235
426620
427319
427447
427757
427856
428792
429541
429716
429795
429855
429930
430061
430507
430517
430574
430596
430624
430642
430647
430675
430682
430684
430699
430712
430724
430766
430768
430779
430783
430794
430815
430824
430834
430862
430873
430874
430955
430961
431040
431084
431090
431098
431135
431167
431181
431193
431231
431235
431289
431302
431305
431352
431408
431438
431444
431453
431470
431499
431611
431723
431739
431777
431781
431789
431901
431921
431989
432022
432029
432071
432087
432171
432176
432195
432209
432210
432212
432362
433135
433146
433176
433211
433278
433359
433592
433651
416125
416139
416643
418115
418160
418205
418231
418235
419263
419272
419355
419383
419392
419541
419558
419605
419608
419617
419741
419757
419758
419787
419790
419818
419820
419858
419861
419863
419872
419886
419894
419900
419915
419943
419944
419949
420074
420080
420085
420098
420114
420122
420127
420137
420138
420508
420571
421015
421078
421121
421229
421993
422834
424417
424776
424781
424828
424945
425486
425503
425884
425953
426482
426852
426875
426882
427320
427370
427390
427413
427418
427431
427434
427695
427696
427723
427829
428147
428161
428691
428756
428769
428770
428772
428781
429130
429138
429591
429621
429636
429654
429678
429696
429715
429717
429754
429770
429803
429822
429834
429854
429875
429931
429932
430070
430072
430116
430209
430215
430243
430247
430366
430439
430453
430490
430516
430575
430592
430594
430595
430627
430637
430641
430680
430705
430718
430722
430763
430774
430784
430799
430818
430820
430836
430838
430843
430856
430875
430934
431054
431069
431095
431100
431129
431142
431179
431180
431189
431214
431240
431250
431270
431271
431288
431294
431351
431401
431461
431472
431557
431640
431725
431743
431871
431930
431973
431974
431986
432070
432079
432089
432163
432166
432167
432258
432268
432310
432358
432385
433101
433127
433130
433144
433275
433330
433357
433437
433564
433570
433574
416444
416505
418234
419262
419379
419402
419515
419769
419843
419856
419870
419897
419921
419927
419932
419993
420023
420025
420035
420041
420055
420113
420424
420438
420484
420782
420796
420986
421018
421044
421106
421116
421118
424423
424616
424617
424820
424918
425245
425246
425375
425416
425419
425423
425493
425505
425507
425554
425560
425566
425630
425797
425799
425800
425856
425885
425910
425919
425924
425954
426057
426073
426136
426140
426153
426157
426161
426163
426201
426220
426221
426234
426236
426238
426276
426326
426350
426481
426483
426602
426650
426658
426684
426704
426805
426886
426895
427206
427260
427282
427296
427300
427311
427318
427328
427371
427373
427374
427375
427396
427398
427401
427403
427436
427514
427724
427760
427845
427860
427882
427985
428045
428068
428090
428153
428252
428612
428634
428670
428684
428686
428687
428740
428751
428753
428755
428757
428802
429022
429089
429091
429294
429366
429367
429448
429479
429495
429508
429516
429537
429539
429544
429549
429565
429567
429578
429582
429623
429642
429671
429684
429689
429698
429703
429706
429713
429724
429738
429758
429761
429772
429778
429791
429793
429801
429807
429809
429812
429816
429817
429819
429824
429825
429828
429839
429845
429846
429847
429848
429851
429859
429868
429885
429909
429934
429945
429984
429994
430036
430039
430046
430053
430081
430083
430091
430105
430108
430132
430197
430218
430220
430226
430233
430246
430272
430281
430285
430290
430330
430344
430367
430395
430412
430416
430431
430452
430454
430484
430487
430505
430527
430579
430582
430583
430586
430589
430600
430601
430621
430629
430631
430633
430685
430695
430700
430703
430721
430786
430806
430841
430850
430851
430854
430858
430859
430879
430891
430923
430925
430938
430945
430946
430950
430956
430969
430973
430974
431059
431062
431075
431093
431127
431132
431141
431152
431188
431201
431211
431267
431301
431304
431745
431749
431888
431979
431981
431999
432188
432226
432234
432271
432288
432289
432299
432301
432394
433128
433177
433255
433257
433546
433562
433566
433605
419264
419485
419763
419827
419833
419860
419874
419953
420050
420442
420635
420795
420873
420949
421043
421100
424930
424986
425381
425398
425427
425428
425485
425504
425508
425509
425527
425550
425556
425574
425586
425615
425619
425627
425762
425837
425906
425937
425996
426051
426054
426141
426147
426148
426158
426159
426184
426193
426196
426197
426241
426277
426278
426289
426293
426305
426311
426316
426334
426338
426370
426514
426560
426647
426649
426651
426653
426701
426709
426806
426813
426816
426817
426827
426873
426877
426879
426891
426959
426960
426999
427032
427034
427126
427161
427181
427316
427323
427329
427334
427369
427376
427402
427404
427508
427509
427512
427565
427566
427606
427857
427858
427863
427875
427877
427897
427902
427903
427905
427915
427920
427925
427935
427991
427998
428001
428028
428030
428041
428065
428066
428069
428073
428108
428134
428168
428245
428249
428256
428257
428262
428263
428264
428267
428295
428297
428451
428630
428635
428667
428672
428676
428759
428767
428773
428774
428776
429019
429087
429250
429301
429352
429360
429371
429393
429406
429474
429476
429506
429536
429542
429543
429559
429560
429569
429577
429584
429592
429594
429606
429628
429639
429640
429644
429648
429697
429700
429702
429739
429774
429776
429789
429805
429843
429871
429882
429891
429893
429895
429922
429923
429924
429926
429935
429936
429946
429949
429952
429956
429977
429979
429989
430014
430020
430022
430024
430029
430075
430099
430101
430106
430118
430125
430133
430137
430139
430140
430148
430149
430228
430229
430240
430250
430255
430259
430265
430267
430270
430282
430284
430363
430368
430373
430375
430377
430389
430411
430418
430424
430426
430433
430438
430440
430442
430444
430477
430544
430576
430807
430808
430877
430889
430933
430935
430970
431206
431509
431916
431917
433398
433404
433604
419532
419829
421058
421110
425093
425098
425105
425138
425154
425219
425220
425260
425397
425461
425539
425540
425544
425588
425590
425611
425614
425620
425646
425713
425854
425902
425903
426055
426068
426099
426135
426206
426256
426280
426309
426310
426312
426321
426329
426362
426640
426654
426655
426810
426824
426878
426902
426993
427007
427015
427016
427038
427041
427042
427129
427134
427144
427353
427853
427876
427878
427879
427992
428002
428006
428027
428051
428080
428085
428098
428105
428122
428130
428132
428246
428303
428455
428631
428749
429088
429217
429223
429248
429253
429265
429274
429281
429285
429298
429300
429326
429330
429390
429394
429439
429518
429520
429608
429630
429646
429647
429836
429865
429880
429906
429920
429943
429963
429964
429965
429982
430002
430005
430113
430115
430117
430155
430217
430271
430296
430384
430436
433401
424926
425106
425111
425136
425139
425149
425153
425217
425285
425294
425616
425621
425858
426118
426119
426207
426376
427145
427881
427997
428049
428185
428187
428647
429261
429296
429329
429377
429545
429595
429960
430294
398672
409460
415911
416140
416143
416342
416397
416448
416453
416454
416569
416638
416824
416853
416958
417177
417248
417409
417410
417468
417498
417977
418088
418093
418156
418202
418203
418224
418260
418272
418274
418284
418364
418383
418678
418799
419328
419347
419397
419507
419588
419622
419636
419653
419662
419680
419748
419772
419795
419906
419910
419964
420016
420020
420081
420105
420106
420109
420123
420198
420200
420396
420414
420415
420417
420451
420453
420530
420560
420798
420963
421031
421038
424580
424920
425236
426609
429748
430514
430518
430662
430668
430749
431086
431158
431807
431822
431823
431836
431857
431876
431896
431991
431995
432006
432007
432023
432042
432061
432139
432211
432323
433201
433203
433206
433220
433295
433327
433329
433397
433500
433576
433577
382524
416216
416363
416812
416850
417231
417252
418003
418009
418149
418165
418173
418207
418233
418237
418411
418417
418418
418443
419057
419349
419386
419514
419546
419556
419580
419602
419612
419652
419715
419716
419744
419788
419888
419913
419922
419942
419966
420021
420048
420065
420083
420101
420468
420486
420619
420664
420743
420770
420965
421034
421115
421325
422823
424583
424806
424835
424956
424957
425229
425235
425444
425448
425794
425819
425955
427743
427764
428780
429622
429670
429694
429747
430199
430457
430618
430640
430663
430672
430674
430677
430690
430762
430767
430770
430772
430773
430780
430796
430798
430801
430866
430867
431119
431130
431136
431190
431333
431451
431831
431835
431845
431847
431869
431881
431927
431975
432018
432019
432068
432069
432187
432192
432277
432285
433087
433110
433145
433164
433168
433191
433197
433199
433210
433244
433256
433363
433410
433488
433530
433532
433555
433589
433591
433653
433728
416395
416436
416564
416623
417898
418091
418104
418155
418162
418163
418185
418230
418232
418294
418941
419061
419245
419248
419340
419465
419513
419553
419589
419593
419603
419679
419742
419759
419773
419780
419813
419814
419821
419823
419845
419883
419911
419937
419954
419988
419994
420015
420053
420079
420087
420095
420108
420116
420121
420205
420314
420358
420434
420532
420651
420704
420803
420806
420816
420844
420868
420869
420948
420987
421006
421143
421209
421228
422831
422832
424761
424827
424830
424913
424959
425013
425199
425443
425564
425569
425795
426219
426240
426271
426477
426516
426578
426595
426849
426884
427277
427283
427383
427441
427443
427521
427535
427549
427577
427580
427602
427692
427694
427756
428072
428156
428174
428565
428575
428694
428696
428698
428725
428771
428978
429097
429231
429369
429461
429507
429515
429538
429540
429590
429659
429666
429668
429673
429677
429679
429695
429802
429811
429853
429901
430008
430035
430245
430371
430494
430506
430509
430587
430598
430634
430667
430692
430759
430793
430835
430842
430846
430848
430852
430865
430870
430872
430896
430954
430958
430960
430963
430968
431079
431080
431082
431088
431097
431103
431118
431155
431161
431407
431465
431468
431866
431879
431880
431902
431914
431988
432011
432082
432180
432298
432305
432322
432355
432567
433102
433147
433195
433198
433209
433252
433265
433311
433434
433547
433551
433554
433565
433579
433580
433598
433599
433603
433724
416445
419250
419382
419385
419388
419479
419494
419528
419529
419606
419760
419785
419825
419891
419903
419917
419946
419982
419984
420013
420022
420078
420120
420335
420423
420529
420605
420606
420618
420750
420783
420802
420822
420871
420918
420942
421049
421111
424422
424619
424625
424629
424782
424839
424850
424896
424944
425009
425099
425228
425411
425415
425499
425500
425506
425514
425523
425529
425816
425882
425889
425908
425911
425914
425915
425985
426152
426154
426202
426214
426222
426345
426354
426484
426488
426513
426522
426544
426566
426596
426642
426648
426666
426681
426687
426707
426760
426792
426838
426853
426892
427012
427023
427244
427256
427259
427288
427290
427292
427314
427326
427355
427393
427394
427397
427414
427415
427454
427460
427465
427496
427498
427515
427516
427520
427572
427578
427585
427652
427719
427730
427749
427752
427800
427834
427854
427916
427918
427921
427931
428071
428138
428158
428173
428175
428255
428259
428549
428550
428556
428595
428639
428665
428679
428689
428715
428722
428729
428734
428737
428768
428835
429131
429132
429239
429309
429361
429462
429499
429550
429557
429561
429562
429566
429619
429626
429637
429665
429669
429674
429688
429699
429712
429714
429720
429722
429727
429746
429773
429792
429808
429821
429823
429840
429841
429858
429876
429877
429900
429916
429961
429978
429993
430049
430073
430078
430090
430092
430114
430135
430136
430172
430173
430174
430196
430200
430201
430241
430254
430256
430291
430360
430370
430378
430396
430410
430413
430430
430443
430448
430488
430493
430496
430511
430513
430521
430584
430588
430597
430616
430636
430683
430688
430698
430715
430720
430781
430810
430822
430823
430831
430849
430853
430863
430883
430884
430897
430959
430967
431094
431102
431113
431128
431131
431205
431286
431297
431306
431362
431406
431726
431747
431865
431980
432000
432102
432287
432293
432349
432373
432374
433094
433099
433262
433263
433360
433399
433409
433433
433439
433492
433533
433549
433608
433621
433648
419237
419368
419371
419373
419390
419486
419516
419762
419855
419859
419877
419898
419912
420357
420444
420633
420765
420813
420897
421079
421102
424614
424634
424743
424831
424915
424923
424947
425064
425089
425100
425124
425239
425240
425241
425262
425265
425268
425282
425376
425396
425429
425463
425464
425484
425494
425513
425515
425518
425541
425591
425732
425763
425771
425774
425796
425801
425833
425857
425898
425940
425942
425984
426041
426058
426060
426134
426145
426150
426164
426181
426182
426192
426199
426215
426224
426244
426249
426254
426255
426290
426294
426319
426331
426348
426353
426360
426363
426394
426438
426556
426558
426600
426646
426652
426659
426661
426685
426688
426689
426690
426691
426694
426698
426703
426705
426708
426710
426711
426775
426807
426830
426839
426842
426861
426864
426937
426949
426957
426972
426994
426995
427008
427011
427031
427033
427044
427069
427107
427108
427109
427125
427130
427133
427153
427158
427257
427293
427294
427295
427303
427322
427372
427385
427392
427412
427438
427444
427450
427455
427462
427491
427495
427499
427507
427511
427513
427517
427518
427575
427728
427799
427801
427802
427851
427874
427893
427898
427907
427922
427924
427932
427986
428024
428039
428089
428128
428136
428146
428166
428167
428247
428251
428253
428260
428294
428296
428452
428615
428655
428660
428668
428677
428685
428690
428710
428718
428735
428746
428754
428761
428838
429005
429050
429175
429185
429210
429215
429222
429256
429292
429311
429354
429358
429397
429403
429405
429427
429431
429455
429464
429472
429473
429477
429482
429501
429504
429505
429521
429570
429601
429602
429604
429612
429625
429632
429635
429649
429704
429731
429735
429736
429740
429766
429842
429866
429873
429888
429903
429905
429913
429938
429939
429959
429967
430003
430007
430009
430013
430015
430016
430021
430065
430079
430080
430121
430142
430144
430159
430177
430178
430179
430187
430206
430227
430304
430369
430382
430391
430394
430398
430409
430415
430421
430428
430434
430441
430449
430470
430475
430480
430498
430503
430504
430543
430581
430689
430864
430880
430887
430941
430943
430944
430953
430965
431402
431508
431918
431992
432378
432379
432396
432585
433151
433267
433289
433358
433435
433559
433563
433567
433594
419828
420827
421052
421070
421080
421107
424626
424627
424783
424789
424914
424983
424990
425085
425090
425092
425151
425296
425297
425316
425327
425432
425457
425462
425520
425526
425537
425585
425617
425618
425642
425644
425653
425747
425759
425764
425772
425775
425836
425852
425859
425878
425879
425939
425995
425997
426015
426023
426038
426133
426146
426205
426209
426282
426283
426285
426288
426298
426307
426313
426314
426315
426336
426352
426358
426361
426366
426367
426397
426424
426428
426597
426615
426629
426656
426697
426739
426808
426840
426903
426904
426934
426948
426958
426961
426981
427001
427035
427037
427039
427043
427067
427074
427138
427154
427160
427164
427179
427325
427330
427336
427344
427349
427448
427466
427487
427488
427497
427501
427510
427570
427796
427836
427864
427869
427870
427883
427895
427896
427964
427970
427971
428013
428014
428018
428032
428043
428076
428081
428101
428111
428133
428135
428142
428144
428145
428224
428230
428231
428238
428239
428248
428268
428278
428324
428325
428327
428351
428365
428374
428443
428453
428454
428590
428620
428626
428627
428645
428650
428651
428683
428726
428738
428742
428745
428842
429020
429073
429169
429177
429178
429179
429187
429214
429242
429249
429254
429255
429282
429291
429297
429322
429331
429356
429359
429391
429392
429395
429396
429398
429412
429428
429433
429466
429527
429528
429532
429546
429547
429597
429605
429617
429709
429729
429732
429767
429862
429872
429889
430025
430102
430123
430124
430126
430127
430143
430158
430221
430222
430292
430303
430306
430406
430407
430427
430437
430947
430951
430952
431299
431985
432387
433560
433571
419831
424982
424989
424994
425062
425079
425091
425115
425123
425132
425143
425146
425147
425155
425180
425184
425186
425194
425211
425214
425309
425589
425612
425625
425634
425697
425705
425712
426040
426281
426284
426286
426287
426308
426342
426379
426389
426390
426391
426392
426635
426699
426998
427010
427027
427054
427055
427149
427156
427332
427894
427938
427969
427993
427995
427996
428003
428036
428131
428243
428326
428379
428764
429183
429186
429246
429273
429325
429328
429351
429355
429382
429441
429596
432400
398009
398215
398541
408041
415747
415974
415976
416135
416165
416225
416226
416339
416400
416440
416450
416777
416778
417052
417087
417088
417112
417250
417406
417456
417502
417530
418006
418060
418063
418071
418078
418144
418175
418189
418242
418251
418253
418257
418358
418365
418412
418446
418449
418460
418492
418675
418764
418884
418937
418940
419106
419257
419261
419319
419327
419345
419561
419594
419595
419614
419624
419676
419697
419699
419725
419737
419794
419842
420007
420029
420069
420103
420124
420154
420173
420241
420306
420549
420552
420652
420684
420745
420756
420772
420903
420945
420957
420972
421028
421211
421212
421374
422810
423553
423669
423873
423883
423901
424288
424576
424589
424758
424811
424958
427587
428541
429749
430657
430660
430666
430741
430751
431014
431106
431818
431834
431849
431850
431936
431993
431996
432003
432014
432026
432043
432072
432074
432078
432099
432121
432132
432148
432154
432172
432198
432317
433073
433074
433088
433131
433169
433251
433313
433333
433476
433517
433528
433543
433640
433641
433655
433723
433769
50684
50693
398098
408223
416141
416224
416302
416332
416345
416396
416472
416628
416899
416981
416997
417113
417338
417484
417895
417906
417984
418085
418151
418172
418208
418240
418268
418362
418374
418406
418445
418448
418484
418489
419172
419251
419255
419258
419281
419302
419361
419366
419393
419638
419650
419717
419747
419751
419752
419797
419800
419802
419805
419806
419810
419991
419997
420039
420070
420099
420166
420168
420307
420400
420412
420427
420478
420480
420537
420547
420550
420701
420775
420777
420886
421036
421192
421991
422837
423540
424354
424355
424356
424612
424633
424771
424774
424816
424895
424951
425409
425439
425803
425847
425923
426231
426476
426855
427245
427268
427276
427279
427389
427423
427584
427592
427593
427594
427671
427737
427738
427742
427783
428154
428783
428788
429043
429123
429129
429145
429227
429681
429742
430646
430669
430730
430742
430748
430802
431087
431109
431727
431838
431858
431887
431903
431958
431972
431987
432009
432036
432075
432085
432090
432134
432151
432152
432162
432191
432267
432319
432364
432390
433126
433133
433142
433143
433161
433196
433235
433247
433279
433332
433336
433356
433396
433430
433454
433541
433646
433660
433715
433727
433757
433770
416322
416446
416474
416900
416998
417251
417461
417462
417467
417534
417914
417989
418062
418174
418196
418210
418259
418350
418408
418410
418943
419019
419231
419232
419244
419249
419254
419282
419336
419342
419387
419480
419496
419610
419738
419740
419796
419809
419812
419822
419838
419841
419869
419871
419935
419996
420006
420038
420068
420107
420135
420194
420249
420303
420305
420337
420397
420437
420443
420536
420554
420563
420706
420751
420867
420870
420888
420944
420999
421013
421046
421120
421134
421189
421210
421230
421233
421992
423552
423697
424418
424715
424772
424773
424824
424845
424849
425016
425233
425372
425437
425441
425442
425450
425467
425490
425495
425501
425793
425863
425926
426155
426237
426239
426251
426478
426479
426515
426518
426565
426607
426791
426850
427201
427239
427275
427377
427378
427387
427442
427449
427579
427666
427670
427703
427709
427726
427744
427761
427849
427850
427890
427910
428092
428574
428594
428596
428611
428730
428798
428801
428865
428893
428903
428975
428997
429052
429098
429127
429134
429191
429200
429302
429307
429318
429319
429368
429480
429481
429611
429661
429682
429686
429687
429690
429691
429750
429755
430071
430464
430635
430691
430761
430804
430966
431081
431101
431110
431462
431868
431870
431892
431969
432088
432135
432138
432150
432164
432165
432174
432354
432392
432416
432417
433100
433149
433155
433162
433163
433287
433339
433418
433432
433459
433461
433486
433499
433518
433539
433544
433609
433658
418206
419253
419265
419367
419378
419380
419384
419395
419404
419406
419576
419584
419651
419656
419753
419819
419826
419867
419873
419892
419930
419931
419955
420049
420057
420060
420061
420111
420128
420237
420262
420318
420329
420331
420348
420359
420436
420439
420512
420638
420663
420700
420764
420787
420789
420809
420855
420920
420923
420928
420940
420946
420973
420985
420994
421047
421075
421077
421114
422835
422836
424613
424620
424622
424624
424630
424632
424730
424764
424817
424889
424917
424970
425029
425226
425237
425238
425247
425263
425364
425369
425400
425408
425410
425420
425426
425431
425440
425446
425447
425483
425487
425542
425567
425581
425582
425773
425780
425805
425877
425907
425912
425921
425927
426036
426185
426200
426228
426248
426250
426269
426273
426372
426374
426418
426474
426504
426510
426511
426520
426525
426526
426547
426555
426563
426571
426604
426610
426682
426693
426818
426843
426863
426883
426889
426893
426897
427018
427076
427115
427123
427191
427258
427265
427274
427287
427291
427331
427343
427357
427362
427379
427421
427473
427519
427525
427551
427569
427590
427597
427604
427653
427699
427718
427722
427727
427735
427736
427751
427758
427781
427790
427791
427803
427824
427929
427930
427984
428091
428110
428151
428159
428160
428258
428284
428292
428474
428543
428551
428610
428637
428656
428658
428661
428663
428666
428671
428681
428693
428714
428716
428720
428721
428731
428736
428782
428785
428795
428859
428892
428936
428938
428949
428977
429018
429099
429113
429114
429133
429142
429143
429209
429228
429229
429230
429233
429237
429303
429308
429364
429365
429409
429446
429465
429490
429498
429552
429579
429609
429652
429653
429680
429705
429711
429734
429751
429902
430170
430171
430205
430207
430381
430402
430458
430462
430467
430491
430492
430495
430497
430501
430502
430520
430649
430727
430747
430837
430894
430895
431085
431099
431298
431837
431883
431885
431897
432021
432160
432161
432177
432193
432196
432308
432369
432382
432398
432402
432412
432477
433063
433096
433157
433248
433250
433266
433272
433324
433370
433393
433407
433413
433414
433438
433441
433442
433497
433519
433540
433548
433558
433568
433572
433573
433600
433714
416554
416639
419405
419477
419493
419572
419579
419743
419786
419811
419817
419844
419846
419847
419854
419875
419885
419890
419933
420036
420040
420058
420422
420620
420630
420637
420648
420749
420814
420856
420943
420989
421011
421051
421074
421087
424650
424768
424779
424924
424946
424974
424985
425017
425018
425020
425206
425227
425276
425307
425326
425341
425374
425378
425384
425395
425399
425403
425417
425422
425453
425456
425465
425510
425521
425522
425532
425549
425559
425562
425565
425579
425640
425652
425726
425767
425781
425802
425861
425873
425875
425876
425880
425886
425888
425897
425904
425905
425913
425918
425925
425933
425948
425976
426010
426027
426056
426166
426183
426188
426218
426252
426320
426332
426369
426396
426434
426491
426583
426594
426599
426603
426667
426728
426738
426761
426767
426819
426831
426835
426837
426848
426862
426865
426869
426872
426890
426894
426898
426906
426910
426945
426968
426973
426984
427003
427019
427026
427061
427073
427080
427085
427106
427122
427178
427185
427207
427255
427269
427280
427286
427289
427338
427340
427342
427346
427386
427406
427409
427445
427452
427461
427464
427477
427526
427548
427552
427561
427603
427701
427748
427777
427798
427820
427832
427833
427835
427837
427842
427933
427947
427989
428042
428067
428097
428120
428124
428152
428163
428182
428229
428236
428274
428291
428353
428404
428468
428471
428479
428502
428505
428506
428560
428562
428605
428625
428659
428664
428695
428699
428704
428711
428717
428723
428739
428741
428760
428803
428874
428899
428900
428914
428990
428992
429006
429024
429112
429117
429188
429194
429197
429213
429221
429225
429238
429279
429290
429304
429312
429314
429348
429353
429357
429362
429378
429389
429407
429416
429434
429437
429458
429463
429470
429471
429475
429493
429494
429496
429497
429500
429514
429598
429600
429603
429610
429618
429645
429663
429723
429726
429730
429733
429737
429757
429886
430006
430012
430130
430160
430161
430169
430176
430181
430185
430186
430189
430190
430191
430204
430253
430380
430392
430397
430399
430425
430429
430450
430471
430474
430476
430499
430845
430855
430857
430939
431889
431915
431984
432080
432081
432307
432368
432371
432376
432383
432395
432401
432403
433245
433259
433382
433384
433386
433402
433443
433466
433561
433575
419372
419403
419848
419908
420062
420645
420872
420959
421103
424635
424838
424925
424928
424932
424987
425027
425076
425087
425103
425116
425135
425198
425207
425213
425215
425264
425278
425288
425291
425292
425298
425306
425319
425328
425380
425388
425424
425454
425511
425535
425536
425546
425558
425572
425573
425580
425626
425638
425641
425643
425650
425657
425733
425769
425778
425850
425862
425864
425865
425895
425900
425901
425932
425952
425971
425991
425999
426005
426016
426022
426165
426203
426223
426226
426242
426259
426299
426300
426302
426303
426304
426335
426344
426355
426359
426364
426365
426387
426395
426406
426410
426423
426435
426508
426536
426601
426611
426626
426630
426809
426815
426823
426841
426881
426888
426899
426905
426962
426978
426989
426997
427009
427013
427021
427028
427030
427036
427053
427060
427065
427072
427075
427078
427131
427151
427159
427163
427168
427169
427312
427339
427391
427439
427459
427463
427468
427475
427489
427609
427700
427729
427795
427838
427880
427936
427942
427973
427978
427994
427999
428000
428010
428011
428022
428025
428038
428079
428121
428123
428129
428143
428162
428164
428169
428171
428183
428193
428209
428210
428211
428221
428225
428228
428273
428275
428285
428286
428288
428290
428293
428304
428309
428319
428372
428438
428442
428464
428494
428587
428602
428617
428619
428629
428640
428652
428678
428692
428727
428728
428766
428834
428839
428843
428913
429086
429162
429168
429174
429180
429192
429212
429219
429224
429240
429264
429272
429333
429347
429379
429381
429383
429399
429411
429419
429432
429436
429442
429443
429451
429452
429453
429467
429531
429533
429534
429535
429599
429616
429643
429728
429818
429870
429884
430122
430163
430184
430224
430266
430268
430408
430417
430422
430423
430479
430942
433273
419832
424643
424647
424778
425015
425057
425101
425144
425152
425158
425162
425182
425183
425185
425187
425195
425208
425212
425216
425218
425258
425267
425284
425290
425295
425299
425313
425317
425318
425332
425334
425362
425578
425623
425654
425718
425719
425724
425761
425853
425892
425947
425966
425975
426330
426351
426356
426357
426381
426402
426614
426627
426692
426822
426829
426935
426986
426992
427056
427063
427128
427136
427137
427139
427140
427143
427147
427155
427165
427337
427384
427486
427963
427972
427975
428033
428099
428106
428109
428190
428195
428200
428307
428463
428616
428632
428644
428847
428848
429167
429173
429216
429269
429270
429286
429287
429323
429338
429402
429425
429438
429915
430010
430129
433537
50688
50703
383025
395021
397996
398020
398647
406443
408042
416291
416304
416309
416438
416937
416956
416999
417076
417254
417255
417357
417469
417619
417708
417719
417902
417959
417988
417993
418157
418204
418215
418238
418252
418347
418461
418510
418512
418647
419030
419064
419173
419215
419223
419273
419320
419343
419508
419664
419677
419803
419808
420117
420126
420164
420169
420172
420176
420311
420390
420495
420559
420607
421004
421133
421208
421244
421639
422814
422829
423463
423665
423765
423872
424245
424259
424262
424371
424402
424581
424601
425472
426232
426714
427679
427741
428529
429045
429126
430659
430743
430795
431463
431832
431874
431886
431909
431910
431929
431933
431964
431994
432001
432002
432004
432017
432031
432056
432131
432140
432199
432318
433115
433132
433137
433138
433139
433193
433246
433338
433341
433354
433355
433377
433378
433425
433447
433460
433487
433612
433614
433643
433706
433725
433729
382536
416329
416337
416439
416566
416815
416852
417056
417075
417466
417481
417535
417962
418005
418007
418008
418052
418058
418220
418222
418372
418404
418413
418419
418438
418462
418674
419038
419048
419180
419241
419288
419300
419305
419306
419338
419339
419497
419498
419500
419512
419587
419599
419631
419745
419985
419998
420019
420028
420030
420075
420130
420153
420204
420312
420352
420405
420428
420448
420449
420539
420548
420565
420584
420608
420717
420744
420794
420846
421012
421127
421315
421838
423585
424360
424369
424421
424554
424585
424593
424675
424737
424790
424815
424818
424822
424826
424962
424984
425234
425269
425475
425792
425808
425956
426233
426275
426576
427099
427105
427238
427419
427785
427827
429033
429072
429657
429743
430515
430644
430661
430732
430738
430782
431808
431878
431905
431907
431912
431922
431923
431937
431970
432030
432034
432039
432041
432083
432091
432144
432149
432181
432347
433062
433064
433080
433086
433134
433136
433154
433158
433159
433184
433249
433294
433325
433352
433380
433415
433416
433465
433473
433527
433585
433586
433587
433617
433636
433639
433642
433645
433682
433704
433716
433773
433791
438955
416223
416323
416331
416333
416959
417472
417894
418004
418439
418447
419059
419132
419140
419236
419238
419243
419252
419476
419481
419491
419609
419618
419654
419712
419840
419862
419936
420046
420067
420100
420134
420193
420235
420265
420330
420389
420440
420446
420481
420516
420517
420525
420626
420696
420703
420757
420790
420817
420830
420832
420893
420894
420907
420911
420924
420991
421037
421040
421042
421094
421187
424357
424420
424484
424697
424713
424734
424823
424847
424852
424939
424950
424963
425200
425222
425271
425407
425445
425449
425817
425883
426485
426562
426671
426715
426851
426858
426859
426860
427083
427202
427234
427273
427315
427364
427416
427425
427427
427582
427591
427663
427672
427673
427697
427705
427721
427725
427755
427763
427811
427818
427825
427841
427888
428405
428527
428528
428533
428576
428577
428719
428724
428732
428868
428891
428976
428994
429047
429094
429118
429136
429139
429201
429208
429317
429664
429667
429683
429710
429753
430459
430460
430519
430655
431091
431913
431928
431967
432035
432037
432155
432316
432324
432329
432367
432501
433093
433095
433175
433194
433242
433254
433269
433270
433271
433285
433288
433340
433394
433411
433419
433428
433480
433483
433556
433581
433619
433680
433726
443738
395022
417465
418181
418942
419233
419239
419478
419492
419571
419815
419849
419853
419934
419948
420011
420024
420032
420033
420045
420054
420059
420066
420077
420139
420211
420271
420273
420315
420325
420326
420342
420354
420435
420479
420569
420621
420631
420643
420791
420821
420835
420840
420857
420891
420892
420900
420902
420929
420947
420954
420981
420988
420993
421008
421048
421050
421086
421088
421232
422830
424582
424618
424640
424654
424829
424933
424942
424948
424971
425028
425201
425202
425203
425221
425244
425273
425368
425387
425421
425451
425492
425498
425517
425568
425571
425765
425770
425806
425838
425840
425841
425844
425983
425998
426031
426210
426211
426229
426270
426368
426453
426475
426480
426486
426503
426543
426545
426546
426557
426564
426567
426608
426619
426643
426657
426663
426674
426718
426740
426765
426785
426802
426828
426844
426870
426954
426976
426988
427050
427082
427086
427090
427203
427213
427236
427243
427247
427248
427251
427261
427262
427284
427321
427356
427361
427365
427368
427388
427417
427426
427428
427430
427440
427451
427478
427492
427530
427533
427534
427564
427568
427574
427588
427600
427644
427645
427650
427651
427656
427664
427667
427674
427688
427689
427711
427717
427745
427754
427759
427771
427774
427775
427788
427812
427813
427823
427826
427830
427840
427848
427911
427912
428140
428271
428406
428534
428540
428547
428558
428559
428599
428606
428638
428784
428789
428797
428805
428811
428878
428894
428898
428937
428987
429000
429003
429004
429011
429017
429093
429109
429119
429124
429128
429144
429196
429211
429305
429316
429349
429483
429485
429491
429620
429656
429660
429692
429693
429745
429914
430183
430195
430208
430379
430455
430456
430461
430469
430473
430648
430650
430791
431112
431471
431884
431904
431965
431966
432235
432311
432320
432330
432357
432381
432404
432411
432414
432500
432568
433150
433260
433264
433276
433334
433375
433408
433429
433462
433498
433552
433583
433593
433606
433607
433625
433663
433705
433734
433818
419171
419246
419374
419376
419377
419484
419739
419761
419824
419889
419905
419947
420004
420027
420063
420094
420320
420356
420399
420445
420533
420535
420540
420646
420653
420697
420698
420815
420841
420843
420858
420899
420921
420950
420951
420952
420953
420966
420997
421010
421089
421117
421203
424611
424615
424644
424696
424735
424741
424873
424879
424897
424929
424968
424978
424980
425058
425102
425281
425361
425365
425367
425382
425386
425401
425404
425412
425413
425418
425452
425460
425489
425497
425519
425531
425575
425604
425651
425655
425664
425731
425744
425757
425768
425776
425789
425807
425832
425851
425867
425868
425869
425871
425890
425909
425930
425936
425949
425993
425994
426028
426029
426156
426160
426243
426246
426296
426337
426347
426349
426371
426377
426401
426425
426436
426439
426499
426506
426512
426524
426528
426531
426537
426549
426559
426561
426580
426588
426605
426645
426664
426668
426677
426706
426731
426736
426753
426758
426759
426762
426763
426769
426771
426774
426781
426788
426793
426795
426798
426800
426803
426804
426826
426866
426868
426896
426909
426920
426936
426955
426956
426969
426970
426971
426980
427005
427014
427020
427022
427064
427070
427077
427079
427088
427199
427209
427217
427220
427253
427254
427264
427266
427270
427271
427272
427285
427327
427345
427350
427352
427358
427363
427408
427424
427472
427474
427479
427522
427523
427528
427537
427553
427562
427605
427608
427610
427640
427647
427698
427720
427732
427734
427767
427808
427867
427872
427901
427917
427923
427948
427952
428107
428139
428226
428235
428237
428299
428311
428320
428341
428368
428407
428436
428439
428480
428495
428496
428501
428538
428548
428555
428566
428592
428593
428604
428613
428628
428641
428643
428662
428669
428701
428709
428712
428713
428743
428796
428807
428810
428813
428858
428896
428897
428902
428915
428917
428918
428927
428947
428948
428955
428989
428991
429012
429013
429015
429021
429048
429049
429051
429063
429066
429074
429080
429090
429092
429115
429154
429172
429190
429206
429232
429259
429293
429363
429404
429408
429413
429426
429429
429430
429449
429450
429457
429460
429469
429486
429510
429530
429613
429627
429744
429820
429911
430131
430165
430167
430175
430182
430193
430194
430203
430364
430419
430420
430468
430789
430790
432360
432370
432384
432389
432415
433240
433268
433385
433436
433448
433493
433496
433597
433616
419754
419866
420269
420322
420636
420699
420799
420826
421104
421113
424648
424912
424943
424993
424996
424997
425007
425012
425019
425026
425030
425033
425034
425052
425259
425266
425270
425272
425275
425280
425322
425360
425366
425405
425414
425459
425538
425548
425592
425593
425609
425610
425658
425707
425711
425720
425734
425758
425834
425860
425894
425899
425934
425938
425941
425950
425970
425972
425974
425990
426006
426014
426024
426026
426186
426187
426204
426213
426225
426291
426292
426333
426343
426346
426384
426385
426386
426422
426445
426446
426469
426505
426509
426527
426532
426598
426616
426634
426637
426732
426733
426748
426751
426752
426756
426766
426797
426812
426814
426871
426900
426901
426907
426912
426915
426921
426928
426933
426941
426947
426964
426965
426990
427004
427006
427046
427051
427057
427068
427084
427117
427127
427132
427135
427167
427187
427218
427333
427335
427348
427458
427476
427494
427556
427557
427558
427648
427750
427793
427839
427844
427865
427884
427885
427900
427906
427908
427939
427943
427949
427951
427974
427977
427981
428029
428074
428093
428094
428114
428118
428126
428170
428180
428192
428208
428233
428240
428241
428244
428281
428289
428300
428306
428313
428314
428328
428329
428362
428400
428409
428441
428444
428445
428446
428460
428462
428467
428478
428503
428535
428557
428624
428633
428680
428707
428804
428815
428820
428821
428824
428844
428846
428850
428862
428872
428912
429076
429150
429155
429156
429157
429164
429165
429171
429181
429195
429205
429226
429257
429258
429278
429350
429420
429421
429424
429454
429509
429631
429655
429887
430128
430162
430168
430223
430435
430481
430483
432380
433536
433601
420647
421109
424636
424638
424981
424999
425037
425056
425061
425065
425075
425096
425148
425176
425178
425181
425192
425279
425286
425287
425305
425323
425325
425331
425512
425577
425608
425622
425708
425709
425716
425717
425738
425893
426037
426227
426317
426318
426373
426382
426388
426398
426416
426420
426437
426612
426628
426675
426950
426963
426996
427000
427045
427062
427116
427141
427146
427150
427152
427162
427166
427170
427171
427484
427560
427846
427899
427941
427966
427967
427982
428015
428021
428078
428117
428137
428194
428196
428204
428205
428212
428222
428227
428363
428375
428376
428380
428381
428385
428432
428440
428447
428450
428469
428470
428536
428618
428833
428856
429078
429158
429163
429218
429241
429244
429267
429271
429277
429289
429321
429324
429332
429335
429388
429401
429423
429519
50690
89303
393361
396484
396600
397547
398117
398149
400806
415218
416137
416305
416306
416338
416627
416952
417080
417470
417900
418211
418214
418226
418254
418359
418430
418507
418788
418804
418867
418945
419021
419029
419049
419067
419068
419123
419139
419229
419286
419295
419346
419611
419644
419672
419746
419799
419938
420118
420141
420163
420186
420251
420553
420582
420666
420681
420712
420758
420760
420761
420818
420866
421190
421252
421327
421328
421438
423561
423580
423596
423632
423649
423670
423750
424340
424486
424574
424598
424683
424754
424755
424893
425438
425842
427586
427740
428998
429038
429040
429125
431919
431931
431947
432059
432093
432103
432128
432145
432146
432153
432156
432391
432565
433026
433059
433065
433067
433082
433214
433218
433337
433365
433391
433453
433578
433627
433632
433659
433774
433994
383023
409509
416334
416941
417471
417486
417887
417995
418164
418171
418190
418197
418209
418276
418379
418382
418508
418944
419046
419050
419051
419141
419274
419285
419307
419509
419581
419645
419939
420155
420165
420191
420429
420519
420541
420616
420683
420718
420721
420785
420881
420908
420931
420969
421001
421168
421227
421240
421251
423532
424346
424347
424353
424577
424744
424858
424859
425370
425791
425809
425812
425814
425846
425848
425957
426519
426747
427205
427581
427639
427739
428544
428970
428995
429027
429034
429037
429062
429193
429202
429662
430463
430670
430737
430787
431104
431108
431864
431895
432086
432092
432179
432563
432566
432816
433071
433078
433079
433109
433111
433114
433119
433183
433219
433238
433277
433291
433296
433323
433464
433472
433474
433477
433479
433494
433534
433557
433656
433712
433755
433798
438943
443594
409456
409599
409612
416330
416558
416561
416936
416942
418084
418198
418377
418378
418766
419036
419234
419235
419242
419247
419283
419298
419301
419381
419467
419487
419495
419506
419582
419639
419655
419801
419804
419941
420119
420170
420196
420197
420254
420256
420257
420260
420261
420263
420274
420409
420450
420483
420514
420524
420527
420564
420573
420610
420642
420705
420754
420774
420792
420854
420861
420876
420882
420887
420904
420905
420932
420934
421202
421288
423837
424424
424481
424707
424854
424870
424898
424916
424940
424941
425344
425468
425479
425491
425530
425790
425804
425820
425823
425826
425845
425922
426230
426272
426468
426487
426517
426717
426729
426789
426845
427097
427230
427263
427527
427576
427583
427596
427638
427669
427684
427707
427746
427747
427753
427762
427770
427772
427784
427810
427814
427831
428523
428530
428531
428568
428573
428607
428790
428793
428800
428877
428961
428965
428988
428999
429026
429029
429084
429104
429137
429140
429189
429235
429306
430643
430654
430728
430735
430744
430771
430788
431890
431906
431932
431953
431959
431971
431998
432159
432186
432361
432434
432510
433068
433156
433160
433239
433286
433290
433326
433368
433372
433383
433392
433417
433446
433455
433456
433484
433485
433491
433522
433523
433525
433529
433531
433588
433610
433624
433629
433638
433644
433654
433657
433673
433731
433739
433771
433772
433794
434808
409560
409596
416343
416442
416559
416619
416625
416626
416631
416977
418241
418363
418885
419020
419408
419455
419475
419483
419510
419585
419711
419816
419850
419868
419884
420005
420009
420044
420112
420234
420272
420313
420316
420324
420355
420360
420425
420426
420518
420543
420558
420581
420669
420702
420776
420778
420804
420833
420834
420838
420890
420915
420919
420961
420964
420980
420982
420984
421045
421112
421119
421175
423570
424419
424578
424655
424703
424716
424742
424748
424775
424883
424949
424960
424977
425224
425225
425274
425383
425385
425391
425433
425435
425436
425478
425488
425563
425583
425602
425788
425830
425831
425849
425874
425887
425929
426018
426019
426212
426261
426262
426267
426274
426454
426521
426530
426554
426579
426593
426644
426712
426713
426716
426741
426742
426784
426846
426847
426854
426857
426867
426926
426967
426979
427029
427091
427092
427113
427114
427194
427200
427208
427210
427219
427237
427246
427341
427351
427380
427382
427529
427550
427563
427589
427595
427601
427636
427641
427662
427675
427678
427685
427686
427702
427706
427708
427710
427712
427782
427804
427822
427828
428141
428487
428488
428546
428585
428733
428786
428882
428883
428884
428889
428926
428950
428968
428974
429001
429002
429060
429096
429101
429120
429141
429149
429151
429152
429315
429445
429488
430198
430466
430472
430653
430729
430792
431092
431867
431872
431882
431899
432182
432183
432306
432312
432315
432338
432346
432348
432410
432418
432420
432427
432429
432492
432578
433012
433097
433444
433457
433467
433481
433482
433489
433542
433582
433602
433623
433672
433681
433713
433721
433722
433736
433737
433758
433785
433796
443756
419430
419577
419578
419755
420043
420056
420207
420208
420268
420301
420302
420319
420321
420323
420336
420349
420363
420387
420402
420485
420542
420604
420628
420755
420781
420811
420819
420879
420898
420922
420938
420955
420983
420995
421097
421105
421191
421206
424610
424621
424704
424728
424729
424767
424869
424890
424911
424937
425088
425242
425277
425373
425390
425466
425516
425533
425670
425749
425827
425870
425872
425891
425916
425931
425935
425943
425977
425982
425987
426030
426032
426216
426217
426253
426260
426263
426400
426403
426412
426440
426459
426472
426492
426494
426535
426542
426551
426572
426587
426590
426592
426618
426621
426624
426633
426641
426662
426673
426676
426679
426719
426722
426734
426735
426745
426746
426749
426757
426777
426783
426786
426801
426811
426836
426911
426916
426918
426924
426974
426987
427096
427103
427111
427112
427175
427190
427193
427222
427233
427249
427267
427366
427429
427480
427554
427555
427567
427613
427649
427668
427715
427797
427843
427866
427887
427889
427891
427892
427913
427953
427983
428095
428096
428116
428119
428125
428177
428178
428216
428219
428283
428316
428317
428318
428483
428484
428486
428490
428500
428525
428537
428539
428563
428582
428583
428584
428586
428603
428609
428621
428654
428657
428702
428703
428705
428791
428794
428812
428837
428860
428866
428879
428881
428888
428904
428907
428924
428928
428945
428956
429007
429008
429023
429069
429079
429081
429083
429116
429161
429166
429313
429320
429414
429415
429417
429435
429444
429447
429456
429459
429489
430164
430192
430202
430465
430478
430881
430882
431898
431900
432375
432388
432397
432408
432409
432428
432435
432439
433152
433253
433261
433381
433387
433445
433490
433495
433538
433717
416640
417842
417845
419468
420012
420051
420317
420328
420340
420344
420346
420347
420394
420395
420534
420595
420639
420649
420695
420810
420825
420960
420967
424642
424649
424766
424877
424878
424972
424973
424975
425006
425010
425014
425022
425024
425025
425204
425256
425310
425320
425329
425330
425342
425345
425354
425363
425379
425389
425406
425430
425434
425455
425543
425605
425647
425656
425676
425684
425689
425714
425723
425748
425839
425917
425946
425951
425964
425978
425979
425980
425981
426012
426017
426297
426375
426399
426404
426408
426411
426413
426415
426419
426449
426462
426473
426538
426540
426606
426617
426631
426632
426638
426669
426680
426724
426764
426794
426820
426834
426913
426914
426929
426930
426932
426946
426985
427048
427052
427058
427071
427110
427172
427176
427177
427188
427347
427407
427453
427456
427457
427482
427490
427493
427524
427536
427571
427607
427611
427614
427646
427731
427733
427776
427792
427794
427847
427868
427871
427886
427914
427956
427968
427976
428113
428127
428172
428176
428184
428213
428220
428277
428287
428301
428305
428310
428323
428342
428347
428352
428366
428378
428383
428386
428417
428435
428472
428497
428498
428509
428601
428614
428636
428700
428706
428708
428744
428809
428819
428822
428823
428840
428845
428864
428871
428873
428953
429064
429065
429075
429170
429198
429204
429343
429387
429410
429422
429468
429484
429487
429492
430482
432331
432377
432399
432406
419375
420401
420650
424637
424712
424739
424991
425008
425032
425050
425063
425066
425077
425084
425134
425167
425177
425189
425190
425252
425333
425338
425355
425584
425693
425700
425721
425725
425729
425745
425746
425756
425968
425973
426007
426021
426025
426378
426405
426407
426417
426427
426431
426460
426754
426908
426991
427002
427059
427485
427559
427940
427946
427950
427962
427965
427980
428031
428115
428165
428181
428191
428199
428207
428215
428218
428223
428234
428276
428279
428312
428361
428371
428399
428430
428434
428461
428465
428466
428492
428591
428825
428841
428849
429077
429220
429266
429268
429276
429342
6377
89287
383027
393362
397827
397964
398671
405593
406340
406397
408222
408854
409518
409525
414008
416543
416775
417025
417058
417367
417458
417473
417476
417707
417871
417901
417915
417946
417960
418193
418389
418399
418719
418750
418751
418767
418936
418987
419018
419031
419037
419039
419058
419084
419164
419167
419289
419413
419414
419619
419620
419623
419646
420071
420158
420266
420275
420492
420710
420748
420914
421003
421135
421247
421313
421318
421320
421330
421370
421532
421642
423531
423534
423748
423751
423752
423764
423770
423772
423911
424247
424350
424373
424403
424410
424460
424465
424467
424556
424565
424592
424718
424753
424843
424857
425230
425469
425473
426575
427805
428972
428983
429658
431860
431894
432084
432143
432326
432327
432497
432499
432508
432537
432560
433025
433103
433215
433374
433420
433427
433469
433511
433516
433613
433630
433652
433707
433710
433754
433819
433833
443739
443767
50686
396604
396607
409542
409743
416144
416437
416951
416957
417081
417720
417883
417888
417897
417961
418176
418339
418496
418511
418886
418947
419043
419126
419133
419291
419586
419709
420152
420159
420202
420244
420292
420350
420386
420546
420557
420562
420574
420625
420627
420713
420752
420767
420771
420780
420801
420839
420860
420962
421093
421136
421169
421195
421271
423560
423597
423623
423766
424370
424425
424566
424666
424667
424673
424682
424722
424726
424752
424813
424814
424888
425231
425496
425818
425821
427422
427598
428532
428598
428940
428971
428993
429028
429039
429044
430651
430740
431908
432142
432157
432314
432341
432344
432353
432363
432805
433053
433058
433084
433085
433105
433173
433182
433369
433458
433478
433510
433634
433637
433662
433665
433684
433703
433709
433778
433779
433780
433788
433792
433817
433848
433985
438818
50682
50683
397962
398673
409514
409517
409597
409709
416303
416563
416622
416624
416851
416918
416939
417865
417886
417949
418177
418351
418396
418784
418954
419041
419047
419063
419125
419136
419296
419472
419505
419527
419714
419750
419807
420008
420125
420184
420192
420250
420267
420297
420327
420391
420392
420430
420572
420585
420611
420617
420668
420753
420763
420786
420837
420849
420877
420878
420889
420933
420992
421000
421137
421193
421196
421201
421207
421234
421266
421303
423541
423542
423620
423621
423771
424246
424480
424487
424602
424605
424670
424684
424720
424732
424733
424750
424765
424867
424868
424885
424907
424953
425021
425232
425784
425811
425824
425920
426265
426730
427204
427216
427228
427231
427232
427240
427241
427354
427420
427765
427816
428522
428571
428787
428806
428895
428934
428969
428979
429016
429203
430733
430734
430736
430746
431856
431873
432038
432185
432313
432336
432366
432405
432473
432558
432559
432572
433066
433091
433092
433180
433216
433243
433335
433371
433431
433471
433475
433521
433524
433590
433615
433628
433677
433679
433685
433730
433732
433735
433749
433768
433795
433821
439000
443731
443753
50691
408928
409468
409535
409551
416556
416940
417730
417841
418366
418951
419056
419303
419407
419419
419433
419456
419489
419600
420183
420209
420214
420295
420298
420334
420432
420526
420528
420555
420623
420641
420671
420769
420829
420848
420853
420896
421007
421146
421171
421173
421176
421239
421489
421579
421607
423723
423724
424482
424604
424631
424651
424674
424679
424685
424691
424745
424874
424881
424910
424934
424961
424964
424976
425251
425782
425843
426455
426467
426507
426552
426574
426750
426773
426833
426943
426975
427081
427101
427104
427195
427198
427214
427225
427229
427235
427250
427278
427360
427532
427538
427573
427629
427631
427632
427637
427642
427654
427661
427677
427682
427716
427766
427780
427807
428349
428473
428475
428481
428482
428526
428564
428572
428580
428799
428861
428870
428875
428876
428880
428885
428887
428890
428946
428958
428960
428973
428986
429010
429014
429036
429046
429053
429095
429103
429207
429614
431960
432040
432158
432321
432372
432437
432438
432443
432474
432573
432583
432584
432908
433098
433388
433450
433452
433584
433626
433695
433699
433738
433752
434817
396468
416555
417890
419086
419431
419463
419464
419469
419474
419488
419563
419567
419756
420034
420037
420140
420243
420338
420343
420513
420515
420576
420583
420597
420788
420824
420842
420847
420859
420996
421041
421141
421142
421270
421582
424641
424680
424698
424699
424714
424731
424902
424935
424938
424952
424967
425104
425243
425349
425353
425357
425377
425393
425394
425425
425534
425545
425645
425760
425829
425928
425989
426001
426002
426013
426189
426247
426266
426295
426429
426441
426447
426457
426461
426463
426470
426471
426489
426490
426498
426523
426529
426541
426548
426550
426553
426672
426721
426743
426772
426779
426856
426919
426939
426944
426966
427049
427089
427095
427182
427189
427192
427196
427211
427221
427252
427359
427395
427471
427544
427643
427655
427657
427660
427665
427704
427787
427873
427954
428272
428403
428408
428410
428413
428477
428489
428491
428493
428524
428567
428588
428589
428600
428608
428622
428623
428642
428814
428818
428863
428869
428906
428908
428911
428919
428923
428925
428959
429009
429058
429059
429085
429153
429159
429160
429199
429234
429384
429386
429418
429511
430652
432337
432345
432413
432421
432436
432452
432463
432480
433389
433449
433535
433595
433622
433667
433671
433733
416443
416621
417843
419568
420236
420270
420433
420941
420998
424653
424701
424736
424740
424777
424936
424979
424995
425086
425248
425249
425283
425335
425351
425359
425595
425597
425649
425660
425672
425674
425685
425727
425730
425751
425779
425835
425945
425960
425961
425986
426004
426009
426035
426190
426301
426414
426426
426433
426452
426456
426495
426534
426539
426581
426589
426591
426623
426670
426678
426726
426768
426770
426776
426778
426796
426799
426927
426938
426953
426977
426983
427087
427102
427121
427469
427481
427483
427615
427620
427789
427821
427909
427957
428269
428280
428282
428348
428350
428364
428369
428382
428384
428387
428402
428437
428499
428504
428808
428816
428828
428832
428855
428857
428901
429385
429512
430166
432386
432419
432422
432423
432426
432432
432457
432481
432490
433759
419573
420300
420599
420644
420836
421205
424645
424652
424875
424876
425005
425011
425023
425035
425047
425051
425054
425068
425193
425257
425314
425337
425547
425576
425594
425601
425692
425699
425701
425728
425755
425967
425969
425992
426409
426432
426582
426585
426625
426636
426639
426725
426782
426931
426951
427047
427118
427173
427945
427960
427961
428034
428198
428206
428214
428217
428330
428331
428346
428367
428395
428396
428518
428826
428827
428851
429340
429344
429513
432487
