-0.021234572203122113
-0.009686608875449598
-0.002593323659309434
0.004838414719842717
-0.014213977240571348
-0.0009378418202428712
0.0008635098113571012
-0.02240069211207885
-0.0014344233182982849
0.0015292991299797212
0.012686607118800906
0.03486272257629057
0.015580509861232031
0.02075581443465886
0.09197024632731107
0.010779976321571048
0.04275665452361044
0.09844870629794614
0.030716806336411124
0.06620259695595884
0.12087837925526598
0.015026260623366258
0.037507275820582386
0.09993895790032777
0.0307217146377253
0.05609863024565201
0.06278194585170818
0.04137835200011596
0.06941773253186337
0.08895940953232882
0.013981454938476402
0.03801955485105664
0.10035249979394702
0.004316738316266758
0.030789215522467526
0.05600526070626248
0.030735221168170526
0.05700628026120183
0.04852892829545285
0.02234447358531927
0.050768392524222515
0.0796853058280194
-0.0037214214453019936
0.02335058561464806
0.06276257004800555
0.010039999833463023
0.036289323709265825
0.029991984410056162
-0.002885841970842179
0.029107219461453584
0.005841293872829937
0.015392883782874745
0.04798442465771525
-0.02817143497863376
0.03011283430410986
0.06460852079885869
-0.03408248044340823
0.014848751447071306
0.052910662154302394
-0.0687050268208037
-0.019417075518027144
0.027445295184199192
-0.0517328368801031
-0.008754628124807888
0.03608678750334977
-0.011980244505379106
0.006567294790146047
0.04585429354585979
-0.030854283542807774
-0.01023029112938768
0.03260263894983823
-0.027727166819985338
-0.018439544251020186
0.02662201338050161
-0.010385926179794149
-0.03762529584379718
0.018091737611159106
0.007336358542134435
-0.020522416104140778
0.030197826407239003
0.028703669622318732
-0.01166904542928205
0.047789249257746906
0.015408257417767279
-0.031013760958435686
0.03796503754644869
0.007134376206774131
-0.028872872143680624
0.0171971680359939
0.013017256780442275
-0.02610716784125843
0.01874264589237462
0.00672447159810773
-0.005125132615867375
0.02400413764729373
0.006634378383047566
-0.021788897604314066
0.02643821960505183
0.010039034548134602
-0.02224172043044259
0.03688455089190329
0.011529879002591299
-0.030702982697231537
0.008492050537261925
-0.003003967872503412
-0.02088371455628262
-0.016632026478403755
-0.001897439295857652
-0.028498327967902908
0.014401791750666712
0.021377209134499465
0.009078198282892701
0.01161227580878513
0.03167295358600501
0.0012374951088438902
0.01097808656992951
0.026579537663723462
0.009944346757803903
0.003626546646577965
0.018888972833768832
-0.008725399873471975
-0.014955293057480152
0.013137956916089407
-0.014727855340987054
0.01268799501958131
0.01214702970720804
-0.0014178452512459308
0.042293514406488014
0.017694525022067475
-0.006979313649459015
0.015650416399982374
0.02632407349500856
0.0010123119426910516
0.00357968937073556
0.00857271402840033
0.009751597251536875
-0.007745283768975779
-0.008641044573160957
0.0007019304066109295
0.0012154192179502795
-0.009021769093171839
0.023872690005675812
-0.008135314522776316
-0.025677058810244964
0.010489940832976481
-0.031400426582341726
-0.015863196586406513
0.00560061520966364
-0.01591816778484767
-0.015002721165044997
0.0005946192597176049
-0.014975069413488301
0.0034921837793913885
-0.004092204879510713
0.0072561003290613265
-0.004350825300367566
-0.014777346656123281
0.005716941598157172
0.013283861669922173
-0.02005281060840483
0.007601519230301739
0.022789080456320488
-0.0011410252432792986
0.013465394421486573
0.011153712875599497
0.02247954614503169
-0.002082672017880682
-0.07708108778947104
0.02466009628927572
0.01504868381440072
-0.046222000516359434
0.06667419911002355
-0.005591200521295501
-0.038979566604245515
0.09566883302623698
0.024139505801272377
-0.04547053912350164
0.07732914378715522
0.05100203759461084
-0.027033982404204664
0.07691986993957348
0.0328380425910064
-0.038252230596887773
0.0814799894975175
-0.0068923232292626094
-0.02965789460258921
0.05746574467211514
-0.011574610071034977
0.013467292606965832
0.06544943460575667
-0.011385440774557531
0.0002884902278838497
0.019316977186566636
-0.005911072320059194
0.03625147345321196
-0.007204341794307814
0.008531576964938812
0.024494658428448533
-0.03305561307869689
0.02220490093351429
0.023529206830522727
-0.022964791170977883
0.028817237599412928
0.03056211747513129
-0.012466694580408352
0.03243711120312563
0.052157875469548504
0.01243015261162546
0.019585856582529523
0.07153805814611901
0.09141761040227438
0.0036926190679485806
0.06921353239254494
0.07932879764472678
-0.008361996120798788
0.030435471703184926
0.05921130261945531
-0.05081503767831269
0.04508700707280505
0.06947495782505445
-0.026685905578109254
0.022321561070133104
0.09312397366670556
-0.036547206774346044
-0.005862702399217695
0.027781891726898003
-0.036660005970495804
-0.025439819725226808
0.008540099021412968
-0.01096378255718562
-0.03964026041080994
0.015234074756958007
0.03892225629178126
-0.0941588436108389
0.009844522222614319
0.051249659041105455
-0.09436973737495342
0.009141607910652244
0.06576354548660573
-0.13397229677895361
0.006692843825699801
0.11096116746905067
-0.1724268490544385
-0.006910750357235573
0.133039507824338
-0.12672540461182158
-0.01052052347124859
0.08956353279839306
-0.09200074934215544
-0.048050113417705535
0.06971159345877594
-0.0183624090787041
-0.05649936512740945
0.0005220864488309516
0.009117993977352351
-0.045848275606291046
-0.11031267554841713
-0.03713787704006814
-0.08857288525203572
-0.1545643227735768
-0.05482872883425093
-0.1730335483609842
-0.19516965793505744
-0.07643183353566169
-0.19343055014814703
-0.22301097733974143
-0.11114928023315605
-0.2091977410976721
-0.13946199556852992
-0.04710438376663301
-0.1801571436075933
-0.09822426004001282
-0.06528390168677681
-0.10949848410934097
-0.027999748474396933
-0.08500874978157576
-0.09041479793047348
-0.05252605434933144
-0.1026110050414404
-0.06307691328397626
-0.0683875515626946
-0.07280820499555442
-0.017884572839910948
-0.03541523118768503
-0.05371445469293483
-0.0153037484482508
-0.04251482033458382
-0.04340769496317992
0.05137060064438626
0.012949588855725126
-0.049816772884480616
0.021973727078350148
-0.010750760262625213
0.007214435574948451
0.08073878015908857
0.03461990879573808
-0.016804642958760666
0.015771670333717968
-0.02038990126114328
0.0024961328070487263
0.008908355839299104
-0.028949226323601324
0.004552095357767311
-0.03391964534989457
-0.05576695171136956
-0.01980030202144986
-0.041646510680013994
-0.05627694912981453
0.007204868313287927
-0.11433804600286714
-0.07130913999655022
-0.05802055347211242
-0.04790791996828105
-0.06864070419854391
0.007511820747536031
-0.05343665733969423
-0.061923085577232
0.047226135433747034
-0.035030151991424764
-0.0372147544176933
0.030269170890949597
-0.02339036604561886
-0.06735762388510752
0.02389284901145413
-0.011923335890281392
-0.04938709015921876
0.013047344744251803
0.02095981630831037
-0.038542599681830915
0.01739350952940792
0.01573521296245858
-0.00845155980694718
0.0439033560636302
0.0757731237696281
0.003607176251611901
0.04138981259358275
0.05390472613841956
0.01573589803213829
0.08071066115164492
0.07942575036493675
0.028341493521887456
0.06833547409363887
0.09854395053264377
0.02499132263797044
0.07608400891307462
0.09225720352090062
-0.0065099231669901595
0.05195049186950258
0.07070567444529864
-0.02638336386600741
0.036682714404187966
0.03774759922281081
-0.029021943272057305
0.029429847379029112
0.01800364481255143
-0.04338022957703479
0.02164312660388137
0.003595761529697198
-0.04179839980394022
-0.002439059415935223
