-0.019815971912832492
-0.03820428198196867
-0.02233492181290772
-0.03457000699529871
-0.003233659234390245
0.010262787904377381
-0.02601843340973947
0.013979666775391666
0.014997225644189902
0.01045107267430535
0.002553958845464385
-0.0031080897874972892
0.0415505175295459
0.009723389494292944
-0.027798486810199675
0.04216436464235638
0.060381168812316637
-0.09510911355243233
0.002174834186610655
0.07130686720191588
-0.0005174422828666561
0.1371834614513697
0.10306653605685923
-0.05873787225365508
0.059599684884024846
0.11065064465084178
-0.09881527027479586
-0.08162391000668502
0.0792968172410928
-0.022208048669021537
-0.035418488714652925
0.137966656027068
-0.05803466056409645
0.014543177091064395
0.11686982653114887
0.010104234475568819
-0.07547951153466431
0.011417566389014587
-0.07938728276605386
-0.04808100751783335
0.03788535130442529
-0.09957563632967108
-0.024493666288020993
0.10451439340306105
0.003511911770707632
-0.03845613240374477
0.05322756119089903
-0.07515242084950764
0.03571782137178012
0.041416560316615655
-0.06350393005495321
0.0641512423434597
0.045911753233965215
-0.020793339500861003
0.06839899592486118
0.03377651979092818
-0.08897336455327777
0.022979083659170733
0.07612845928100062
-0.09653336317897176
0.010835451567433966
0.08135964327364274
-0.051893637477711405
0.029628581359838
0.07145578961274307
-0.05417956744445684
-0.0008034343726781296
0.03985803744299349
-0.06443377877858912
-0.023395943623962703
0.07222007846168797
-0.046782729293809
-0.032944237837796556
0.06475481832331942
-0.04804242974635423
-0.03598452587519744
0.06573941639629957
-0.03654379628929141
-0.061545815244659796
0.08042901255395461
-0.05274878810905843
-0.06570583164375784
0.06869428014727741
-0.06640311306173166
-0.05942111956423586
0.07528989491428709
-0.04182797325217789
-0.07267734909476556
0.07922655230911355
-0.07062623941531097
0.004304108479556368
-0.028006349730077592
-0.011709673409795824
-0.052287453149864625
-0.022176562114513083
-0.014731505265536808
0.046439426189734866
-0.0056543548218726345
0.0002476895961485642
0.045780435607443375
-0.03808432503061761
-0.057051142136827264
-0.03606051993792968
-0.009040757552039693
-0.04510547703591786
-0.015962008938285973
-0.02294605030348045
-0.060368787714362014
-0.025145523361001794
-0.0017311554144984074
-0.049973739737868506
-0.02770783247345192
0.004513083778965729
-0.06277585899464001
-0.03834777270010811
0.03661240656808074
-0.0881069585625199
-0.010338864429870984
0.008535914307535584
-0.06371892168200594
-0.027403281327497326
-0.0066300394798980075
-0.04360031112853111
-0.05891198119602238
-0.011643446889926601
-0.06841505845553646
-0.04413364848498604
-0.010174863251295858
-0.06870371727862422
-0.033140050265742516
-0.05080732260564561
-0.05886663714526114
-0.0855112167601108
-0.04246281794137773
-0.033705334268535066
-0.1272848393391827
-0.0659655879160441
-0.04161282915240738
-0.039388612981190285
-0.0842210218003424
-0.011302302435177299
-0.006115087358456354
-0.11845045019969755
-0.020336385572470715
0.032589642700479336
-0.08698531157160354
0.056708447339548974
0.03406760951412114
-0.06364472274291381
0.025541008503362553
0.04663112077196677
-0.04102958145839243
-0.010704688178607988
0.055622420660851934
-0.041466128436668234
0.0037932186067023183
0.06310219279001046
-0.032503924676717325
0.028678333940856265
0.056404518029439805
-0.0007334728558443632
-0.015830001951890518
0.05876906718376376
-0.005751666545667779
-0.014813454037886324
0.09693336009809286
-0.006344762616201209
0.022732121766667533
0.09995445854936869
0.006354989615052411
-0.016836430762840228
0.09288620813617615
0.004648281973996164
-0.019255529286293267
0.1082559512480814
-0.004546337945342408
-0.007979819705753463
0.10479349250100642
0.0028936153231319795
-0.01465211802852949
0.09676473851917256
0.012549773047650571
-0.012413132185171417
0.10575221082685947
0.004033961468341329
-0.004507088742864924
0.09601845775875134
0.0195409916937229
-0.005303642285633258
0.09473675452890648
0.021246774887740235
0.0005328068289474515
0.10234742574391681
-0.000969299739784976
0.025118339412695354
0.09688893640608914
0.002864668587959964
0.011795995174993948
0.06190957070642665
-0.0059545832025502034
-0.010430443699774614
0.04899112429727799
-0.008875254018030215
0.03070640057302
0.041972746185434874
0.011493110362871444
0.02779953977098182
0.02902772075721004
0.018967783631253517
0.032515173930892476
0.017814770602641618
0.016005619769793127
0.03610167491559528
0.021467572008473285
-0.0063661714959708645
0.05265336972049758
0.04247347307628668
-0.008914318169662504
0.033023681362320575
0.046295631857110324
-0.02057526277930001
0.06347806127724324
0.045191893631613286
-0.009806002296662564
0.03870107234737236
0.05999647102602912
-0.020049717371596772
0.0292691542457991
0.046823841944679104
-0.01154594407708148
0.05284256609841595
0.04259719351355207
-0.0100765237245753
0.04631668858845953
0.04513329753077423
-0.007782977843352282
0.036838338553140615
0.02436360803740393
0.00800015040727528
0.06594015801888418
0.03810415163680865
-0.011235018285746086
0.04468865311722405
0.006599581948445638
-0.01816132753694311
0.008895487540466995
-0.023377966355771124
0.02615680223522411
0.016046891084379757
-0.00891372445128927
0.03479746754607154
0.021403185446532795
-0.03968988031515191
0.017696291719777407
-0.04023611741733674
-0.06535303555149086
0.002759680778761124
0.002205610041613887
-0.08637266852342208
-0.017032680987602352
0.06852326940831259
-0.06994229244930376
-0.04779409252426892
0.02535304191386974
-0.1063534083099467
-0.05667356165475632
0.004955263700101758
-0.1284919651588986
-0.04987072119334954
0.06629837801593401
-0.09963627666760812
-0.0383166275262534
0.05862394072900745
-0.12279289692238264
-0.06003131519249343
0.020116746446175865
-0.04139968526241978
0.005063448344287469
0.0948623031866256
-0.0417794854425422
-0.02081477944137834
0.07205721717128388
-0.08737435950810656
-0.010433952259873027
0.05984826279235281
-0.15275373858523908
-0.018939728434775618
0.08990377159457588
-0.1307214873276431
-0.020732548676836455
0.04615978287788511
-0.07600427792482096
-0.018302516377936014
0.06001144900574268
-0.053047200923719215
-0.013765158458635416
0.026467336847821536
-0.04534676417770319
-0.004237275002705888
0.008058094367987855
-0.017010454573604367
-0.019505942802807923
0.06858658537066059
-0.04173453260254005
-0.04082093328938481
0.07587698141370443
0.008886127849477017
-0.04316716910298219
0.03572382042913674
0.03482174738297976
-0.00871718316248614
0.11501566547115372
-0.0128449545664819
-0.024765488544407844
0.05693710942464564
-0.002293572541569108
-0.030684746896953993
0.031408605827431615
0.026074739876704677
-0.03939896730352184
0.07305183004752466
0.024472097374184352
-0.00797873764474087
0.07507827964215522
0.034484541060614965
-0.009397386921350741
0.04944467711300692
0.01435265432902052
0.010649884269202431
0.05047268029407515
0.010518854837387426
-0.015533491471271756
0.08177752170354957
0.02096451637154808
-0.02227828631424302
0.06311548544688857
0.022395609149633226
-0.020165586049549874
0.05807105990755911
0.010893350780125136
-0.025389606181853475
0.0619937860407541
0.001978585360708813
-0.038456987284135616
0.021460639997240107
-0.047803126627777026
-0.013590892380026018
0.013992324884656761
-0.04492399427881243
-0.007197733866394813
0.03023717791175485
-0.04157163227573315
-0.002392621020891279
0.011527789707591636
-0.05823283634640599
-0.019364728094311848
0.0003534018263391101
-0.014369425811455516
-0.015966616818619966
-0.0016492478420145622
-0.012615901024131574
-0.04045375245250479
-0.01519492212914097
-0.045326150444247655
-0.05554480818115237
-0.00786364635828061
-0.01220848720327626
-0.021067300172597645
0.0015113393519463779
0.01571659360189975
-0.02676088095863444
-0.021544905023188822
-0.0011797158633029999
-0.045971788331159835
-0.07900286720087582
0.012432762340678501
-0.003632102548407226
-0.04812148650792513
0.038272573610036595
0.02446360455277396
-0.04316912606531763
0.011249288616034064
0.024079247520389806
-0.04440848238306322
0.030622551158272962
-0.014817564253588161
-0.02123113510465549
0.06344523717508706
-0.05424836577367669
-0.008505842343441131
-0.002185537203160113
-0.021806428584308233
0.019379184545742206
0.0035403115913105127
-0.01977165700507054
0.02401572750330986
0.0171244612820372
-0.017262722963159567
0.03818371068005608
-0.01288078467193246
-0.014176009627632326
0.05576101994547759
0.011159781879184273
-0.03301854358957857
0.04004543909401149
