0.03037851177052616
0.10252506107355822
0.08254213290203855
0.04662364531153389
0.08966916687858019
0.03654837623907674
-0.0043014347436590135
0.06995523009018415
0.03281127326692311
-0.06740329170502224
0.05476759400003034
0.055601303650634155
-0.08066397225312189
-0.0033639812147637444
0.040021045484981685
-0.1040159310738341
-0.0605479570958535
-0.005611533386148114
0.09263370533323712
-0.22606270659270267
-0.0724293158247452
-0.12457289041766775
-0.4601847100919596
-0.0742964319358158
-0.2166840383243382
-0.15014631010054633
0.10854352836962806
0.031245175123236088
0.023253726512645276
-0.030625421079409108
0.08928420975559483
-0.13656707166814339
-0.11082598372722229
-0.05126830617890095
-0.14227450242381806
-0.005285336995352566
-0.033348546647208
-0.01656935593059192
0.023296357886862972
0.007547267390173651
0.003007465002704407
-0.04809476575681019
-0.008728088848353048
-0.022816506823861264
0.0003959715254158947
0.007520271018663024
-0.0122086073475236
0.01114998371188348
-0.003885812438243704
-0.03258490386602783
0.012259715314668492
-0.011019844505314536
-0.03746638255001393
0.0035299626202384368
-0.010774793610561217
-0.03654078416559272
0.02593537741737214
0.009255259401191188
-0.03133319410962815
0.025749071117002413
0.008751047567060497
-0.034910050614189156
0.011641184143141428
0.005196257095100351
-0.032976819448681464
0.014435214951968221
0.007235459504139155
-0.031710223540552286
0.019305734410204996
0.013142713605172477
-0.02224498255047704
0.01356038673692744
0.01431991823329937
-0.0340166584432159
0.004815091742657296
0.015059690706388766
-0.03448765014364894
-0.006992039397795148
-0.00555696639099056
-0.00873616960085128
-0.015005457540775995
-0.007287597093881918
-0.0024808838746562555
0.00016561480835868185
0.004022226071457187
-0.020107077505882386
-0.01748877783219758
-0.017921928550073976
-0.002924555408696936
-0.054327756432034
-0.013432607634286973
-0.031077066360232327
-0.03757756839379803
-0.033919752517264826
-0.01352839624321867
-0.011497633218935535
-0.06316731209496854
0.08131749184832551
-0.027937425335295796
-0.10610258637720832
0.12084475397849444
-0.03308276674950411
0.03623955216712484
0.06502465917475889
-0.014909486343590891
0.09669025403006767
0.05182896375492354
-0.009520878293051467
0.09553195043677727
-0.0071981895351396425
0.014130480626577905
0.031134574413618426
-0.0020166861016751177
0.03082880588478662
0.01842233461591178
0.022454218991003395
-0.0025669237375598774
0.039024743911752535
0.004673928525634614
0.008371288859232287
0.01461545744492045
-0.01188079341451352
0.047720975738080346
-0.02415120402459615
0.0025091520303958787
0.03460575770178928
-0.00550962634817717
0.004608671882217284
0.020854171749517664
0.006207839966712192
-0.019283960484242108
0.05023726603103108
-0.02955423145648512
-0.02073475707844097
0.06485256313317635
-0.016036820219035474
0.010724222573909935
0.04820007553674529
-0.02898227267479144
0.003908320433329736
0.021194313860461843
-0.021016814961560555
-0.029994895517426172
0.020457869658416686
0.027044223863363626
-0.020645184576133405
0.01453907763952083
0.02375719053925738
0.008633367715279113
-0.017870485078198852
0.017831713611507007
0.006608743459470261
-0.014498669058516394
0.047378816599994475
-0.01276544962664778
-0.010705359165525454
0.06404535878505094
0.0031608949826375417
-0.041228205988278595
0.0436596453961914
0.020825204472864678
-0.015605939198915753
0.018690815146412583
0.00800605032147774
-0.023592362237641093
0.018405127440386776
0.0055077014000356125
-0.027385280224662387
0.023471323417272646
0.052727003801717
0.013325775502956333
-0.015045678898093075
0.06781678108371256
0.002861051126542091
-0.033235272042204576
0.057233802646210384
-0.01506743735021023
0.008797146965984068
0.09316432174318587
0.006262753092604806
-0.0028908273589957068
0.13967792256309722
-0.03912948798329606
-0.03218764955804888
0.10940030271441077
0.00031538861798014096
0.012765209761880439
0.04103007657542742
-0.017111654395288087
0.033891123984662555
0.05759719946925182
-0.062111799739012666
0.00873680464125195
0.07170600297418905
-0.018342449463160614
0.007216317707807292
0.028064158799495528
0.010938674590074061
0.028364789311450807
0.01715287370735
-0.00792773450238172
0.021520259922483843
0.04215819676825376
0.014000845154279424
0.027060107365062855
0.05134792896129826
0.00706339748461457
0.02564031966635868
0.046852490252755306
-0.02049942304735018
0.020719310765057446
0.0344838736425805
-0.032996307963854894
0.009901202340137727
0.013166827934887845
-0.0006511396301185687
-0.01291984372232993
0.0010017856264059532
0.01805423131455186
-0.025494039200020555
0.008143661345261106
0.0032918686133113608
-0.01413257746065734
0.010885250792092219
0.010447508908031927
-0.016025706245087607
0.022001644467767235
0.004220734904916003
-0.0036802693947003353
0.03483248850738309
0.02007185847120727
5310421577114911e-20
0.05151036906224425
0.03446188836779002
0.081652327659148
0.06598223805596938
0.02596406290638516
0.08073839602551897
-0.04630834191104259
0.0342128694499935
-0.013224956868696128
-0.0327764595426777
0.019155380115207656
0.00634352676720096
0.02756965801718484
0.005738761984854789
0.05205660010379075
0.001408609384216842
-0.0029285935508690584
0.014464229442779152
-0.03828156327704608
0.011695556989507026
-0.033225222663962925
-0.04437431802410761
-0.031006914783814593
-0.05636559005927041
-0.04711685863602602
-0.03127899586112036
-0.06670195832657265
0.014265216775421146
-0.0277026071518328
-0.027187657280765488
0.028365939763222957
-0.011312853869349207
-0.020386981881996166
0.02167916902647649
0.004752792599478425
-0.011805087463203438
0.0258181903973728
0.003764552195281541
-0.007128503067207092
0.03790080474798087
-0.0038051177611258674
0.013508408084275107
0.017380064165318048
-0.03221729464841446
0.03020489548300921
0.08504711090428796
-0.04316212984889323
0.009337149915779587
0.0005373463030105271
-0.03187535214211744
-0.020468307360190438
0.022165103156354424
0.007670781370032242
-0.024048987298685147
0.03694379488798905
0.009564672324126796
-0.03515731627818446
0.0021433645290430334
0.03322276051906367
-0.07044775568366449
-0.0016019890154283453
0.052735029358041266
-0.015061076771127238
-0.024894190721484032
0.014193540014705944
0.025196222117121785
0.03629124177159912
0.01153375046236374
-0.00623975313282859
0.07950587612215433
0.056645997192609085
0.004825996701518878
0.06028800651719025
0.03478102023380822
0.051894791734074214
0.06681138862960274
0.010391875214655321
0.058987362425920245
0.09934844163089052
0.035042386659827174
0.03432107655485338
0.08973857627097713
0.031050352806433836
0.05209718805582738
0.06058056226986082
0.02576681197617191
0.052974613495824746
0.04806811250255361
0.06921202167523005
0.02713836457739781
0.030262543753437385
0.015058325622654259
-0.0033879207337806417
0.0008227819341871923
0.022441725738403022
0.009803596042051112
-0.02624510458842521
0.07105305155950638
0.00575697591058069
-0.008986228476525865
0.04647787397639842
-0.04955505677077167
-0.01737411896507309
0.005979590275052056
-0.06474315057638552
-0.08944083662408876
0.03831205617999894
0.022144422545093953
-0.0702514178953125
0.029888643048904096
-0.012032491411525004
0.002299594913969764
0.004391603132111846
0.0024839902469351643
-0.023252851251667823
-0.004596291389765413
0.036891244312795786
-0.04430555625413354
-0.06504267440543111
0.04344726223408712
-0.0918898323595814
-0.02127042487696449
0.02273809386020642
-0.0441675841533275
0.005607874129936024
0.020255647015107018
-0.017441148376458063
-0.04335983457912779
0.020966060138887587
-0.041657822419033555
-0.06329679023441141
0.02866526517559646
-0.018356124877174067
-0.02154686936505173
0.005501843317103351
0.012976519658002086
-0.025680017347733636
-0.006640150509201483
0.01121857075507633
-0.046508076315079326
-0.014916917682578305
0.014876368095846084
-0.05983801707357456
0.0042368795633071455
0.03806376537148914
-0.058192624647284676
0.002137922053020139
0.007135826009349286
-0.047342222305331125
-0.03427860579144983
0.0001525872078400344
-0.010591478173452747
-0.024812618528620944
-0.0672797290009838
0.013912742765108062
-0.030042222908853895
-0.0801088781509013
-0.04868735861845595
-0.01659818163034904
-0.01198031932077091
-0.05636430259961172
-0.023667048524495297
-0.030744423469386637
0.016884030117477467
-0.036365632884101266
-0.08083423900489212
-0.005910121660404087
-0.03528576040915823
-0.059062462598504756
-0.04284706081102041
-0.025011746887858056
-0.04028006037545714
-0.031584775817943424
