-0.03708051211337773
0.023270778566803235
0.03685894252689234
-0.005136410101713226
-0.02211381260801044
0.06200775384181487
-0.027972661241699254
-0.0005673111858340027
-0.022393259997331636
-0.04591453081240686
0.010673082500333612
-0.005538348015206365
-0.038385082030419605
0.009365583126680165
-0.007309952433623936
-0.026726955514439675
-0.01696476721307401
-0.015549954759872071
-0.0621457954134038
-0.03136376031818844
0.0060445577530046845
-0.07133038821362707
-0.014388131879774469
0.005570399489945129
-0.015930801486536608
0.009612481353143472
0.0528358509542262
0.02958125306855377
-0.012157739739733442
0.040174450591677284
0.0026159520019644186
0.005769758286612159
0.031121102086365003
0.014617206908895002
-0.01075191301428203
0.0366982664314052
0.0035848280737738117
-0.009450804791638083
0.07423148072282279
-0.007049844717750647
-0.0530062990668592
0.07966362035370307
-0.0002066061112873562
-0.052867627234406696
0.03870146034247125
0.0340555376872616
-0.03201395223463537
0.06685650548344721
0.12612173531329884
-0.07718958306570493
0.06156390799259394
0.08766851390060243
-0.002015801637638274
0.11343266528715279
0.03492798112866789
0.022070664253787002
0.07174706070297951
0.03582318375994007
0.03335662217522301
0.06152479533010478
0.05637822884743643
0.013887902790776611
0.07354569576093274
0.028072270455934047
-0.004984306585969885
0.028668258913352583
-0.017622201870209037
0.02508320815456079
0.007935304110244597
0.0256374188133331
-0.000756200531965245
-0.003519804501545188
0.017834973819157766
0.023688348625402745
0.004171166451927649
-0.007130879015180688
0.008686689020650751
0.03668524356588765
-0.006731889895464318
0.0117513493240588
0.05830662759223416
-0.03228209277299323
0.006930039774219338
0.037290021077231505
0.20124977702325642
-0.015630441014091175
0.17833637232677715
0.0027339002489384263
0.033970401422074914
0.07961813678378087
0.009119184116022134
0.017401359094637466
0.09082756150416073
0.16551511729411963
0.08333485036635631
0.19404513132560317
0.07759300054731809
0.11645285073558626
0.08406755618572523
0.04010981701837375
0.008744274496915503
0.053400707363193654
0.00462120038865008
0.007330649171187602
0.03188896675115384
0.03370110493722971
0.009539361389472707
0.029869894522813075
0.010239276179326653
0.012424522475008026
0.05028948188978157
0.04283238164500263
0.030588410983081172
0.0553414475838588
0.007758104833194285
0.08706668237443896
0.03994169585835822
0.02001844513440458
0.016794095270448634
0.012314423336416191
0.050446085187827686
0.01770164085742481
0.018908118852016993
0.012553228180877554
0.0058117751244006624
0.0365741958945312
0.009842083208065856
0.029089286655845356
0.04317162165820067
0.015771243691808857
0.04339004215981781
0.05367475422166616
0.041609186051847616
0.0034194638036813513
0.07168689625690194
-0.0112461239794307
0.013860550066307556
0.05783436574308897
-0.017368518238819294
-0.0027273949407825284
-0.004415164020473341
-0.005756817734897951
-0.0035996173652365366
0.04111657883008544
0.011931703664639404
-0.0022023783424676272
0.03619379448647777
-0.0036586009128972276
0.021923313615398406
0.004986281616765167
0.018492196207085813
0.009660989352011337
0.03882657972186032
-0.024335494430458182
-0.00033585174505888093
0.022632675414405314
-0.03136551650264849
0.012858211347420222
0.034538552046027376
0.02470732889984807
0.006448881902530685
0.050526925985868616
-0.016522657401115918
-25910084199587706e-22
0.04612583233293679
0.012005595824309307
-0.0494670088132987
0.0289427414299588
0.0018275121782814923
0.015304450978582974
0.04751297229444272
0.06339387740797185
0.001638852134825177
-0.020824328166246797
0.15243772109716255
-0.02588637961160934
0.042840798705006816
0.22728615891980083
0.03524491609045617
0.15613695885450782
0.07703839750761157
-0.02804855190117888
0.0019160928383502712
-0.0025714649996896265
-0.02994953172569292
-0.005220897148992617
0.0014512949580019164
-0.027831697605960326
-0.008896559437046668
-0.021491565019895086
-0.03020239629276116
-0.028157968735804062
-0.014829941417586104
-0.04404591443591671
-0.035847870298579915
-0.03975477356419517
-0.002803552754185131
-0.05824346317955439
0.014741706901836113
-0.011054827528626342
-0.03425710563085523
-0.02750299732178211
-0.017405976080823313
-0.06388624314092095
-0.0678036555907184
-0.07183515057462013
-0.09154988944738973
-0.0893020781520326
-0.013140304911125531
-0.10946206281790968
-0.06351586859791884
-0.029101537160128043
-0.07658782779684223
-0.062122307245300726
-0.024505593258813872
-0.07987743817387526
-0.046200061229012525
0.00042320483858286455
-0.06880585860423939
-0.0028928966350810635
0.011765410275722716
-0.13159485508171523
0.05162729895398111
0.05374406433611815
-0.06878569937970694
0.04708422850461683
0.059513226064480604
-0.09209550309575824
-0.009433864757543873
0.02200722281249754
-0.08056699347352059
-0.014271443596172467
0.013759467204895326
-0.030988356570085886
0.037104433856336806
0.020473582232541972
-0.0162139884148309
0.001527554674095218
-0.02166958046227022
-0.024552308988653068
-0.014143080658217249
-0.00230372038478952
-0.06877081807544877
-0.07921933205565072
-0.00798848141836242
-0.0844602658091211
-0.05604757769817844
-0.007512002716411268
-0.07151932064651785
0.01684986501576182
-0.021113203031784784
-0.018890195197798335
0.04999376835970014
0.010716093016100473
0.035998981239356735
-0.005544866712501647
0.03740043813033117
-0.09002752537962196
-0.008945606807545721
0.004949374890740407
-0.16124288635220005
-0.025151152649857237
-0.016976008080381095
-0.12677133240326652
-0.06304216095957468
-0.03619845836085742
-0.11739166251857695
-0.02071872618046053
0.009028956717953453
-0.0682303954461966
0.011836751770649273
0.015164606735072177
-0.02076895658902991
0.01011601590559609
-0.08204298223001878
-0.01167895296517038
0.03879885595863605
-0.025155814306986567
-0.007882657377744543
0.04682293176906146
-0.04371549452711751
-0.050325789673653164
-0.01174339288432262
-0.06688134919118623
-0.11271563555479681
-0.050395053493365385
0.014988940815267778
-0.1865006158197705
-0.0041111828939515115
0.050554013986558864
-0.05814219500760009
-0.04745988896549007
0.00398891754603381
-0.027165619701099916
-0.04325889462370051
-0.008765202010767078
-0.0682792525580227
-0.11556109119278545
-0.040181984604787425
-0.04747482883743753
-0.07414892564065911
-0.01759903019462381
-0.0076927617340878255
-0.008753281007082224
0.03163491616488929
-0.02738632428957758
-0.01173034086256949
0.0025953247955222336
-0.011138376038195974
-0.033747883757530475
-0.0015500258031755658
-0.03449727741366772
0.021409614014178895
0.0012228164394660053
-0.033789035845240824
0.007861725201957272
-0.0057467933247250325
-0.02906082351075587
0.02117899611537672
-0.018401102721113526
0.01153936324798629
-0.042117723707201106
0.0765488416480359
-0.025714838599957244
-0.09336850312486429
0.03022561204871439
-0.042551592548212266
-0.04869009003058556
0.03148363460103115
-0.042332213268483555
-0.08691745962081311
0.035954486323670536
-0.059003175068594094
-0.01531541948045458
-0.006374612471825425
-0.0428231655161976
-0.020349234994725122
-0.010295042683736566
-0.04690759866545675
0.011608082811131326
-0.04133829240760692
0.01893323089345871
-0.02161958028006262
-0.07832812469341374
0.014335517462562614
0.011672291772845936
-0.033844621926719734
0.015159525860132939
-0.009249363583624381
-0.023579673799076127
0.003851606927767149
-0.011039456084145877
-0.023027779650457967
0.006598010300960387
0.00982663309320567
-0.004973126318194444
-0.02345837096614999
-0.24725903150281814
0.033558503138701685
0.08355933728881723
