"Probability"	"Volume"
0.0	405.0
0.0	415.0
0.0	425.0
0.0	435.0
5.037681860315157e-6	445.0
0.0	455.0
1.5113045580945472e-5	465.0
1.0075363720630314e-5	475.0
1.5113045580945472e-5	485.0
1.0075363720630314e-5	495.0
2.5188409301575787e-5	505.0
9.067827348567283e-5	515.0
0.0001410550920888244	525.0
0.00025188409301575787	535.0
0.0004030145488252126	545.0
0.0005944464595171886	555.0
0.0009118204167170435	565.0
0.0013702494660057228	575.0
0.0018186031515737718	585.0
0.002206504654818039	595.0
0.0033651714826905253	605.0
0.004261878853826623	615.0
0.005062870269616733	625.0
0.006156047233305122	635.0
0.007813444565348809	645.0
0.008720227300205538	655.0
0.010468302905734897	665.0
0.0119644944182485	675.0
0.013375045339136743	685.0
0.014614315076774272	695.0
0.01588381090557369	705.0
0.017339700963204772	715.0
0.017662112602264943	725.0
0.018649498246886713	735.0
0.018458066336194737	745.0
0.01965199693708943	755.0
0.018997098295248458	765.0
0.018976947567807198	775.0
0.01861927215572482	785.0
0.018533631564099463	795.0
0.01793414742272196	805.0
0.017087816870189013	815.0
0.016886309595776406	825.0
0.01592915004231653	835.0
0.015420344174424696	845.0
0.014271752710272841	855.0
0.01376294684238101	865.0
0.0131281989279813	875.0
0.012684882924273565	885.0
0.01261939306008947	895.0
0.011611856688026438	905.0
0.011365010276870995	915.0
0.011475839277797929	925.0
0.011007334864788618	935.0
0.01103756095595051	945.0
0.011153427638737758	955.0
0.011334784185709105	965.0
0.010730262362471285	975.0
0.011339821867569419	985.0
0.011501027687099505	995.0
0.010951920364325152	1005.0
0.01200479587313102	1015.0
0.011883891508483456	1025.0
0.012296981421029298	1035.0
0.012110587192197639	1045.0
0.01220126546568331	1055.0
0.012402772740095918	1065.0
0.012125700237778583	1075.0
0.012009833554991335	1085.0
0.011919155281505662	1095.0
0.012140813283359529	1105.0
0.011632007415467698	1115.0
0.011168540684318704	1125.0
0.01102748559222988	1135.0
0.010644621770845927	1145.0
0.010810865272236328	1155.0
0.010574094224801515	1165.0
0.010438076814573006	1175.0
0.010196268085277878	1185.0
0.010463265223874581	1195.0
0.009883931809938339	1205.0
0.01025672026760166	1215.0
0.010060250675049369	1225.0
0.00976806512715109	1235.0
0.009370088260186192	1245.0
0.009793253536452665	1255.0
0.009657236126224157	1265.0
0.00882098093741184	1275.0
0.008972111393221295	1285.0
0.009027525893684761	1295.0
0.008367589569983477	1305.0
0.00882098093741184	1315.0
0.008594285253697658	1325.0
0.008075404022085198	1335.0
0.007390279289082336	1345.0
0.007289525651876033	1355.0
0.00735501551606013	1365.0
0.007244186515133196	1375.0
0.006750493692822311	1385.0
0.0059898037319147225	1395.0
0.005768145730060855	1405.0
0.005022568814734212	1415.0
0.005153548543102406	1425.0
0.004810986176600975	1435.0
0.004241728126385362	1445.0
0.004231652762664732	1455.0
0.0038840527143029864	1465.0
0.0035263773022206103	1475.0
0.003460887438036513	1485.0
0.0028311772054971183	1495.0
0.0027606496594527064	1505.0
0.002362672792487809	1515.0
0.0021410147906339417	1525.0
0.001984846652964172	1535.0
0.0019646959255229116	1545.0
0.0015062668762342321	1555.0
0.0014760407850723412	1565.0
0.0013954378753072987	1575.0
0.0011637045097328013	1585.0
0.0010982146455487043	1595.0
