"Probability"	"Volume"
0.017596631072341707	112.5
0.05028325061412744	137.5
0.09059006366872212	162.5
0.11019200882338197	187.5
0.10878828896575926	212.5
0.08823381962199829	237.5
0.07294329974432245	262.5
0.07043665714142477	287.5
0.06386925352183286	312.5
0.06301699503684764	337.5
0.06015942246954429	362.5
0.05253922895673535	387.5
0.04376597984659347	412.5
0.03223542387326415	437.5
0.025467488845440416	462.5
0.017195568255878077	487.5
0.013636135759763373	512.5
0.00897378051837369	537.5
0.003960495312578333	562.5
0.0032586353837669823	587.5
0.0015039855617386072	612.5
0.0007519927808693036	637.5
0.0004511956685215822	662.5
0.00015039855617386073	687.5
