"Probability"	"Volume"
0.00010001500225033755	310.0
0.0004000600090013502	330.0
0.0005500825123768566	350.0
0.0032504875731359704	370.0
0.0074011101665249785	390.0
0.014902235335300294	410.0
0.0253037955693354	430.0
0.044656698504775716	450.0
0.05815872380857129	470.0
0.07641146171925789	490.0
0.09196379456918538	510.0
0.09836475471320698	530.0
0.09826473971095664	550.0
0.09516427464119617	570.0
0.0869630444566685	590.0
0.07796169425413813	610.0
0.06250937640646097	630.0
0.04790718607791169	650.0
0.0333049957493624	670.0
0.026253938090713608	690.0
0.018602790418562786	710.0
0.012101815272290843	730.0
0.007201080162024304	750.0
0.004950742611391709	770.0
0.002900435065259789	790.0
0.0018502775416312446	810.0
0.0010501575236285443	830.0
0.0007501125168775316	850.0
0.000450067510126519	870.0
0.00035005250787618143	890.0
