"Probability"	"Volume"
0.0029850746268656717	425.0
0.0029850746268656717	475.0
0.01890547263681592	525.0
0.026865671641791045	575.0
0.06766169154228856	625.0
0.07860696517412935	675.0
0.09353233830845771	725.0
0.10248756218905472	775.0
0.0955223880597015	825.0
0.11343283582089553	875.0
0.07064676616915423	925.0
0.06666666666666667	975.0
0.06766169154228856	1025.0
0.03980099502487562	1075.0
0.0527363184079602	1125.0
0.026865671641791045	1175.0
0.01791044776119403	1225.0
0.015920398009950248	1275.0
0.012935323383084577	1325.0
0.014925373134328358	1375.0
0.008955223880597015	1425.0
0.0009950248756218905	1475.0
0.0009950248756218905	1525.0
0.0	1575.0
