Frame	Volume
1	1991.73
2	1996.21
3	1969.29
4	1965.31
5	1986.46
6	1977.95
7	1971.78
8	1978.85
9	1969.52
10	1983.58
11	1979.53
12	1978.93
13	1972.14
14	1973.41
15	1977.9
16	1982.53
17	1976.84
18	1971.61
19	1975.54
20	1976.4
21	1969.31
22	1969.77
23	1974.32
24	1974.76
25	1977.99
26	1979.28
27	1975.66
28	1977.26
29	1979.02
30	1973.87
31	1976.87
32	1973.51
33	1976.44
34	1975.04
35	1973.91
36	1976.61
37	1975.01
38	1977.45
39	1976.42
40	1977.3
41	1977.97
42	1976.32
43	1974.61
44	1976.04
45	1980.73
46	1976.04
47	1977.01
48	1976.66
49	1976.22
50	1975.99
51	1975.95
52	1976.03
53	1975.13
54	1976.39
55	1977.97
56	1975.98
57	1976.7
58	1977.74
59	1976.39
60	1975.91
61	1977.12
62	1976.15
63	1976.33
64	1976.36
65	1976.45
66	1976.18
67	1975.97
68	1975.91
69	1976.7
70	1975.83
71	1976.1
72	1977
73	1976.8
74	1976.15
75	1975.4
76	1976.59
77	1976.51
78	1976.46
79	1977.39
80	1975.28
81	1976.7
82	1976.28
83	1976.92
84	1976.37
85	1975.32
86	1976.46
87	1975.42
88	1975.45
89	1976.69
90	1976.38
91	1976.01
92	1976.97
93	1976.79
94	1976.62
95	1976.12
96	1976.79
97	1976.24
98	1976.03
99	1976.26
100	1975.93
101	1976.2
102	1976.6
103	1977.11
104	1976.84
105	1977.24
106	1975.78
107	1977.53
108	1976.64
109	1976.1
110	1976.31
111	1976.9
112	1976.28
113	1976.81
114	1976.8
115	1976.07
116	1976.76
117	1976.81
118	1976.33
119	1977.3
120	1976
121	1977.04
122	1976.25
123	1975.79
124	1976.94
125	1975.91
126	1976.48
127	1975.79
128	1976.6
129	1976.51
130	1976.5
131	1976.39
132	1976.78
133	1976.4
134	1976.36
135	1976.55
136	1975.67
137	1976.4
138	1976.39
139	1976.59
140	1976.72
141	1975.72
142	1975.81
143	1976.59
144	1976.89
145	1976.46
146	1976.45
147	1976.31
148	1975.43
149	1976.53
150	1976.06
151	1976.91
152	1976.36
153	1976.41
154	1976.33
155	1976.7
156	1977.13
157	1976.22
158	1976.9
159	1976.53
160	1976.11
161	1975.95
162	1976.17
163	1976.53
164	1976.22
165	1976.21
166	1976.59
167	1976.23
168	1976.73
169	1976.2
170	1976.66
171	1976.38
172	1976.08
173	1976.21
174	1976.28
175	1976.27
176	1976.49
177	1976.17
178	1976.04
179	1976.63
180	1976.62
181	1976.32
182	1976.47
183	1976.65
184	1976.17
185	1976.43
186	1976.66
187	1976.63
188	1976.22
189	1976.43
190	1976.09
191	1976.42
192	1976.28
193	1976.52
194	1976.44
195	1976.49
196	1976.47
197	1976.44
198	1976.76
199	1976.17
200	1976.32
201	1976.22
202	1976.45
203	1976.28
204	1976.39
205	1976.44
206	1976.45
207	1976.48
208	1976.26
209	1976.48
210	1976.37
211	1976.33
212	1976.43
213	1976.35
214	1976.13
215	1976.53
216	1976.48
217	1976.22
218	1976.51
219	1976.62
220	1976.39
221	1976.22
222	1976.4
223	1976.25
224	1976.53
225	1976.35
226	1976.52
227	1976.77
228	1976.31
229	1976.63
230	1976.77
231	1976.42
232	1976.46
233	1976.5
234	1976.44
235	1976.36
236	1976.46
237	1976.01
238	1976.26
239	1976.18
240	1976.17
241	1976.29
242	1976.42
243	1976.49
244	1976.42
245	1976.32
246	1976.46
247	1976.73
248	1976.57
249	1976.52
250	1976.58
251	1976.5
252	1976.28
253	1976.58
254	1976.4
255	1976.52
256	1976.14
257	1976.04
258	1976.19
259	1976.46
260	1976.18
261	1976.47
262	1975.91
263	1976.57
264	1976.31
265	1976.53
266	1975.89
267	1976.28
268	1976.45
269	1976.42
270	1975.91
271	1976.52
272	1976.67
273	1976.45
274	1976.46
275	1976.4
276	1976.47
277	1976.56
278	1976.59
279	1976.45
280	1976.48
281	1976.59
282	1976.21
283	1976.41
284	1976.58
285	1976.63
286	1976.63
287	1976.61
288	1976.47
289	1976.34
290	1976.41
291	1976.35
292	1976.4
293	1976.46
294	1976.49
295	1976.53
296	1976.54
297	1976.44
298	1976.47
299	1976.52
300	1976.24
301	1976.3
302	1976.42
303	1976.44
304	1976.49
305	1976.37
306	1976.37
307	1976.38
308	1976.46
309	1976.36
310	1976.4
311	1976.39
312	1976.43
313	1976.28
314	1976.41
315	1976.42
316	1976.42
317	1976.36
318	1976.41
319	1976.4
320	1976.36
321	1976.44
322	1976.37
323	1976.32
324	1976.48
325	1976.41
326	1976.45
327	1976.44
328	1976.34
329	1976.49
330	1976.4
331	1976.46
332	1976.23
333	1976.39
334	1976.29
335	1976.43
336	1976.52
337	1976.33
338	1976.55
339	1976.4
340	1976.43
341	1976.44
342	1976.38
343	1976.46
344	1976.49
345	1976.43
346	1976.52
347	1976.52
348	1976.41
349	1976.41
350	1976.42
351	1976.47
352	1976.42
353	1976.35
354	1976.37
355	1976.36
356	1976.37
357	1976.36
358	1976.49
359	1976.45
360	1976.4
361	1976.39
362	1976.47
363	1976.4
364	1976.44
365	1976.48
366	1976.32
367	1976.46
368	1976.39
369	1976.4
370	1976.42
371	1976.48
372	1976.44
373	1976.47
374	1976.42
375	1976.41
376	1976.4
377	1976.39
378	1976.32
379	1976.36
380	1976.55
381	1976.48
382	1976.42
383	1976.44
384	1976.38
385	1976.46
386	1976.4
387	1976.4
388	1976.41
389	1976.46
390	1976.47
391	1976.44
392	1976.34
393	1976.4
394	1976.43
395	1976.36
396	1976.45
397	1976.43
398	1976.41
399	1976.41
