Frame	Volume
1	2049.22
2	2067.36
3	2053.2
4	2059.1
5	2064.48
6	2064.37
7	2068.41
8	2059.75
9	2060.1
10	2061.18
11	2069.73
12	2072.61
13	2072.35
14	2071.06
15	2060.57
16	2070.5
17	2065.75
18	2061.77
19	2064.76
20	2068.42
21	2072.72
22	2066.14
23	2066.16
24	2065.23
25	2064.15
26	2067.08
27	2064.44
28	2066.23
29	2064.62
30	2064.8
31	2066.73
32	2064.66
33	2064.05
34	2069.57
35	2068.3
36	2066.78
37	2066.23
38	2068.93
39	2065.94
40	2063.57
41	2066.41
42	2068.13
43	2066.16
44	2063.86
45	2066.02
46	2066.75
47	2066.46
48	2064.57
49	2066.08
50	2065.18
51	2065.95
52	2065.43
53	2066.17
54	2067.03
55	2066.66
56	2065.29
57	2064.55
58	2064.3
59	2065.07
60	2066.34
61	2065.26
62	2065.59
63	2065.66
64	2066.67
65	2065.6
66	2066.36
67	2065.84
68	2066.48
69	2066.11
70	2064.96
71	2066.86
72	2066.29
73	2065.86
74	2065.87
75	2065.48
76	2065.4
77	2066.19
78	2065.88
79	2066.21
80	2066.54
81	2067.23
82	2065.4
83	2066.72
84	2066.3
85	2065.12
86	2065.93
87	2065.22
88	2066.57
89	2066.68
90	2065.18
91	2065.92
92	2066.43
93	2065.22
94	2066.43
95	2066.38
96	2066.33
97	2065.57
98	2066.22
99	2066.65
100	2065.88
101	2065.64
102	2065.23
103	2066.19
104	2065.91
105	2065.9
106	2065.95
107	2066.02
108	2066.07
109	2066.11
110	2065.67
111	2066.07
112	2066.53
113	2066.11
114	2066.2
115	2065.38
116	2066.25
117	2066.38
118	2066.02
119	2066.07
120	2066.17
121	2065.4
122	2066.24
123	2065.97
124	2066.31
125	2065.79
126	2065.65
127	2065.81
128	2066.08
129	2066
130	2065.54
131	2065.77
132	2065.69
133	2065.92
134	2065.86
135	2065.6
136	2065.05
137	2065.94
138	2065.35
139	2066.5
140	2065.83
141	2065.61
142	2065.78
143	2065.47
144	2066.75
145	2066.58
146	2065.67
147	2065.95
148	2066.22
149	2066.11
150	2066.19
151	2065.82
152	2065.89
153	2065.96
154	2065.67
155	2065.66
156	2065.67
157	2065.97
158	2065.99
159	2066.39
160	2065.84
161	2065.72
162	2066.04
163	2065.79
164	2066.21
165	2065.97
166	2065.99
167	2065.45
168	2065.68
169	2066.13
170	2065.74
171	2066.15
172	2065.88
173	2065.76
174	2065.97
175	2066.03
176	2066.08
177	2065.83
178	2066.02
179	2065.88
180	2065.78
181	2066.21
182	2065.66
183	2065.76
184	2065.98
185	2066.02
186	2065.76
187	2066.3
188	2065.85
189	2065.84
190	2065.58
191	2065.83
192	2065.95
193	2065.86
194	2065.67
195	2065.87
196	2066.3
197	2065.77
198	2065.95
199	2065.61
200	2065.77
201	2065.81
202	2065.81
203	2065.73
204	2065.71
205	2065.96
206	2065.99
207	2066.11
208	2066.13
209	2065.72
210	2065.78
211	2065.79
212	2066.28
213	2065.86
214	2065.93
215	2065.89
216	2065.81
217	2065.77
218	2065.81
219	2065.78
220	2065.87
221	2065.78
222	2065.57
223	2065.71
224	2065.81
225	2065.8
226	2065.71
227	2065.89
228	2065.66
229	2065.76
230	2065.97
231	2065.94
232	2065.94
233	2065.64
234	2065.37
235	2065.83
236	2065.76
237	2066.07
238	2066.04
239	2065.81
240	2065.79
241	2066.19
242	2065.92
243	2065.8
244	2065.72
245	2065.86
246	2065.95
247	2065.93
248	2065.66
249	2065.69
250	2065.74
251	2065.96
252	2065.57
253	2065.76
254	2065.97
255	2065.89
256	2065.6
257	2065.61
258	2065.56
259	2065.79
260	2065.5
261	2065.08
262	2065.61
263	2066.17
264	2065.89
265	2066.05
266	2065.83
267	2065.62
268	2065.31
269	2065.8
270	2065.74
271	2065.84
272	2065.73
273	2065.91
274	2065.8
275	2065.9
276	2065.89
277	2066.2
278	2065.83
279	2065.95
280	2066.02
281	2065.79
282	2065.82
283	2066.1
284	2065.75
285	2065.8
286	2065.8
287	2065.83
288	2065.89
289	2065.81
290	2065.76
291	2065.93
292	2065.77
293	2065.83
294	2065.89
295	2065.85
296	2065.94
297	2065.8
298	2065.93
299	2065.88
300	2065.81
301	2065.87
302	2065.9
303	2065.85
304	2065.96
305	2065.8
306	2065.82
307	2065.86
308	2065.83
309	2065.87
310	2065.88
311	2065.89
312	2065.9
313	2065.8
314	2065.88
315	2065.83
316	2065.81
317	2065.76
318	2065.92
319	2065.72
320	2065.86
321	2065.87
322	2065.86
323	2065.87
324	2065.88
325	2065.75
326	2065.92
327	2065.7
328	2065.73
329	2065.86
330	2065.88
331	2065.97
332	2065.95
333	2065.84
334	2066.01
335	2065.9
336	2066
337	2065.86
338	2065.73
339	2065.87
340	2065.87
341	2065.84
342	2065.86
343	2066.04
344	2065.99
345	2065.86
346	2065.89
347	2065.8
348	2065.94
349	2065.9
350	2065.83
351	2065.86
352	2065.88
353	2065.87
354	2065.85
355	2065.84
356	2065.86
357	2065.87
358	2065.84
359	2065.84
360	2065.86
361	2065.86
362	2065.89
363	2065.84
364	2065.85
365	2065.83
366	2065.87
367	2065.86
368	2065.84
369	2065.8
370	2065.82
371	2065.89
372	2065.85
373	2065.76
374	2065.85
375	2065.85
376	2065.91
377	2065.75
378	2065.84
379	2065.98
380	2065.84
381	2065.81
382	2065.79
383	2065.89
384	2065.78
385	2065.89
386	2065.87
387	2065.86
388	2065.79
389	2065.77
390	2065.77
391	2065.84
392	2065.8
393	2065.82
394	2065.83
395	2065.86
396	2065.88
397	2065.92
398	2065.85
399	2065.83
