Frame	Volume
1	1010.95
2	1005.82
3	1005.34
4	1002.15
5	1007.11
6	1010.54
7	1007.94
8	1008.47
9	1007.33
10	1008.28
11	1009.27
12	1005.72
13	1007.32
14	1004.79
15	1006.35
16	1005.69
17	1006.53
18	1005.66
19	1008.65
20	1008.25
21	1005.76
22	1006.15
23	1006.48
24	1007.7
25	1008.08
26	1007.29
27	1005.83
28	1007.72
29	1008.5
30	1007.2
31	1006.25
32	1005.06
33	1006.84
34	1009.66
35	1006.26
36	1006.66
37	1006.63
38	1005.79
39	1007.8
40	1008.11
41	1007.21
42	1005.79
43	1005.9
44	1008.71
45	1006.88
46	1005.37
47	1007.42
48	1005.1
49	1007.44
50	1008.61
51	1006.56
52	1006.67
53	1008.53
54	1007.9
55	1006.42
56	1005.96
57	1006.14
58	1005.97
59	1006.45
60	1008.04
61	1006.68
62	1006.5
63	1007.01
64	1007.67
65	1006.92
66	1006.86
67	1005.73
68	1007.65
69	1007.99
70	1006.7
71	1007.2
72	1007.56
73	1007.4
74	1007.93
75	1007.34
76	1006.88
77	1007.51
78	1006.74
79	1006.56
80	1007.46
81	1006.35
82	1006.65
83	1006.72
84	1006.2
85	1006.92
86	1007.39
87	1006.56
88	1007.08
89	1007.1
90	1006.72
91	1006.14
92	1006.67
93	1005.97
94	1006.75
95	1006.7
96	1007.56
97	1006.87
98	1006.86
99	1006.76
100	1006.75
101	1007.15
102	1007.05
103	1006.77
104	1006.41
105	1006.85
106	1006.94
107	1006.99
108	1006.8
109	1007.3
110	1007.1
111	1007.35
112	1007.06
113	1006.9
114	1006.47
115	1006.79
116	1007.67
117	1007.17
118	1007.17
119	1007.31
120	1007.3
121	1006.71
122	1007.3
123	1007.75
124	1006.66
125	1006.49
126	1006.65
127	1006.84
128	1006.54
129	1006.65
130	1006.76
131	1006.58
132	1006.88
133	1006.83
134	1006.98
135	1006.69
136	1006.93
137	1006.8
138	1007.4
139	1006.75
140	1006.88
141	1007.05
142	1006.71
143	1007.28
144	1007.01
145	1007.16
146	1007.31
147	1007.01
148	1006.6
149	1007.49
150	1007.55
151	1006.88
152	1006.86
153	1006.91
154	1006.98
155	1006.92
156	1007.19
157	1007.14
158	1006.99
159	1006.38
160	1007.12
161	1007.09
162	1006.79
163	1007.32
164	1006.6
165	1006.64
166	1007.09
167	1006.77
168	1006.73
169	1006.81
170	1006.94
171	1007.53
172	1006.83
173	1006.29
174	1006.87
175	1006.79
176	1007.33
177	1006.61
178	1006.95
179	1007.22
180	1007.29
181	1007.09
182	1007.39
183	1007.22
184	1007.43
185	1006.54
186	1006.66
187	1006.89
188	1006.97
189	1006.58
190	1006.75
191	1007.02
192	1006.97
193	1007.36
194	1006.8
195	1007.23
196	1006.79
197	1006.88
198	1007.05
199	1006.82
200	1006.82
201	1006.85
202	1006.97
203	1006.93
204	1007
205	1007.23
206	1007.1
207	1007.16
208	1006.68
209	1007.07
210	1006.82
211	1006.79
212	1006.91
213	1007.13
214	1006.85
215	1006.87
216	1006.96
217	1006.93
218	1006.92
219	1006.88
220	1007.07
221	1007.13
222	1006.87
223	1006.99
224	1006.83
225	1006.92
226	1006.97
227	1006.87
228	1006.82
229	1007.05
230	1007
231	1007.15
232	1007.04
233	1007.06
234	1006.82
235	1006.87
236	1007
237	1006.81
238	1007.1
239	1007.04
240	1006.93
241	1006.97
242	1006.97
243	1006.85
244	1006.97
245	1007.08
246	1006.92
247	1006.95
248	1006.9
249	1006.96
250	1006.85
251	1006.87
252	1006.83
253	1007.11
254	1006.79
255	1006.81
256	1006.87
257	1007
258	1006.93
259	1007
260	1007.01
261	1006.84
262	1006.96
263	1006.98
264	1007.01
265	1007.01
266	1006.86
267	1007.12
268	1006.92
269	1006.93
270	1006.95
271	1006.96
272	1006.96
273	1006.93
274	1006.91
275	1007.03
276	1006.85
277	1006.99
278	1006.95
279	1007.02
280	1006.83
281	1006.92
282	1007.06
283	1006.99
284	1006.92
285	1006.93
286	1007.05
287	1007.02
288	1006.92
289	1006.95
290	1007.05
291	1006.94
292	1006.96
293	1006.85
294	1007.03
295	1007.01
296	1006.85
297	1006.94
298	1007.01
299	1006.92
300	1006.96
301	1006.93
302	1006.9
303	1006.99
304	1006.97
305	1006.93
306	1007
307	1006.95
308	1006.94
309	1006.98
310	1007.03
311	1006.9
312	1006.95
313	1006.97
314	1007.05
315	1006.88
316	1007.03
317	1006.85
318	1006.97
319	1007.13
320	1006.94
321	1007.06
322	1006.87
323	1006.94
324	1006.97
325	1007.01
326	1006.91
327	1006.96
328	1006.87
329	1006.87
330	1007.13
331	1006.85
332	1007.04
333	1006.94
334	1007.08
335	1006.78
336	1007.06
337	1006.91
338	1006.99
339	1007
340	1006.86
341	1007.01
342	1006.99
343	1006.94
344	1006.94
345	1006.95
346	1006.84
347	1006.88
348	1006.96
349	1006.96
350	1006.89
351	1006.9
352	1006.91
353	1006.96
354	1006.99
355	1006.98
356	1007.03
357	1006.98
358	1006.98
359	1006.93
360	1007.01
361	1006.96
362	1006.99
363	1006.9
364	1007.02
365	1006.99
366	1007
367	1007.09
368	1006.95
369	1006.86
370	1006.95
371	1006.99
372	1006.95
