Frame	Volume
1	1922.94
2	1925.07
3	1947.36
4	1931.7
5	1954.36
6	1944.72
7	1939.07
8	1952.09
9	1942.45
10	1936.94
11	1943.63
12	1941.94
13	1947.56
14	1945.09
15	1946.86
16	1951.11
17	1944.75
18	1946.23
19	1941.64
20	1945.9
21	1948.95
22	1947.93
23	1944.22
24	1943.29
25	1945.84
26	1947.02
27	1945.64
28	1945.34
29	1945.41
30	1944.48
31	1944.48
32	1942.54
33	1941.84
34	1945.31
35	1943.55
36	1946.77
37	1943.21
38	1945.3
39	1946.92
40	1945.71
41	1949.72
42	1945.13
43	1942.35
44	1942.28
45	1945.65
46	1946.19
47	1945.41
48	1944.4
49	1944.95
50	1943.85
51	1944.47
52	1945.7
53	1945.65
54	1945.71
55	1944.82
56	1944.96
57	1946.75
58	1944.38
59	1944.46
60	1945.51
61	1943.91
62	1944.74
63	1944.72
64	1945.22
65	1945.44
66	1945.17
67	1944.31
68	1945.08
69	1944.51
70	1944.18
71	1945.43
72	1944.77
73	1944.28
74	1945.45
75	1945.06
76	1944.32
77	1945.4
78	1943.63
79	1945.33
80	1944.6
81	1945.68
82	1945.5
83	1944.02
84	1944.41
85	1944.2
86	1944.01
87	1944.95
88	1945.17
89	1945.23
90	1944.51
91	1945.6
92	1945.18
93	1945.04
94	1944.72
95	1943.81
96	1944.65
97	1944.34
98	1944.84
99	1944.52
100	1945.17
101	1945.08
102	1944.85
103	1944.18
104	1945.07
105	1946.04
106	1944.45
107	1945.14
108	1945.3
109	1944.84
110	1944.75
111	1944.61
112	1945.38
113	1945.08
114	1945.22
115	1945.35
116	1944.75
117	1944.25
118	1945.73
119	1944.36
120	1944.25
121	1945.06
122	1945.05
123	1944.9
124	1944.89
125	1944.91
126	1945.02
127	1945.05
128	1945.03
129	1944.71
130	1944.57
131	1945.13
132	1944.96
133	1945.1
134	1945.08
135	1944.6
136	1945.16
137	1945.1
138	1945.05
139	1946.13
140	1945.34
141	1944.9
142	1944.87
143	1945.35
144	1945.29
145	1944.42
146	1944.96
147	1944.76
148	1944.22
149	1944.91
150	1944.69
151	1944.56
152	1944.49
153	1944.75
154	1944.61
155	1945.22
156	1944.65
157	1945.1
158	1944.45
159	1944.77
160	1945.04
161	1944.72
162	1945.11
163	1944.96
164	1945.04
165	1945.28
166	1945.04
167	1944.7
168	1945.09
169	1944.97
170	1945.09
171	1945.27
172	1945.03
173	1945.1
174	1945.23
175	1945.04
176	1945.16
177	1945.04
178	1944.94
179	1945.06
180	1944.55
181	1945.02
182	1944.68
183	1944.98
184	1944.91
185	1945.21
186	1944.77
187	1944.65
188	1945.27
189	1945.27
190	1945.09
191	1944.86
192	1944.96
193	1945.01
194	1945.15
195	1944.3
196	1945.22
197	1944.7
198	1944.69
199	1944.92
200	1944.98
201	1945.05
202	1944.98
203	1944.94
204	1944.89
205	1944.71
206	1945
207	1944.82
208	1944.93
209	1944.48
210	1945.13
211	1944.9
212	1944.95
213	1945.03
214	1944.79
215	1945.12
216	1944.73
217	1945.04
218	1945.16
219	1944.9
220	1945.09
221	1945.07
222	1944.94
223	1944.87
224	1944.8
225	1945.02
226	1945.12
227	1944.89
228	1945
229	1944.91
230	1945.01
231	1944.92
232	1944.86
233	1944.89
234	1945.35
235	1944.64
236	1945.08
237	1944.8
238	1944.9
239	1944.87
240	1945.17
241	1944.93
242	1944.81
243	1945.04
244	1944.99
245	1944.97
246	1945.04
247	1945.16
248	1944.93
249	1945.01
250	1944.97
251	1944.72
252	1944.97
253	1944.79
254	1944.6
255	1945.08
256	1945.16
257	1944.71
258	1944.77
259	1945.22
260	1944.68
261	1945.38
262	1944.34
263	1945.24
264	1944.97
265	1944.82
266	1945.16
267	1945.32
268	1944.28
269	1944.89
270	1945.1
271	1945.12
272	1945.01
273	1944.87
274	1944.81
275	1944.9
276	1945
277	1945.19
278	1945.29
279	1945.06
280	1944.96
281	1944.76
282	1945.08
283	1944.98
284	1944.84
285	1945.08
286	1944.93
287	1944.93
288	1945.02
289	1944.92
290	1944.87
291	1945.05
292	1945.04
293	1944.89
294	1944.77
295	1944.9
296	1944.84
297	1944.95
298	1945.12
299	1944.99
300	1944.89
301	1944.95
302	1944.95
303	1945.08
304	1944.93
305	1944.94
306	1945.03
307	1944.98
308	1944.99
309	1944.91
310	1944.97
311	1944.91
312	1944.99
313	1944.94
314	1945.02
315	1945.01
316	1944.96
317	1944.96
318	1945.04
319	1945.02
320	1945.18
321	1944.9
322	1945.02
323	1945.02
324	1945.09
325	1945.02
326	1944.92
327	1944.98
328	1945.02
329	1945.05
330	1945.09
331	1945.19
332	1944.91
333	1944.94
334	1944.96
335	1945.01
336	1945.14
337	1945
338	1944.93
339	1944.98
340	1944.89
341	1944.95
342	1944.98
343	1944.98
344	1945.12
345	1944.98
346	1944.99
347	1944.85
348	1945.13
349	1944.91
350	1945.02
351	1944.98
352	1944.97
353	1944.98
354	1945.03
355	1944.93
356	1945.05
357	1944.95
358	1945.03
359	1944.99
360	1945.02
361	1944.9
362	1945.06
363	1944.9
364	1944.94
365	1944.91
366	1944.94
367	1944.96
368	1944.86
369	1945.01
370	1945
371	1944.99
372	1945.04
373	1944.94
374	1945.06
375	1944.99
376	1944.89
377	1944.8
378	1944.98
379	1945.07
380	1945.13
381	1944.98
382	1944.97
383	1945
384	1944.83
385	1944.94
386	1945.06
387	1945.04
388	1945.02
389	1945
390	1945.06
391	1944.98
392	1945.06
393	1944.99
394	1944.98
395	1944.9
396	1944.91
397	1944.98
398	1944.99
399	1944.98
