Frame	Volume
1	1150.02
2	1152.44
3	1148.58
4	1150.65
5	1150.06
6	1154.6
7	1150.86
8	1153.28
9	1151.69
10	1151.82
11	1153.6
12	1151.6
13	1150.54
14	1152.88
15	1152.57
16	1153.23
17	1151.02
18	1151.96
19	1149.93
20	1151.63
21	1149.99
22	1150.92
23	1151.16
24	1151.32
25	1151.31
26	1153.25
27	1151.22
28	1151.59
29	1153.32
30	1151.49
31	1150.72
32	1151.26
33	1151.31
34	1152.04
35	1152.38
36	1152.75
37	1152.16
38	1152.17
39	1151.8
40	1153.96
41	1151.73
42	1151.52
43	1152.22
44	1151.82
45	1151.91
46	1151.3
47	1153.14
48	1151.98
49	1151.8
50	1152.56
51	1152.03
52	1150.97
53	1152.89
54	1151.97
55	1151.72
56	1151.08
57	1150.75
58	1151.97
59	1152.52
60	1152.67
61	1152.15
62	1151.47
63	1152.58
64	1151.17
65	1152.21
66	1150.63
67	1152.95
68	1152.88
69	1151.63
70	1152.03
71	1152.08
72	1152.4
73	1152.13
74	1151.47
75	1152.76
76	1151.71
77	1152.51
78	1152.26
79	1152.12
80	1151.85
81	1151.85
82	1152.23
83	1151.78
84	1151.07
85	1152.46
86	1151.8
87	1151.88
88	1151.39
89	1151.58
90	1152.19
91	1151.48
92	1152.02
93	1151.87
94	1151.9
95	1152.02
96	1151.96
97	1152.28
98	1151.85
99	1151.59
100	1151.81
101	1152.18
102	1152.01
103	1152.01
104	1151.86
105	1152.21
106	1152.34
107	1151.83
108	1151.95
109	1151.94
110	1151.76
111	1152.01
112	1151.93
113	1152.16
114	1151.92
115	1151.8
116	1152.11
117	1151.42
118	1152.25
119	1152.24
120	1151.61
121	1152.1
122	1152.08
123	1151.56
124	1152.07
125	1152.21
126	1152.12
127	1152.15
128	1151.47
129	1151.84
130	1151.73
131	1151.8
132	1152.09
133	1151.77
134	1151.98
135	1151.64
136	1152.03
137	1151.92
138	1152.16
139	1152.07
140	1151.85
141	1151.85
142	1151.77
143	1151.93
144	1151.73
145	1151.95
146	1152.01
147	1151.88
148	1152.08
149	1152.16
150	1152.18
151	1152.06
152	1152.09
153	1152.1
154	1151.79
155	1152.07
156	1152
157	1152.1
158	1152.17
159	1152.11
160	1151.81
161	1152.1
162	1152.19
163	1152.19
164	1152.09
165	1151.83
166	1151.72
167	1151.9
168	1151.9
169	1151.96
170	1152.05
171	1151.88
172	1152.05
173	1151.85
174	1151.68
175	1152
176	1151.8
177	1152.12
178	1152.04
179	1151.91
180	1152.19
181	1151.85
182	1151.89
183	1152.1
184	1152.03
185	1151.92
186	1151.85
187	1152.19
188	1152.06
189	1151.92
190	1151.78
191	1151.97
192	1152.12
193	1151.93
194	1152.26
195	1151.88
196	1151.98
197	1151.73
198	1151.84
199	1152.02
200	1152.06
201	1151.75
202	1151.8
203	1151.94
204	1152.02
205	1151.99
206	1151.83
207	1152.18
208	1151.96
209	1152.04
210	1151.77
211	1151.84
212	1151.81
213	1152.1
214	1152.17
215	1151.75
216	1151.92
217	1152.01
218	1152.06
219	1152.2
220	1151.9
221	1152.07
222	1151.93
223	1152.16
224	1152.03
225	1151.63
226	1151.98
227	1152
228	1151.86
229	1151.81
230	1152.09
231	1151.84
232	1151.84
233	1151.89
234	1151.95
235	1152.06
236	1151.8
237	1152.08
238	1151.86
239	1151.85
240	1151.95
241	1151.98
242	1152.07
243	1152.13
244	1152.02
245	1151.95
246	1151.84
247	1152.06
248	1152.01
249	1151.98
250	1151.98
251	1152.05
252	1152
253	1152.16
254	1152.01
255	1151.88
256	1152.04
257	1152
258	1152.04
259	1151.98
260	1152.12
261	1151.93
262	1151.97
263	1152.02
264	1152.15
265	1151.91
266	1151.94
267	1151.95
268	1151.98
269	1152.02
270	1151.95
271	1152.01
272	1151.95
273	1151.91
274	1151.95
275	1152.07
276	1152
277	1151.98
278	1152.07
279	1151.92
280	1151.91
281	1151.89
282	1151.98
283	1151.94
284	1151.96
285	1152.03
286	1151.92
287	1152.03
288	1152.01
289	1151.96
290	1152.04
291	1152.07
292	1151.97
293	1152.09
294	1152.06
295	1151.99
296	1151.95
297	1152
298	1152
299	1151.96
300	1151.99
301	1152
302	1151.96
303	1152.01
304	1151.94
305	1152.01
306	1151.98
307	1152.09
308	1151.96
309	1152.06
310	1152.03
311	1151.94
312	1151.92
313	1152
314	1151.95
315	1151.99
316	1152.17
317	1152.06
318	1152.05
319	1151.97
320	1152.02
321	1151.93
322	1152.01
323	1152.01
324	1151.97
325	1151.96
326	1151.87
327	1152.08
328	1152.03
329	1151.94
330	1152.1
331	1152.02
332	1152.06
333	1151.99
334	1152.01
335	1152.01
336	1151.99
337	1152.02
338	1152.04
339	1152.01
340	1152.03
341	1152
342	1152.04
343	1152.03
344	1152.07
345	1151.99
346	1151.97
347	1152.02
348	1152.03
349	1151.85
350	1152
351	1151.99
352	1152
353	1151.94
354	1152.01
