Frame	Volume
1	1458.38
2	1465.92
3	1464.9
4	1457.42
5	1468.69
6	1460.54
7	1465.93
8	1462.37
9	1451.29
10	1471.35
11	1458.71
12	1474.51
13	1447.25
14	1471.27
15	1461.87
16	1462.13
17	1463.98
18	1464.95
19	1465.33
20	1464.33
21	1458.92
22	1460.11
23	1473.4
24	1460.37
25	1460.34
26	1454.97
27	1457.66
28	1458.78
29	1472.89
30	1456.09
31	1466.19
32	1461.35
33	1465.13
34	1459.94
35	1453.28
36	1466.66
37	1461.59
38	1453.89
39	1463.85
40	1451.98
41	1451.49
42	1457.51
43	1448.66
44	1462.96
45	1467.36
46	1468.61
47	1469.36
48	1454.3
49	1462.07
50	1462.55
51	1455.93
52	1464.78
53	1456.67
54	1466.52
55	1468.85
56	1452.77
57	1454.41
58	1453.99
59	1467.65
60	1468.96
61	1455.55
62	1466.66
63	1453.03
64	1466.23
65	1464.24
66	1452.45
67	1463.28
68	1467.78
69	1455.15
70	1469.12
71	1463.55
72	1453.13
73	1466.48
74	1463.76
75	1466.48
76	1464.39
77	1451.94
78	1463.29
79	1462.43
80	1465.66
81	1456.41
82	1455.21
83	1462.81
84	1451.45
85	1467.52
86	1466.94
87	1469.01
88	1467.24
89	1462.46
90	1463.47
91	1451.43
92	1466.1
93	1463.14
94	1460.26
95	1454.6
96	1468.38
97	1454.3
98	1453.54
99	1466.55
100	1452.53
101	1456.32
102	1468.37
103	1467.74
104	1464.79
105	1471.26
106	1462.98
107	1461.98
108	1451.85
109	1453.24
110	1467.46
111	1451.99
112	1463.84
113	1454.06
114	1452.65
115	1467.84
116	1467.65
117	1463.89
118	1463.24
119	1453.41
120	1454.98
121	1463.35
122	1467.43
123	1467.53
124	1467.28
125	1467.13
126	1453.11
127	1467.5
128	1454.07
129	1454.48
130	1466.58
131	1468.07
132	1463.47
133	1466.72
134	1463.69
135	1455.2
136	1467.06
137	1454.41
138	1453.52
139	1453.98
140	1462.9
141	1455.31
142	1466.18
143	1454.19
144	1463.44
145	1466.16
146	1466.62
147	1467.39
148	1467.11
149	1467.31
150	1467.5
151	1467.26
152	1467.07
153	1467.18
154	1454.63
155	1463.56
156	1463.85
157	1452.89
158	1463.75
159	1453.37
160	1467.34
161	1454.04
162	1463.26
163	1467.68
164	1466.61
165	1454.39
166	1463.68
167	1467.4
168	1454.67
169	1467.5
170	1454.92
171	1454.58
172	1463.33
173	1467.38
174	1467.29
175	1466.97
176	1466.92
177	1467.06
178	1467.62
179	1467
180	1467.62
181	1467.24
182	1466.82
183	1466.78
184	1466.9
185	1463.8
186	1466.97
187	1454.54
188	1467.05
189	1467.3
190	1467.44
191	1467.46
192	1467.25
193	1463.38
194	1454.48
195	1454.56
196	1467.41
197	1467.59
198	1467.6
199	1467.15
200	1466.63
201	1467.14
202	1463.55
203	1467.65
204	1467.03
205	1467.11
206	1463.36
207	1467.14
208	1467.33
209	1463.52
210	1467.08
211	1466.84
212	1463.39
213	1467.39
214	1467.41
215	1454.9
216	1454.89
217	1466.83
218	1467.47
219	1454.18
220	1467.65
221	1467.67
222	1467
223	1463.56
224	1453.68
225	1463.57
226	1462.9
227	1466.86
228	1463.21
229	1463.39
230	1466.95
231	1467.45
232	1467.21
233	1467.16
234	1467.25
235	1467.49
236	1466.8
237	1467.34
238	1467.15
239	1467.26
240	1454.56
241	1454.33
242	1454.66
243	1463.75
244	1467.17
245	1467.22
246	1467.29
247	1466.63
248	1466.8
249	1467
250	1467.36
251	1467.01
252	1467.3
253	1467.26
254	1467.12
255	1467.65
256	1467.02
257	1463.01
258	1467.42
259	1454.43
260	1467.49
261	1467.33
262	1467.4
263	1467.58
264	1467.36
265	1467.33
266	1467.54
267	1467.55
268	1467.2
269	1467.42
270	1467.35
271	1467.54
272	1467.18
273	1467.2
274	1467.2
275	1467.14
276	1466.95
277	1468.06
278	1467.42
279	1467.17
280	1467.09
281	1467.43
282	1467.34
283	1467.18
284	1467.14
285	1467.26
286	1467.45
287	1467.33
288	1467.09
289	1467.47
290	1467.47
291	1454.92
292	1467.18
293	1467.46
294	1467.32
295	1467.28
296	1467.42
297	1467.34
298	1467.21
299	1467.48
300	1467.27
301	1467.34
302	1467.19
303	1467.26
304	1467.25
305	1467.25
306	1467.39
307	1467.26
308	1467.57
309	1467.3
310	1467.22
311	1467.35
312	1467.15
313	1467.32
314	1467.43
315	1467.32
316	1467.44
317	1467.25
318	1467.55
319	1467.16
320	1467.41
321	1467.27
322	1467.16
323	1467.29
324	1467.43
325	1467.25
326	1467.26
327	1467.37
328	1467.26
329	1467.29
330	1467.4
331	1467.3
332	1467.35
333	1467.36
334	1467.25
335	1467.36
336	1467.37
337	1467.3
338	1467.29
339	1467.23
340	1467.22
341	1454.67
342	1467.31
343	1467.25
344	1467.52
345	1467.44
346	1467.33
347	1467.3
348	1467.41
349	1467.39
350	1467.49
351	1467.26
352	1467.29
353	1467.49
354	1467.25
355	1467.26
356	1467.24
357	1467.52
358	1467.33
359	1467.23
360	1467.38
361	1467.19
362	1467.35
363	1467.31
364	1467.28
365	1467.32
366	1467.32
367	1467.16
368	1467.21
369	1467.19
370	1467.3
371	1467.59
372	1467.14
373	1467.28
374	1467.34
375	1467.24
376	1467.26
377	1467.16
378	1467.39
379	1467.32
380	1467.23
381	1467.19
382	1467.2
383	1467.43
384	1467.43
385	1467.3
386	1467.24
387	1467.29
388	1467.44
389	1467.34
390	1467.38
391	1467.24
392	1467.34
393	1467.22
394	1467.12
395	1467.16
396	1467.38
397	1467.3
398	1467.3
399	1467.27
