Frame	Volume
1	2098.05
2	2073.76
3	2093.66
4	2077.3
5	2083.7
6	2089.18
7	2079.66
8	2078.83
9	2082.1
10	2073.99
11	2081.01
12	2086.55
13	2083.87
14	2075.24
15	2081.37
16	2081.54
17	2086
18	2081.57
19	2077.4
20	2081.36
21	2082.6
22	2081.37
23	2082.18
24	2082.33
25	2081.03
26	2079.38
27	2080.32
28	2082.5
29	2081.09
30	2084.28
31	2081.18
32	2083.94
33	2081.66
34	2079.1
35	2082.26
36	2082.51
37	2081.29
38	2081.82
39	2078.99
40	2080.24
41	2082
42	2079.32
43	2082.95
44	2081.32
45	2080.88
46	2082.23
47	2080.44
48	2082.16
49	2081.63
50	2081.77
51	2080.56
52	2081.28
53	2082.04
54	2080
55	2082.48
56	2080.89
57	2080.74
58	2080.44
59	2081.38
60	2082.24
61	2082.06
62	2081.58
63	2081.72
64	2082.43
65	2080.3
66	2082.07
67	2081.47
68	2080.63
69	2081.37
70	2081.47
71	2081.32
72	2082.44
73	2082.58
74	2081.4
75	2082.38
76	2080.01
77	2082.47
78	2081.95
79	2081.86
80	2081.7
81	2081.74
82	2082.17
83	2081.42
84	2081.73
85	2082.11
86	2082.56
87	2081.78
88	2082.03
89	2081.43
90	2080.82
91	2081.41
92	2081.71
93	2081.32
94	2081.47
95	2081.66
96	2081.25
97	2080.91
98	2081.67
99	2082.08
100	2081.34
101	2082.21
102	2081.7
103	2081.51
104	2081.16
105	2080.82
106	2081.1
107	2081.41
108	2081.47
109	2081.18
110	2081.12
111	2081.68
112	2082.04
113	2081.56
114	2080.94
115	2081.82
116	2081.97
117	2081.93
118	2081.45
119	2081.46
120	2081.61
121	2081.67
122	2082.1
123	2081.5
124	2081.69
125	2081.64
126	2081.78
127	2081.44
128	2081.75
129	2081.29
130	2081.26
131	2081.64
132	2081.59
133	2081.03
134	2081.94
135	2081.3
136	2081.13
137	2081.11
138	2081.39
139	2082.12
140	2082.07
141	2081.97
142	2080.85
143	2081.86
144	2082.04
145	2082.35
146	2081.75
147	2081.5
148	2081.61
149	2081.6
150	2081.4
151	2081.54
152	2081.57
153	2082.15
154	2081.84
155	2081.89
156	2081.77
157	2081.25
158	2081.69
159	2081.34
160	2081.36
161	2081.5
162	2081.71
163	2081.14
164	2081.85
165	2081.53
166	2081.55
167	2081.58
168	2081.64
169	2081.67
170	2081.41
171	2081.57
172	2081.43
173	2081.42
174	2081.67
175	2081.45
176	2081.16
177	2081.46
178	2081.59
179	2081.78
180	2081.48
181	2081.63
182	2081.47
183	2081.93
184	2081.63
185	2081.66
186	2081.25
187	2081.56
188	2081.68
189	2081.3
190	2081.37
191	2081.3
192	2081.61
193	2081.68
194	2081.62
195	2081.52
196	2081.54
197	2081.51
198	2081.52
199	2081.48
200	2081.44
201	2081.35
202	2081.62
203	2081.6
204	2081.34
205	2081.4
206	2081.42
207	2081.38
208	2081.76
209	2081.74
210	2081.93
211	2081.71
212	2081.57
213	2081.41
214	2081.52
215	2081.44
216	2081.43
217	2081.35
218	2081.52
219	2081.53
220	2081.56
221	2081.45
222	2081.29
223	2081.51
224	2081.69
225	2081.4
226	2081.51
227	2081.62
228	2081.62
229	2081.9
230	2081.7
231	2081.38
232	2081.53
233	2081.65
234	2081.38
235	2081.82
236	2081.49
237	2081.56
238	2081.46
239	2081.5
240	2081.77
241	2081.64
242	2081.27
243	2081.53
244	2081.77
245	2081.41
246	2081.59
247	2081.46
248	2081.41
249	2081.44
250	2081.22
251	2081.38
252	2081.71
253	2081.96
254	2081.48
255	2082.11
256	2081.36
257	2081.4
258	2081.48
259	2081.63
260	2081.49
261	2081.74
262	2081.25
263	2081.44
264	2081.71
265	2081.7
266	2081.62
267	2081.69
268	2081.44
269	2081.49
270	2081.53
271	2081.48
272	2081.48
273	2081.49
274	2081.51
275	2081.65
276	2081.55
277	2081.91
278	2081.72
279	2081.56
280	2081.66
281	2081.69
282	2081.32
283	2081.46
284	2081.58
285	2081.58
286	2081.44
287	2081.52
288	2081.58
289	2081.52
290	2081.57
291	2081.55
292	2081.47
293	2081.6
294	2081.47
295	2081.5
296	2081.48
297	2081.51
298	2081.54
299	2081.57
300	2081.7
301	2081.54
302	2081.59
303	2081.51
304	2081.52
305	2081.52
306	2081.55
307	2081.49
308	2081.61
309	2081.45
310	2081.51
311	2081.56
312	2081.44
313	2081.49
314	2081.5
315	2081.52
316	2081.61
317	2081.48
318	2081.48
319	2081.42
320	2081.5
321	2081.49
322	2081.52
323	2081.45
324	2081.52
325	2081.54
326	2081.49
327	2081.69
328	2081.53
329	2081.63
330	2081.58
331	2081.54
332	2081.61
333	2081.38
334	2081.5
335	2081.63
336	2081.45
337	2081.36
338	2081.44
339	2081.46
340	2081.58
341	2081.5
342	2081.51
343	2081.47
344	2081.58
345	2081.45
346	2081.46
347	2081.46
348	2081.51
349	2081.46
350	2081.52
351	2081.51
352	2081.48
353	2081.51
354	2081.64
355	2081.55
356	2081.54
357	2081.52
358	2081.48
359	2081.46
360	2081.54
361	2081.51
362	2081.5
363	2081.59
364	2081.56
365	2081.54
366	2081.51
367	2081.42
368	2081.54
369	2081.61
370	2081.52
371	2081.56
372	2081.51
373	2081.51
374	2081.53
375	2081.52
376	2081.5
377	2081.61
378	2081.59
379	2081.54
380	2081.48
381	2081.43
382	2081.7
383	2081.53
384	2081.56
385	2081.52
386	2081.53
387	2081.52
388	2081.49
389	2081.54
390	2081.43
391	2081.57
392	2081.5
393	2081.54
394	2081.6
395	2081.45
396	2081.49
397	2081.47
398	2081.51
399	2081.54
