Frame	Volume
1	2044.82
2	2053.01
3	2054.27
4	2064.81
5	2057.72
6	2057.21
7	2051.43
8	2053.67
9	2070.79
10	2064.68
11	2058.42
12	2063.79
13	2054.74
14	2075.97
15	2062.16
16	2062.79
17	2058.33
18	2056.5
19	2057.09
20	2059.95
21	2058.78
22	2073.54
23	2061.35
24	2055.69
25	2060.02
26	2074.59
27	2059.6
28	2058.57
29	2060.8
30	2063.41
31	2059.17
32	2060.19
33	2061.42
34	2058.32
35	2060.68
36	2061.67
37	2058.24
38	2060.34
39	2060.73
40	2061.07
41	2061.65
42	2058.42
43	2060.29
44	2061.31
45	2062.55
46	2061.15
47	2060.36
48	2058.46
49	2063.78
50	2076
51	2059.99
52	2059.89
53	2061.16
54	2060.34
55	2061.73
56	2061.74
57	2060.6
58	2061.8
59	2061.07
60	2060.95
61	2076.58
62	2060.11
63	2061.16
64	2061.65
65	2060.63
66	2061.21
67	2060.97
68	2062.07
69	2060.75
70	2060.88
71	2060.94
72	2060.9
73	2061.31
74	2060.94
75	2061.47
76	2060.68
77	2061.47
78	2060.21
79	2061.17
80	2059.54
81	2060.03
82	2061.75
83	2060.6
84	2060.86
85	2060.58
86	2060.75
87	2060.59
88	2061.24
89	2061.19
90	2060.77
91	2061.93
92	2060.28
93	2061.41
94	2061.18
95	2060.56
96	2061.31
97	2060.27
98	2060.47
99	2061.19
100	2060.72
101	2060.23
102	2060.87
103	2060.01
104	2061.27
105	2060.18
106	2060.76
107	2061.04
108	2061.22
109	2060.52
110	2060.62
111	2061.58
112	2061.07
113	2061.15
114	2061.46
115	2060.72
116	2060.43
117	2060.51
118	2061.03
119	2060.46
120	2061.29
121	2060.72
122	2061.29
123	2061.44
124	2061.08
125	2061.19
126	2060.77
127	2060.34
128	2060.72
129	2061.25
130	2061.23
131	2061.53
132	2061.11
133	2060.98
134	2061.07
135	2060.87
136	2060.64
137	2060.09
138	2060.98
139	2060.82
140	2060.71
141	2061.54
142	2060.64
143	2060.85
144	2060.78
145	2060.82
146	2060.22
147	2061.11
148	2060.26
149	2060.93
150	2060.61
151	2060.68
152	2060.88
153	2061.05
154	2061.07
155	2060.89
156	2060.85
157	2060.65
158	2060.59
159	2061.07
160	2060.59
161	2061.17
162	2060.87
163	2060.83
164	2060.74
165	2060.49
166	2061.04
167	2061.04
168	2061.05
169	2061.21
170	2061.14
171	2060.6
172	2060.91
173	2060.86
174	2060.91
175	2060.73
176	2060.99
177	2060.73
178	2060.77
179	2060.73
180	2060.47
181	2060.52
182	2060.7
183	2060.92
184	2060.62
185	2060.78
186	2060.74
187	2060.83
188	2060.85
189	2060.72
190	2060.78
191	2060.64
192	2060.85
193	2060.9
194	2061.06
195	2060.81
196	2060.57
197	2060.85
198	2060.82
199	2060.67
200	2060.79
201	2061.25
202	2060.84
203	2061.11
204	2060.92
205	2061.24
206	2060.68
207	2060.79
208	2061.11
209	2060.99
210	2060.77
211	2060.89
212	2060.89
213	2060.82
214	2060.92
215	2060.51
216	2060.79
217	2060.8
218	2060.85
219	2060.63
220	2060.75
221	2060.88
222	2060.39
223	2060.72
224	2060.86
225	2060.82
226	2060.83
227	2060.88
228	2061.11
229	2060.88
230	2061.01
231	2061
232	2060.99
233	2060.96
234	2060.86
235	2060.76
236	2060.77
237	2060.86
238	2060.78
239	2060.83
240	2060.51
241	2060.7
242	2061.06
243	2060.72
244	2060.99
245	2061.02
246	2060.92
247	2060.84
248	2060.81
249	2060.95
250	2060.79
251	2060.99
252	2060.68
253	2060.8
254	2060.82
255	2061.01
256	2060.83
257	2060.91
258	2060.95
259	2060.87
260	2060.85
261	2061.02
262	2060.88
263	2061.01
264	2060.69
265	2060.9
266	2060.92
267	2061.12
268	2060.86
269	2060.95
270	2060.82
271	2060.67
272	2061.01
273	2060.83
274	2061.27
275	2060.8
276	2060.78
277	2060.9
278	2061.25
279	2060.86
280	2061
281	2060.84
282	2060.83
283	2060.87
284	2060.74
285	2060.85
286	2060.97
287	2060.78
288	2060.98
289	2060.73
290	2060.81
291	2060.89
292	2060.93
293	2060.8
294	2060.86
295	2060.84
296	2060.96
297	2060.82
298	2060.8
299	2060.77
300	2060.8
301	2060.75
302	2060.8
303	2060.86
304	2060.75
305	2060.63
306	2060.9
307	2060.8
308	2060.76
309	2060.89
310	2060.89
311	2060.8
312	2060.87
313	2060.9
314	2060.88
315	2060.92
316	2061.01
317	2060.96
318	2060.93
319	2060.82
320	2060.74
321	2060.84
322	2060.93
323	2060.95
324	2060.95
325	2060.94
326	2060.78
327	2060.69
328	2060.8
329	2060.83
330	2060.9
331	2060.84
332	2060.97
333	2060.82
334	2060.87
335	2060.88
336	2060.95
337	2060.97
338	2060.78
339	2060.8
340	2060.76
341	2060.83
342	2060.83
343	2060.94
344	2060.8
345	2060.91
346	2060.68
347	2060.88
348	2060.67
349	2060.74
350	2060.79
351	2060.87
352	2060.84
353	2060.77
354	2060.87
355	2060.82
356	2060.78
357	2060.8
358	2060.81
359	2060.73
360	2060.87
361	2060.94
362	2060.58
363	2060.84
364	2060.82
365	2060.81
366	2060.82
367	2060.9
368	2060.88
369	2060.79
370	2060.79
371	2060.8
372	2060.8
373	2060.92
374	2061.02
375	2060.92
376	2060.75
377	2060.82
378	2060.83
379	2060.88
380	2060.83
381	2060.91
382	2060.81
383	2060.86
384	2060.88
385	2060.95
386	2060.9
387	2060.73
388	2060.85
389	2060.81
390	2060.87
391	2060.88
392	2060.83
393	2060.88
394	2060.79
395	2060.92
396	2060.94
397	2060.75
398	2060.81
399	2060.88
