#Atom       AtomicFlx
 150.000       0.9525
 171.000       0.9964
 195.000       1.1962
 207.000       1.1056
 226.000       1.1017
 251.000       1.2916
 265.000       1.3165
 271.000       1.4961
 286.000       1.1971
 296.000       0.9968
 320.000       1.0302
 332.000       0.9381
 352.000       0.8435
 371.000       0.9260
 388.000       1.0438
 402.000       1.0221
 421.000       1.2647
 432.000       1.3552
 444.000       1.1470
 451.000       0.8374
 463.000       0.9654
 485.000       0.9847
 499.000       0.7497
 515.000       0.7678
 534.000       0.9887
 556.000       0.9567
 571.000       0.9130
 587.000       1.1493
 607.000       1.5267
 629.000       1.6591
 639.000       1.9259
 654.000       2.1456
 660.000       1.9370
 681.000       2.4996
 703.000       2.0785
 717.000       1.6737
 731.000       1.3155
 746.000       1.3937
 761.000       1.1275
 772.000       0.8263
 791.000       1.0695
 801.000       1.0427
 811.000       0.7203
 830.000       0.8926
 852.000       1.1827
 874.000       0.9959
 896.000       0.9172
 915.000       1.0453
 921.000       1.0563
 936.000       0.8018
 955.000       0.6752
 962.000       0.8307
 972.000       0.9175
 994.000       0.7316
1010.000       0.7305
1025.000       0.9414
1047.000       0.9918
1066.000       0.8664
1083.000       0.9255
1093.000       0.9683
1110.000       0.8567
1126.000       0.8777
1148.000       0.8683
1159.000       0.7683
1181.000       0.7723
1200.000       0.9067
1210.000       0.8208
1220.000       0.6799
1239.000       0.8341
1254.000       0.9603
1260.000       0.8643
1275.000       0.6012
1285.000       0.7018
1307.000       0.8794
1314.000       0.6606
1334.000       0.6524
1344.000       0.8726
1359.000       0.8496
1381.000       0.7788
1392.000       1.0149
1411.000       1.1178
1426.000       1.0600
1445.000       1.2092
1455.000       1.4159
1479.000       1.2832
1486.000       0.9706
1505.000       1.1587
1527.000       1.2574
1537.000       1.1987
1561.000       1.2941
1582.000       1.9507
1603.000       2.0693
1617.000       3.2263
1624.000       2.2314
1638.000       1.3484
1661.000       0.9712
1667.000       1.0821
1681.000       1.0873
1703.000       1.1316
1715.000       0.9850
1727.000       0.8375
1746.000       0.9077
1768.000       0.9679
1778.000       0.8787
1789.000       0.7478
1805.000       0.8233
1827.000       0.8584
1842.000       0.6932
1858.000       0.7346
1877.000       0.9036
1899.000       0.7712
1918.000       0.6266
1939.000       0.8761
1961.000       0.9563
1971.000       0.7856
1988.000       0.8499
1999.000       0.8853
2011.000       0.8399
2021.000       0.6330
2028.000       0.5867
2050.000       0.7263
2060.000       0.6324
2072.000       0.5265
2092.000       0.6645
2099.000       0.7575
2121.000       0.6933
2138.000       0.6847
2166.000       0.8013
2172.000       0.8694
2192.000       0.7084
2211.000       0.6420
2221.000       0.7891
2243.000       0.7996
2259.000       0.7542
2279.000       0.9223
