#Atom       AtomicFlx
  92.000       0.5651
 114.000       0.4977
 130.000       0.5737
 142.000       0.5610
 166.000       0.5718
 180.000       0.5360
 195.000       0.5372
 209.000       0.5081
 230.000       0.6944
 245.000       0.6849
 267.000       0.5851
 287.000       0.6817
 304.000       0.7675
 319.000       0.7727
 341.000       0.8957
 358.000       1.0583
 365.000       1.0704
 384.000       1.3645
 398.000       1.3286
 414.000       1.4335
 430.000       1.2066
 452.000       0.9055
 476.000       1.1096
 498.000       1.1168
 517.000       0.8713
 524.000       0.8524
 534.000       0.8325
 551.000       0.6550
 563.000       0.7251
 577.000       0.6344
 596.000       0.6630
 618.000       0.6783
 637.000       0.6465
 651.000       0.6385
 670.000       0.6675
 684.000       0.7175
 701.000       1.0120
 716.000       1.3401
 723.000       1.0918
 737.000       0.6765
 759.000       0.5621
 779.000       0.6463
 793.000       0.6853
 809.000       0.6968
 831.000       0.7314
 846.000       0.7401
 857.000       0.8115
 868.000       1.3109
 882.000       1.8509
 902.000       1.4824
 926.000       1.0643
 940.000       0.9380
 959.000       0.8146
 971.000       0.7286
 987.000       0.6488
1003.000       0.6021
1023.000       0.5679
1038.000       0.5245
1057.000       0.6266
1064.000       0.6581
1080.000       0.7246
1092.000       0.7584
1112.000       0.9159
1122.000       0.8942
1143.000       1.0496
1154.000       1.1833
1173.000       1.8747
1183.000       1.4451
1195.000       2.0090
1202.000       1.2386
1216.000       1.0375
1231.000       0.8941
1250.000       0.7799
1264.000       0.7453
1271.000       0.6180
1285.000       0.5380
1309.000       0.4825
1323.000       0.6803
1340.000       1.0138
1355.000       1.3664
1362.000       1.3056
1376.000       0.6880
1398.000       0.5252
1417.000       0.5408
1433.000       0.7291
1440.000       0.6104
1462.000       0.6787
1482.000       0.9157
1504.000       1.1138
1528.000       1.3066
1544.000       1.6119
1556.000       1.5933
1570.000       1.2353
1577.000       0.9785
1599.000       0.7792
1614.000       0.7030
1633.000       0.5779
1652.000       0.5778
1662.000       0.4803
1678.000       0.5055
1702.000       0.5114
1717.000       0.6449
1736.000       0.9615
1747.000       1.4320
1754.000       0.9691
1768.000       0.5451
1783.000       0.4582
1802.000       0.4639
1821.000       0.4407
1838.000       0.4062
1852.000       0.4704
1873.000       0.5520
1887.000       0.6292
1908.000       0.8803
1923.000       1.2392
1930.000       0.9349
1946.000       0.5715
1961.000       0.4109
1971.000       0.4218
1993.000       0.4281
