Frame	Volume
1	856.16
2	857.447
3	855.659
4	862.235
5	853.512
6	856.645
7	858.048
8	858.212
9	860.593
10	860.597
11	859.357
12	859.386
13	854.511
14	854.316
15	859.249
16	861.287
17	858.266
18	861.356
19	856.15
20	857.992
21	857.077
22	857.794
23	858.051
24	860.303
25	858.571
26	858.578
27	858.769
28	857.371
29	856.756
30	859.144
31	858.023
32	856.286
33	857.285
34	855.541
35	857.073
36	858.086
37	859.33
38	859.743
39	856.49
40	857.659
41	858.714
42	859.447
43	858.509
44	858.878
45	857.17
46	857.493
47	857.925
48	856.621
49	856.144
50	861.285
51	857.532
52	858.71
53	857.394
54	859.858
55	857.15
56	860.013
57	859.275
58	857.493
59	858.608
60	855.444
61	857.642
62	855.968
63	856.15
64	859.576
65	858.517
66	857.191
67	861.621
68	858.191
69	856.703
70	859.269
71	858.389
72	859.208
73	858.323
74	858.665
75	857.332
76	859.367
77	858.466
78	858.566
79	858.201
80	858.117
81	858.931
82	858.713
83	857.448
84	858.339
85	857.312
86	858.964
87	857.289
88	857.976
89	858.114
90	859.156
91	858.785
92	856.921
93	858.654
94	857.262
95	857.63
96	858.247
97	859.501
98	858.053
99	858.432
100	857.682
101	857.892
102	858.145
103	859.404
104	858.488
105	858.143
106	858.047
107	857.675
108	858.285
109	857.815
110	858.274
111	858.24
112	857.828
113	857.614
114	857.777
115	858.274
116	857.933
117	857.971
118	859.908
119	857.313
120	858.167
121	858.363
122	857.721
123	858.907
124	859.683
125	859.209
126	859.533
127	858.024
128	857.985
129	859.882
130	859.829
131	857.647
132	857.376
133	860.055
134	858.025
135	857.72
136	860.339
137	858.622
138	858.202
139	857.795
140	858.143
141	859.653
142	860.186
143	859.789
144	857.674
145	858.228
146	859.642
147	858.221
148	859.434
149	858.933
150	857.653
151	859.259
152	858.521
153	857.998
154	859.718
155	858.699
156	860.246
157	857.651
158	859.629
159	859.456
160	859.46
161	857.841
162	858.423
163	858.323
164	857.969
165	857.986
166	858.177
167	858.051
168	859.049
169	857.783
170	859.352
171	857.736
172	859.499
173	857.82
174	858.69
175	857.639
176	859.762
177	858.008
178	859.555
179	858.625
180	859.124
181	857.698
182	858.027
183	857.565
184	858.009
185	857.685
186	857.944
187	857.769
188	857.683
189	857.947
190	858.44
191	859.014
192	858.067
193	857.629
194	858.421
195	857.963
196	857.477
197	858.455
198	858.326
199	858.08
200	857.583
201	859.07
202	857.969
203	857.973
204	859.576
205	859.729
206	858.604
207	858.332
208	858.345
209	858.132
210	858.018
211	857.689
212	857.965
213	858.497
214	858.129
215	857.538
216	857.688
217	857.698
218	858.396
219	858.053
220	859.224
221	858.282
222	858.248
223	858.755
224	858.138
225	857.829
226	859.409
227	858.752
228	857.716
229	857.81
230	858.222
231	858.025
232	857.573
233	857.152
234	857.791
235	857.915
236	857.482
237	858.164
238	858.482
239	857.831
240	857.781
241	858.126
242	858.513
243	857.629
244	858.555
245	857.977
246	857.909
247	858.744
248	859.918
249	857.642
250	857.902
251	857.805
252	858.652
253	858.089
254	859.201
255	857.729
256	857.848
257	858.594
258	857.822
259	857.653
260	857.8
261	857.78
262	857.542
263	857.838
264	857.86
265	857.896
266	857.739
267	858.004
268	857.824
269	857.776
270	858.417
271	857.675
272	857.933
273	857.798
274	857.729
275	857.739
276	857.826
277	857.713
278	857.884
279	857.819
280	857.617
281	857.768
282	858.378
283	857.655
284	857.773
285	858.429
286	857.888
287	857.929
288	857.797
289	857.875
290	857.817
291	857.851
292	857.716
293	857.713
294	857.834
295	857.929
296	857.844
297	857.83
298	858.413
299	857.969
300	857.748
301	857.788
302	857.778
303	857.714
304	857.919
305	857.764
306	857.824
307	857.78
308	857.678
309	857.916
310	857.766
311	857.874
312	857.914
313	857.825
314	857.728
315	857.839
316	857.842
317	857.748
318	857.723
319	857.825
320	857.774
321	857.911
322	858.45
323	857.787
324	857.819
325	857.862
326	858.352
327	857.7
328	857.924
329	857.574
330	857.737
331	858.254
332	857.779
333	857.864
334	857.826
335	857.774
336	857.876
337	857.892
338	857.541
339	858.351
340	857.841
341	857.737
342	857.743
343	857.92
344	857.796
345	857.694
346	857.707
347	857.858
348	857.836
349	857.982
350	857.751
351	857.81
352	857.86
353	857.934
354	857.829
