Run semi-empirical minimization
 &qmmm
    qm_theory='AM1', grms_tol=0.0005,
 scfconv=1.d-10, ndiis_attempts=700,   qmcharge=0,
 /
   6    C1       18.6430        8.3410        9.1580 
   8    O1       17.4750        8.7270        8.8850 
   8    O2       19.4720        8.9600        9.8570 
   6    C2       18.9930        6.9740        8.5320 
   6    C3       19.9660        6.1440        9.3720 
   6    C4       21.3620        6.1440        8.7110 
   6    C5       21.8450        7.5610        8.3830 
   6    C6       22.5010        8.2400        9.5930 
   6    C7       24.0500        8.2470        9.6080 
   6    C8       24.6950        9.4680       10.2780 
   6    C9       24.0710       10.8230        9.8980 
   6    CA       25.0410       11.9970        9.7040 
   6    CB       24.8600       13.0970       10.7730 
   6    CC       24.8580       12.5800       12.2240 
   6    CD       26.0840       11.7170       12.5600 
   6    CE       27.4900       12.2860       12.2980 
   6    CF       28.0950       13.0510       13.4740 
   6    CG       29.5180       12.6390       13.8790 
   1   HG3       29.5250       11.5870       14.1650 
   1   HG2       30.1940       12.7910       13.0380 
   1   HG1       29.8460       13.2460       14.7220 
   1   HF2       28.1010       14.1130       13.2280 
   1   HF1       27.4420       12.9280       14.3380 
   1   HE2       28.1570       11.4650       12.0340 
   1   HE1       27.4440       12.9500       11.4350 
   1   HD2       26.0250       11.4590       13.6170 
   1   HD1       25.9950       10.7870       11.9990 
   1   HC2       24.8220       13.4300       12.9060 
   1   HC1       23.9530       11.9960       12.3940 
   1   HB2       25.6600       13.8290       10.6620 
   1   HB1       23.9220       13.6190       10.5850 
   1   HA2       26.0660       11.6270        9.7380 
   1   HA1       24.8910       12.4280        8.7140 
   1   H92       23.5070       10.6910        8.9750 
   1   H91       23.3550       11.0970       10.6730 
   1   H82       24.6320        9.3460       11.3590 
   1   H81       25.7540        9.4880       10.0210 
   1   H72       24.3960        7.3480       10.1190 
   1   H71       24.4070        8.1870        8.5800 
   1   H62       22.1520        9.2720        9.6400 
   1   H61       22.1500        7.7440       10.4980 
   1   H52       22.5580        7.5190        7.5600 
   1   H51       21.0010        8.1620        8.0430 
   1   H42       22.0780        5.6630        9.3770 
   1   H41       21.3300        5.5520        7.7960 
   1   H32       20.0310        6.5540       10.3800 
   1   H31       19.5990        5.1220        9.4660 
   1   H22       18.0750        6.4050        8.3870 
   1   H21       19.4260        7.1360        7.5450 
   1     H       16.8680        8.4710        9.6100 

