       0.000           0.0000
       1.000         327.1504
       2.000         637.8864
       3.000         966.4439
       4.000        1284.5553
       5.000        1635.7333
       6.000        1946.7570
       7.000        2236.7065
       8.000        2554.7002
       9.000        2902.9646
      10.000        3186.4087
      11.000        3572.0242
      12.000        3893.8291
      13.000        4178.0000
      14.000        4527.9307
      15.000        4818.5913
      16.000        5222.9487
      17.000        5475.7803
      18.000        5784.6050
      19.000        6089.1313
      20.000        6460.4756
      21.000        6656.6973
      22.000        6829.4004
      23.000        6972.6338
      24.000        7154.1030
      25.000        7294.3521
      26.000        7493.3179
      27.000        7619.6143
      28.000        7798.0244
      29.000        7985.4233
      30.000        8114.4956
      31.000        8207.1279
      32.000        8544.0781
      33.000        8654.3027
      34.000        8782.6133
      35.000        8990.6494
      36.000        9124.9297
      37.000        9273.0244
      38.000        9373.6787
      39.000        9604.3535
      40.000        9771.1465
      41.000        9679.0000
      42.000        9673.4570
      43.000        9726.4492
      44.000        9713.5908
      45.000        9682.3174
      46.000        9757.4521
      47.000        9887.2568
      48.000        9856.7275
      49.000        9905.4951
      50.000        9935.1104
      51.000        9769.7197
      52.000        9766.2227
      53.000        9781.1836
      54.000        9774.3760
      55.000        9679.0518
      56.000        9690.4395
      57.000        9810.1260
      58.000        9748.0898
      59.000        9842.6182
      60.000        9756.8320
      61.000        9762.8213
      62.000        9850.7988
      63.000        9787.6338
      64.000        9838.5166
      65.000        9884.3369
      66.000        9798.2236
      67.000        9629.3740
      68.000        9913.0273
      69.000        9821.0156
      70.000        9777.1719
      71.000        9878.2793
      72.000        9838.1367
      73.000        9701.7842
      74.000        9784.2500
      75.000        9818.4619
      76.000        9836.6689
      77.000        9894.7715
      78.000        9839.0801
      79.000        9806.7158
      80.000        9842.6689
      81.000        9669.8232
      82.000        9818.3984
      83.000        9861.3613
      84.000        9803.2520
      85.000        9708.1250
      86.000        9594.1230
      87.000        9640.0645
      88.000        9790.6006
      89.000        9731.4346
      90.000        9873.6787
      91.000        9915.6904
      92.000        9710.7178
      93.000        9774.1709
      94.000        9627.5322
      95.000        9803.6367
      96.000        9992.3447
      97.000        9858.1895
      98.000        9881.2832
      99.000        9686.2168
     100.000        9741.6221
     101.000        9763.4277
     102.000        9756.6025
     103.000        9956.9219
     104.000        9794.1123
     105.000        9826.8535
     106.000        9741.5918
     107.000        9789.2363
     108.000        9802.8682
     109.000        9770.0664
     110.000        9786.0049
     111.000        9815.3369
     112.000        9668.6426
     113.000        9867.9658
     114.000        9811.9375
     115.000        9653.3369
     116.000        9655.4463
     117.000        9939.7051
     118.000        9747.4395
     119.000        9706.4150
     120.000        9766.3555
     121.000        9758.2939
     122.000        9722.1377
     123.000        9667.7402
     124.000        9683.3311
     125.000        9773.9102
     126.000        9849.9678
     127.000        9819.3105
     128.000        9766.5791
     129.000        9697.6211
     130.000        9853.1357
     131.000        9718.8848
     132.000        9902.6016
     133.000        9731.6045
     134.000        9758.3203
     135.000        9711.0605
     136.000        9711.4746
     137.000        9575.0254
     138.000        9638.2812
     139.000        9739.9941
     140.000        9853.5586
