       0.000      -65255.3276
       1.000      -57115.3151
       2.000      -57264.4683
       3.000      -57321.9264
       4.000      -57287.5010
       5.000      -57221.9412
       6.000      -57152.6900
       7.000      -57081.1073
       8.000      -56974.7582
       9.000      -56889.6626
      10.000      -56799.8912
      11.000      -56652.1345
      12.000      -56520.1304
      13.000      -56405.3748
      14.000      -56324.3822
      15.000      -56185.4034
      16.000      -56052.5271
      17.000      -55949.3090
      18.000      -55816.1161
      19.000      -55655.7149
      20.000      -55570.1653
      21.000      -55549.1333
      22.000      -55390.7266
      23.000      -55426.2458
      24.000      -55343.4061
      25.000      -55320.0447
      26.000      -55274.0688
      27.000      -55242.2065
      28.000      -55198.6357
      29.000      -55108.2969
      30.000      -55001.0219
      31.000      -54939.2311
      32.000      -54849.7079
      33.000      -54813.5666
      34.000      -54782.4549
      35.000      -54693.3918
      36.000      -54598.7219
      37.000      -54610.2273
      38.000      -54550.8597
      39.000      -54421.4422
      40.000      -54319.6456
      41.000      -54317.0467
      42.000      -54186.9583
      43.000      -54124.6624
      44.000      -54135.1711
      45.000      -54008.8183
      46.000      -53841.8084
      47.000      -53691.6667
      48.000      -53755.2934
      49.000      -53605.9457
      50.000      -53490.0362
      51.000      -53359.5310
      52.000      -53224.3339
      53.000      -53164.3452
      54.000      -53102.0243
      55.000      -52956.6401
      56.000      -52802.2632
      57.000      -52697.8020
      58.000      -52658.0364
      59.000      -52473.8605
      60.000      -52400.9813
      61.000      -52368.4452
      62.000      -52284.2511
      63.000      -52111.0294
      64.000      -52086.7514
      65.000      -51938.3705
      66.000      -51953.2490
      67.000      -51943.3887
      68.000      -51864.9196
      69.000      -51647.9876
      70.000      -51633.8736
      71.000      -51708.3351
      72.000      -51658.2687
      73.000      -51431.4539
      74.000      -51525.7780
      75.000      -51508.5819
      76.000      -51302.6506
      77.000      -51206.1388
      78.000      -51099.3906
      79.000      -50933.1289
      80.000      -50968.7005
      81.000      -50853.6225
      82.000      -50773.8783
      83.000      -50765.1746
      84.000      -50651.6578
      85.000      -50562.2474
      86.000      -50520.8902
      87.000      -50329.3390
      88.000      -50184.1125
      89.000      -50225.6400
      90.000      -50197.1052
      91.000      -50075.7344
      92.000      -50000.2922
      93.000      -49850.0002
      94.000      -50006.5997
      95.000      -49759.5218
      96.000      -49698.5312
      97.000      -49639.2724
      98.000      -49423.9756
      99.000      -49252.3569
     100.000      -49225.4335
     101.000      -49171.9433
     102.000      -49122.5339
     103.000      -49009.3999
     104.000      -48867.9344
     105.000      -48653.9396
     106.000      -48708.5212
     107.000      -48487.9894
     108.000      -48604.0316
     109.000      -48254.5526
     110.000      -48277.6566
     111.000      -48225.0603
     112.000      -48264.4141
     113.000      -48223.9712
     114.000      -48137.7907
     115.000      -48209.5611
     116.000      -48051.2015
     117.000      -48003.6541
     118.000      -47854.1677
     119.000      -47821.4733
     120.000      -47643.8319
     121.000      -47635.3781
     122.000      -47568.3505
     123.000      -47564.0575
     124.000      -47341.1668
     125.000      -47339.0901
     126.000      -47151.7500
     127.000      -47150.2315
     128.000      -47098.1831
     129.000      -46975.4944
     130.000      -47018.3448
     131.000      -46881.6154
     132.000      -46884.2788
     133.000      -46759.8224
     134.000      -46439.0706
     135.000      -46524.5994
     136.000      -46402.7227
     137.000      -46189.4031
     138.000      -46301.2096
     139.000      -46275.8123
     140.000      -46151.7723
     141.000      -46077.9699
     142.000      -46053.6616
     143.000      -46196.3724
     144.000      -46057.2106
     145.000      -46075.8368
     146.000      -46143.6879
     147.000      -46182.7022
     148.000      -45924.9099
     149.000      -46089.2976
     150.000      -46056.2654
     151.000      -46066.1013
     152.000      -46005.8168
     153.000      -46126.4520
     154.000      -46068.9727
     155.000      -46063.0599
     156.000      -46054.2432
     157.000      -46083.7556
     158.000      -46044.0185
     159.000      -46169.4223
     160.000      -46142.5940
     161.000      -46070.4556
     162.000      -45908.3709
     163.000      -45938.9563
     164.000      -46215.9187
     165.000      -46016.1666
     166.000      -46045.5430
     167.000      -46266.7494
     168.000      -45921.2079
     169.000      -46077.8623
     170.000      -46236.8215
     171.000      -45938.7440
     172.000      -46133.4986
     173.000      -46063.1502
     174.000      -46077.1507
     175.000      -46099.9590
     176.000      -46062.3438
     177.000      -46161.4661
     178.000      -46116.6780
     179.000      -46143.1658
     180.000      -46241.0804
     181.000      -46020.1792
     182.000      -46092.5086
     183.000      -46074.8721
     184.000      -46143.9327
     185.000      -46118.2723
     186.000      -46282.6476
     187.000      -46116.4065
     188.000      -46133.2205
     189.000      -46052.4752
     190.000      -46016.7402
     191.000      -46204.8240
     192.000      -46198.7145
     193.000      -46336.2849
     194.000      -46280.6877
     195.000      -46320.5089
     196.000      -46057.8075
     197.000      -46092.8585
     198.000      -46131.5302
     199.000      -46176.0072
     200.000      -46403.8441
     201.000      -46091.3869
     202.000      -46335.2119
     203.000      -46158.3709
     204.000      -46335.4800
     205.000      -46302.5738
     206.000      -46285.1248
     207.000      -46338.1398
     208.000      -46118.5261
     209.000      -46129.2877
     210.000      -46226.2776
     211.000      -46359.7606
     212.000      -46282.1064
     213.000      -46272.2349
     214.000      -46343.9697
     215.000      -46324.6768
     216.000      -46127.1614
     217.000      -46202.5620
     218.000      -46289.3088
     219.000      -46321.6413
     220.000      -46397.3315
     221.000      -46348.1966
     222.000      -46391.2236
     223.000      -46067.9809
     224.000      -46271.4207
     225.000      -46159.6106
     226.000      -46253.6743
     227.000      -46401.5154
     228.000      -46251.7131
     229.000      -46377.5824
     230.000      -46341.3962
     231.000      -46310.7995
     232.000      -46202.5101
     233.000      -46254.2119
     234.000      -46298.2172
     235.000      -46366.6723
     236.000      -46329.6349
     237.000      -46228.6429
     238.000      -46200.3660
     239.000      -46353.1353
     240.000      -46368.4980
     241.000      -46454.6412
     242.000      -46333.3798
     243.000      -46329.4792
     244.000      -46206.4641
     245.000      -46281.4071
     246.000      -46501.1891
     247.000      -46272.3959
     248.000      -46527.4837
     249.000      -46282.9297
     250.000      -46332.3592
     251.000      -46394.8476
     252.000      -46539.1597
     253.000      -46568.9351
     254.000      -46417.9710
     255.000      -46417.8194
     256.000      -46503.7911
     257.000      -46336.9390
     258.000      -46217.8901
     259.000      -46406.5958
     260.000      -46340.7463
     261.000      -46328.2817
     262.000      -46475.2932
     263.000      -46446.7408
     264.000      -46205.4873
     265.000      -46344.3508
     266.000      -46323.7554
     267.000      -46281.0196
     268.000      -46551.7076
     269.000      -46307.4484
     270.000      -46378.8934
     271.000      -46197.8570
     272.000      -46235.4135
     273.000      -46385.1040
     274.000      -46132.7562
     275.000      -46163.4664
     276.000      -46353.0801
     277.000      -46553.5782
     278.000      -46351.6493
     279.000      -46573.2808
     280.000      -46441.0581
     281.000      -46450.6864
     282.000      -46399.1493
     283.000      -46419.0580
     284.000      -46393.3930
     285.000      -46562.8034
     286.000      -46284.2720
     287.000      -46386.5365
     288.000      -46345.4669
     289.000      -46435.2631
     290.000      -46297.0386
     291.000      -46414.6350
     292.000      -46454.1330
     293.000      -46493.8710
     294.000      -46498.9537
     295.000      -46462.9464
     296.000      -46298.2193
     297.000      -46397.5411
     298.000      -46356.1841
     299.000      -46333.1109
     300.000      -46319.4413
     301.000      -46443.0605
     302.000      -46318.4724
     303.000      -46349.1902
     304.000      -46281.5697
     305.000      -46259.4886
     306.000      -46393.2665
     307.000      -46524.8028
     308.000      -46356.2987
     309.000      -46339.9778
     310.000      -46434.8722
     311.000      -46502.4648
     312.000      -46391.0751
     313.000      -46308.7803
     314.000      -46150.3987
     315.000      -46245.0737
     316.000      -46349.8637
     317.000      -46195.2766
     318.000      -46096.5467
     319.000      -46284.3191
     320.000      -46279.4687
     321.000      -46336.3803
     322.000      -46334.6035
     323.000      -46123.9161
     324.000      -46423.3262
     325.000      -46362.9482
     326.000      -46290.4522
     327.000      -46302.9367
     328.000      -46170.1404
     329.000      -46027.2527
     330.000      -46270.4208
     331.000      -46235.0956
     332.000      -46519.0364
     333.000      -46523.4305
     334.000      -46272.1662
     335.000      -46378.5175
     336.000      -46114.4940
     337.000      -46092.9788
     338.000      -46322.5130
     339.000      -46294.9419
     340.000      -46265.8712
     341.000      -46374.0912
     342.000      -46543.5944
     343.000      -46422.0540
     344.000      -46369.1644
     345.000      -46346.8995
     346.000      -46360.5241
     347.000      -46372.1144
     348.000      -46430.5113
     349.000      -46392.7488
     350.000      -46397.2269
     351.000      -46428.3903
     352.000      -46450.0668
     353.000      -46494.9101
     354.000      -46321.8902
     355.000      -46438.1711
     356.000      -46302.1046
     357.000      -46248.7847
     358.000      -46391.5315
     359.000      -46246.1142
     360.000      -46468.0794
     361.000      -46428.7006
     362.000      -46145.2397
     363.000      -46343.8534
     364.000      -46614.0138
     365.000      -46538.5263
     366.000      -46526.7774
     367.000      -46468.6305
     368.000      -46366.3856
     369.000      -46191.8807
     370.000      -46316.0584
     371.000      -46365.6599
     372.000      -46402.8560
     373.000      -46408.4042
     374.000      -46386.3957
     375.000      -46360.0884
     376.000      -46548.9381
     377.000      -46422.9318
     378.000      -46399.0995
     379.000      -46316.7868
     380.000      -46303.2715
     381.000      -46213.3309
     382.000      -46127.1695
     383.000      -46256.4503
     384.000      -46643.1926
     385.000      -46478.4848
     386.000      -46380.3850
     387.000      -46204.5553
     388.000      -46353.8611
     389.000      -46384.9984
     390.000      -46343.2169
     391.000      -46299.5629
     392.000      -46328.1313
     393.000      -46575.4771
     394.000      -46430.7177
     395.000      -46343.8774
     396.000      -46186.0542
     397.000      -46394.8882
     398.000      -46393.4407
     399.000      -46429.4011
     400.000      -46201.4658
