       0.000      -63927.0608
       1.000      -56343.4455
       2.000      -56116.7221
       3.000      -55711.3002
       4.000      -55246.9712
       5.000      -54718.4975
       6.000      -54191.0132
       7.000      -53682.9537
       8.000      -53165.9850
       9.000      -52567.6951
      10.000      -51980.6622
      11.000      -51290.3815
      12.000      -50738.8894
      13.000      -50121.2586
      14.000      -49449.3691
      15.000      -48756.3072
      16.000      -48018.9671
      17.000      -47454.9533
      18.000      -46790.9712
      19.000      -46130.2199
      20.000      -45407.6469
      21.000      -44956.2028
      22.000      -44596.6505
      23.000      -44149.0806
      24.000      -43593.7989
      25.000      -43208.6415
      26.000      -42776.5350
      27.000      -42410.5659
      28.000      -41816.5948
      29.000      -41320.2148
      30.000      -40829.3537
      31.000      -40461.4606
      32.000      -39623.3759
      33.000      -39301.9877
      34.000      -38756.1075
      35.000      -38139.8059
      36.000      -37862.1655
      37.000      -37256.5430
      38.000      -36817.0123
      39.000      -36271.4433
      40.000      -35849.7334
      41.000      -35777.8434
      42.000      -35837.5909
      43.000      -35891.7382
      44.000      -35617.7107
      45.000      -35775.2873
      46.000      -35748.2927
      47.000      -35546.2278
      48.000      -35463.0173
      49.000      -35763.6502
      50.000      -35610.4167
      51.000      -35729.8397
      52.000      -35799.0462
      53.000      -35686.0803
      54.000      -35932.3248
      55.000      -35818.6704
      56.000      -35830.2566
      57.000      -35917.8879
      58.000      -35915.1859
      59.000      -35693.0388
      60.000      -35795.8222
      61.000      -35742.8808
      62.000      -35618.8996
      63.000      -35721.4179
      64.000      -35662.0312
      65.000      -35666.2481
      66.000      -35692.6228
      67.000      -35925.9953
      68.000      -35860.8643
      69.000      -35908.8771
      70.000      -35819.2482
      71.000      -35730.2390
      72.000      -35765.7985
      73.000      -35889.8936
      74.000      -35778.3903
      75.000      -35899.2172
      76.000      -35744.7645
      77.000      -35807.5771
      78.000      -35812.6050
      79.000      -35826.7720
      80.000      -35932.1424
      81.000      -36021.6472
      82.000      -35897.6091
      83.000      -36000.4333
      84.000      -35835.0518
      85.000      -35906.9495
      86.000      -36261.2122
      87.000      -36123.4587
      88.000      -35960.9643
      89.000      -36196.0673
      90.000      -36077.1114
      91.000      -35943.0166
      92.000      -35800.3594
      93.000      -35995.8837
      94.000      -35949.0299
      95.000      -36093.6592
      96.000      -35845.4659
      97.000      -35827.7186
      98.000      -35905.5358
      99.000      -36108.0838
     100.000      -36062.9789
     101.000      -35887.0069
     102.000      -36118.3697
     103.000      -35774.9691
     104.000      -36099.6150
     105.000      -35947.0294
     106.000      -35956.5906
     107.000      -36108.8924
     108.000      -36150.1279
     109.000      -36032.4726
     110.000      -36277.1708
     111.000      -35823.5280
     112.000      -36138.6476
     113.000      -36063.6927
     114.000      -35924.6765
     115.000      -36139.4371
     116.000      -36100.7435
     117.000      -35965.1215
     118.000      -36128.4147
     119.000      -36321.5063
     120.000      -36186.0956
     121.000      -36256.9205
     122.000      -36271.0663
     123.000      -36559.0108
     124.000      -36391.6543
     125.000      -36415.6341
     126.000      -36237.7359
     127.000      -36289.2192
     128.000      -36309.9645
     129.000      -36400.0954
     130.000      -36206.8352
     131.000      -36434.9790
     132.000      -36345.1244
     133.000      -36251.3731
     134.000      -36285.8368
     135.000      -36410.2378
     136.000      -36278.7689
     137.000      -36554.2631
     138.000      -36310.6260
     139.000      -36340.4322
     140.000      -36190.4753
