1			-5.5441E+04
5			-5.6473E+04
10			-5.8361E+04
15			-6.0609E+04
20			-6.3356E+04
25			-6.6563E+04
30			-6.6809E+04
35			-7.0668E+04
40			-7.1356E+04
45			-7.1961E+04
50			-7.2869E+04
55			-7.3277E+04
60			-7.3713E+04
65			-7.4116E+04
70			-7.4392E+04
75			-7.4693E+04
80			-7.4959E+04
85			-7.5223E+04
90			-7.5550E+04
95			-7.5641E+04
100			-7.5851E+04
105			-7.6207E+04
110			-7.8063E+04
115			-7.8661E+04
120			-7.8947E+04
125			-7.9546E+04
130			-7.9551E+04
135			-7.9847E+04
140			-8.0200E+04
145			-8.0690E+04
150			-8.0867E+04
155			-8.0871E+04
160			-8.0994E+04
165			-8.1164E+04
170			-8.1431E+04
175			-8.1583E+04
180			-8.1588E+04
185			-8.1729E+04
190			-8.1855E+04
195			-8.2043E+04
200			-8.2132E+04
205			-8.2134E+04
210			-8.2239E+04
215			-8.2346E+04
220			-8.2485E+04
225			-8.2587E+04
230			-8.2591E+04
235			-8.2699E+04
240			-8.2759E+04
245			-8.2938E+04
250			-8.3027E+04
255			-8.3029E+04
260			-8.3154E+04
265			-8.3243E+04
270			-8.3333E+04
275			-8.3404E+04
280			-8.3407E+04
285			-8.3483E+04
290			-8.3530E+04
295			-8.3697E+04
300			-8.3801E+04
305			-8.3803E+04
310			-8.3951E+04
315			-8.4024E+04
320			-8.4087E+04
325			-8.4151E+04
330			-8.4155E+04
335			-8.4216E+04
340			-8.4258E+04
345			-8.4420E+04
350			-8.4573E+04
355			-8.4575E+04
360			-8.4758E+04
365			-8.4824E+04
370			-8.4872E+04
375			-8.4928E+04
380			-8.4932E+04
385			-8.4979E+04
390			-8.5013E+04
395			-8.5098E+04
400			-8.5193E+04
405			-8.5196E+04
410			-8.5286E+04
415			-8.5334E+04
420			-8.5392E+04
425			-8.5419E+04
430			-8.5422E+04
435			-8.5450E+04
440			-8.5481E+04
445			-8.5567E+04
450			-8.5622E+04
455			-8.5624E+04
460			-8.5695E+04
465			-8.5754E+04
470			-8.5787E+04
475			-8.5805E+04
480			-8.5807E+04
485			-8.5830E+04
490			-8.5867E+04
495			-8.5934E+04
500			-8.6024E+04
500			-8.6024E+04
