1			-8.6156E+04
5			-8.6175E+04
10			-8.6218E+04
15			-8.6306E+04
20			-8.6466E+04
25			-8.6537E+04
30			-8.6570E+04
35			-8.6602E+04
40			-8.6630E+04
45			-8.6658E+04
50			-8.6692E+04
55			-8.6704E+04
60			-8.6726E+04
65			-8.6762E+04
70			-8.6780E+04
75			-8.6801E+04
80			-8.6822E+04
85			-8.6841E+04
90			-8.6860E+04
95			-8.6878E+04
100			-8.6892E+04
105			-8.6915E+04
110			-8.7272E+04
115			-8.7414E+04
120			-8.7468E+04
125			-8.7581E+04
130			-8.7583E+04
135			-8.7629E+04
140			-8.7677E+04
145			-8.7760E+04
150			-8.7829E+04
155			-8.7831E+04
160			-8.7863E+04
165			-8.7880E+04
170			-8.7925E+04
175			-8.7957E+04
180			-8.7959E+04
185			-8.7988E+04
190			-8.8013E+04
195			-8.8036E+04
200			-8.8061E+04
205			-8.8063E+04
210			-8.8086E+04
215			-8.8099E+04
220			-8.8134E+04
225			-8.8152E+04
230			-8.8154E+04
235			-8.8178E+04
240			-8.8204E+04
245			-8.8218E+04
250			-8.8255E+04
255			-8.8256E+04
260			-8.8274E+04
265			-8.8287E+04
270			-8.8321E+04
275			-8.8378E+04
280			-8.8380E+04
285			-8.8406E+04
290			-8.8429E+04
295			-8.8445E+04
300			-8.8460E+04
305			-8.8462E+04
310			-8.8479E+04
315			-8.8496E+04
320			-8.8520E+04
325			-8.8557E+04
330			-8.8558E+04
335			-8.8578E+04
340			-8.8604E+04
345			-8.8613E+04
350			-8.8651E+04
355			-8.8652E+04
360			-8.8675E+04
365			-8.8682E+04
370			-8.8713E+04
375			-8.8729E+04
380			-8.8730E+04
385			-8.8754E+04
390			-8.8778E+04
395			-8.8786E+04
400			-8.8820E+04
405			-8.8821E+04
410			-8.8840E+04
415			-8.8848E+04
420			-8.8874E+04
425			-8.8891E+04
430			-8.8893E+04
435			-8.8911E+04
440			-8.8928E+04
445			-8.8943E+04
450			-8.8954E+04
455			-8.8955E+04
460			-8.8968E+04
465			-8.8986E+04
470			-8.9001E+04
475			-8.9026E+04
480			-8.9028E+04
485			-8.9046E+04
490			-8.9069E+04
495			-8.9080E+04
500			-8.9093E+04
500			-8.9093E+04
