0.02007124075529257
0.0035081303563109095
-0.002607178553284186
0.02051529592424933
-0.07505658479000779
0.012977540733068744
0.004989215649613454
-0.0021360866615917165
0.036400609380036426
0.02038304249739394
0.014902946665470035
0.011244000950069213
0.028877429558105256
0.0014446189736503664
0.005017786923201436
-0.011827544945204002
-0.010917926754003087
0.0027031222863782914
0.025996286289197392
0.0023354189087517194
0.010021599872023026
0.10176097286253179
-0.05629945274738069
0.005813468359078001
0.012162157842667429
0.004623176810360288
0.0017677448148661244
-0.028323381613872895
-0.0009062602797320276
-0.00922180497282517
0.06019930095211667
0.03770586336360865
0.02179201164500239
0.0027674916007749593
-0.021019563153680143
-0.010223476139859694
0.008929834194715063
-0.017900829417467252
-0.0036555409495487
-0.006255621095854854
0.015879521494044695
0.02088022131719861
-0.0005244969866473742
-0.007080682157168225
-0.019216542592453603
-0.004448286916924687
0.02062903379380397
0.005590739981316611
-0.01223892723300953
0.00266818059287926
-0.0030431745547978063
0.0019351450943779155
-0.011362104502132007
-0.015617799890067485
-0.01697288696979581
-0.018991755358895728
-0.004616524882637822
0.013690228626736734
0.015518607079121309
-0.004326019792200695
-0.01205155588448364
0.00613668163134942
0.018466879777175184
0.0008817412391067254
-0.016172245830451872
-0.016175779444362413
-0.003351603518952593
0.01007196981686831
-0.0032706362397668253
-0.00031527828148453967
-0.0047779692082945595
0.018542059290927296
0.01930367948680512
-0.009987152761512493
0.008216854707014621
0.013136513779607902
-0.001574148981197995
-0.012275321490002674
-0.0007149844050240029
-0.01261577662976403
-0.0008529592456521024
0.1108215387653263
-0.023786453291765007
-0.08727343654133618
0.015380592579793328
-0.0333721468389926
0.036968664030360844
0.04088599602361432
-0.22656249349622073
-0.04475666987190103
0.010033843204601418
-0.044227854581880506
-0.031600894456114456
-0.05422890247290814
-0.009239412118223978
0.012318872470482002
-0.004840913025113009
-0.02119599024495302
-0.02649163247524431
-0.09258197066709652
-0.16051705283850515
0.11001418349202018
-0.00407861350901352
0.011246082557734101
-0.03786952212810197
-0.003085642130890134
-0.029281643631527847
-0.04493150164004691
-0.020161510115508888
0.0190270122330996
-0.02141265708892803
-0.015403602752825036
0.01829706335864056
-0.013144551630100101
-0.03125215526422808
0.01753773795963442
-0.019360673893951182
0.022106124915090265
0.0251608420789426
0.009266172834167356
-0.11731547176960794
-0.023407059803953696
0.03841540972471534
-0.016731658746757888
-0.014158954748580166
-0.0006973764343357174
-0.06569826788942777
-0.06515025109429305
-0.03308540434199855
-0.037211683528447344
-0.04454252428139232
-0.012175214535777837
-0.03977800695728671
-0.13522396735620978
0.024213774777274304
0.016678850816672402
-0.010433820027178369
-0.003486261417001084
-0.048461744513735056
-0.08223932911116383
-0.12428278659686273
0.01359040825019331
-0.01043859219941106
0.01538181824184365
-0.00956491282358508
-0.01597722645435248
-0.00037414196244976635
-0.005806638669722631
0.007375879150017572
-0.021622364634897737
-0.000867613921227786
-0.01296881574227167
-0.012268711366811682
-0.15002795948461414
0.04610552374523931
-0.2684255816175065
0.013304399935598982
0.041630499399205545
0.0031274145788731974
-0.06802257981990303
-0.0012392958763830777
-0.03903891918708804
0.0165392162255317
0.010348373638472805
0.0010904559590141367
-0.022946815619551236
0.0179631843088138
0.059205295974298265
0.0001894831767236895
-0.022453755871058845
-0.03352447454135838
-0.1633452191085442
0.11654742592971193
0.06424729243819433
-0.014268453571048641
-0.0281959591126419
0.009409343112766137
0.007572035800426688
0.0007438221950620633
0.009020948322465961
0.018266459603528223
0.01010660404911031
0.0180661741742115
-0.005750063774250219
0.009547457439482408
0.008616754209225684
-0.021767650400608823
0.03149783256438979
0.008642533694699998
-0.09091349370110303
0.056609688900757925
-0.029885321918448192
-0.0301526001841881
0.2222233117572315
-0.21596588435832817
-0.020717974093126125
0.018696565389896214
-0.13971976444241263
0.005049929932467221
0.025402360132378243
-0.010196056815052559
0.004560002830137198
-0.010961629485062688
0.015111325577473876
0.007240349203107728
0.004318572662620424
0.0016788349371399786
0.006641350857488441
0.00705386604881877
0.014573785844314131
-0.0077717320300573
0.020225288254904366
0.02678158620598683
-0.04772785519974645
0.0528106221643164
-0.11994719032429015
0.012699832883410714
-0.006010898825182125
-0.003716580341631165
-0.013959038602587905
-0.0014801276670946
0.004857197482981284
0.00046539688918717027
0.019614310018172914
0.0027481162657524605
-0.031150220923623597
0.00953821417698726
0.15377446475924259
0.0018109342037286153
0.012275199089593226
0.004055472798456822
-0.0012752938156172695
0.014345222092521995
0.011207287933545714
-0.012430462609272993
0.0069858686731652615
0.004387517031455248
-0.006271887385848091
-0.007874814007785854
0.01699231258850095
-0.007406789051427885
-0.02060583451897193
-0.0029286705787516685
0.007719415442582159
-0.010771711563666268
0.027501038507186496
0.1878906922495873
0.10789923919014167
-0.2173065220097493
-0.03645353667825888
-0.009471848344043823
0.008705588749774769
0.0043877169751726595
0.03950201536889269
0.037820821201204974
0.005295191658096375
0.014914070590409419
0.010742475182584465
-0.11915760753099613
0.03863363547445584
0.016515689461542856
0.0011374252258633422
-0.0013471137163154493
-0.026819435027596802
-0.002661301075099369
0.0017995102747388378
0.0035059856691873025
-0.006676189512911932
-0.005975922067967357
0.015497777828882823
0.019095650944400352
-0.01527129202086287
-0.007786870059333715
-0.005299870031944984
-0.007831767525307481
-0.007073412086093219
-0.017041127526964402
-0.014654212232192513
-0.010570316213874983
-0.00741520467906102
0.008278683724457152
0.007690398634559898
0.011808911530752348
-0.00845677462817495
-0.00441826324153287
0.1251701732725427
0.12547395686578744
-0.0033273544273280586
0.005649621590285966
-0.024506699635590865
-0.00177264047864506
0.01191058167608882
0.042652063725966805
0.11785975569015465
0.0452784296214355
0.04095132820229496
0.049521715950108194
0.10975512687597552
0.05197372563172693
0.056523722817677
-0.0920067946028422
-0.05795576481219862
0.29807468658421965
0.02614943792532116
-0.027898065449714862
-0.0048564396949285285
0.0071912653655512495
-0.019326160183606726
0.005337439105552355
0.002078379436142444
-0.0022558817316527375
-0.003199941973416141
-0.014194112057149485
0.00518113956005227
-0.005328397095097317
0.02311677038186766
-0.020057819374035567
0.01155040997783575
0.04546432428612649
-0.09201101664843059
0.12379965743149322
0.009537044503168036
0.006409436322651032
-0.0025782565391290783
0.02505721412782021
0.11278802578812648
0.10549854296496883
-0.02014136734968747
0.013580455330356104
-0.009867770596059176
0.1598221284485904
-0.023900129577627223
0.11913182343897913
-0.019562931902236465
0.003346180916334769
-0.011140683713948635
0.06915040734120186
0.03243360787210417
-0.04400845970110576
-0.0045633127509163655
0.0006476824694391084
-0.019403197101856774
0.02682728009300083
-0.0015123430002495128
-0.021098220040956947
-0.004822551487293212
0.0072826482661844955
0.007433212853566168
0.012833955996966791
0.01452016546145759
-0.011546838708019772
0.005307071076868178
0.023847460866477883
0.009028360131435091
0.013979054918687303
-0.01216125845968578
-0.003068197506418681
0.08898724240865205
0.0029879013119412804
0.02311448001258602
