1			-1.2342E+04
5			-1.7974E+04
10			-2.6394E+04
15			-3.2700E+04
20			-3.6827E+04
25			-4.0547E+04
30			-4.3340E+04
35			-4.3968E+04
40			-4.4894E+04
45			-4.5397E+04
50			-4.5876E+04
55			-4.6277E+04
60			-4.6647E+04
65			-4.6887E+04
70			-4.7144E+04
75			-4.7364E+04
80			-4.7672E+04
85			-4.7757E+04
90			-4.8058E+04
95			-4.8207E+04
100			-4.8371E+04
105			-4.8467E+04
110			-4.9968E+04
115			-5.0304E+04
120			-5.0796E+04
125			-5.1074E+04
130			-5.1078E+04
135			-5.1243E+04
140			-5.1725E+04
145			-5.1895E+04
150			-5.2030E+04
155			-5.2033E+04
160			-5.2147E+04
165			-5.2279E+04
170			-5.2480E+04
175			-5.2585E+04
180			-5.2589E+04
185			-5.2681E+04
190			-5.2774E+04
195			-5.2915E+04
200			-5.2991E+04
205			-5.2995E+04
210			-5.3080E+04
215			-5.3201E+04
220			-5.3276E+04
225			-5.3374E+04
230			-5.3378E+04
235			-5.3462E+04
240			-5.3505E+04
245			-5.3626E+04
250			-5.3683E+04
255			-5.3685E+04
260			-5.3751E+04
265			-5.3817E+04
270			-5.3891E+04
275			-5.3942E+04
280			-5.3945E+04
285			-5.4007E+04
290			-5.4052E+04
295			-5.4139E+04
300			-5.4177E+04
305			-5.4179E+04
310			-5.4233E+04
315			-5.4282E+04
320			-5.4348E+04
325			-5.4391E+04
330			-5.4393E+04
335			-5.4448E+04
340			-5.4489E+04
345			-5.4552E+04
350			-5.4584E+04
355			-5.4586E+04
360			-5.4630E+04
365			-5.4668E+04
370			-5.4723E+04
375			-5.4759E+04
380			-5.4762E+04
385			-5.4809E+04
390			-5.4842E+04
395			-5.4892E+04
400			-5.4918E+04
405			-5.4920E+04
410			-5.4956E+04
415			-5.4987E+04
420			-5.5034E+04
425			-5.5064E+04
430			-5.5067E+04
435			-5.5108E+04
440			-5.5136E+04
445			-5.5175E+04
450			-5.5198E+04
455			-5.5200E+04
460			-5.5231E+04
465			-5.5256E+04
470			-5.5296E+04
475			-5.5322E+04
480			-5.5325E+04
485			-5.5360E+04
490			-5.5385E+04
495			-5.5418E+04
500			-5.5437E+04
500			-5.5437E+04
