1			-5.7751E+04
5			-5.7763E+04
10			-5.7794E+04
15			-5.7863E+04
20			-5.8008E+04
25			-5.8086E+04
30			-5.8119E+04
35			-5.8155E+04
40			-5.8187E+04
45			-5.8217E+04
50			-5.8249E+04
55			-5.8288E+04
60			-5.8301E+04
65			-5.8327E+04
70			-5.8369E+04
75			-5.8390E+04
80			-5.8415E+04
85			-5.8438E+04
90			-5.8460E+04
95			-5.8483E+04
100			-5.8504E+04
105			-5.8525E+04
110			-5.8541E+04
115			-5.8561E+04
120			-5.8580E+04
125			-5.8597E+04
130			-5.8614E+04
135			-5.8631E+04
140			-5.8654E+04
145			-5.8662E+04
150			-5.8678E+04
155			-5.8692E+04
160			-5.8717E+04
165			-5.8729E+04
170			-5.8744E+04
175			-5.8758E+04
180			-5.8772E+04
185			-5.8785E+04
190			-5.8799E+04
195			-5.8811E+04
200			-5.8821E+04
205			-5.8828E+04
210			-5.9074E+04
215			-5.9226E+04
220			-5.9321E+04
225			-5.9365E+04
230			-5.9367E+04
235			-5.9398E+04
240			-5.9440E+04
245			-5.9492E+04
250			-5.9523E+04
255			-5.9525E+04
260			-5.9542E+04
265			-5.9569E+04
270			-5.9588E+04
275			-5.9615E+04
280			-5.9617E+04
285			-5.9632E+04
290			-5.9650E+04
295			-5.9668E+04
300			-5.9691E+04
305			-5.9692E+04
310			-5.9707E+04
315			-5.9726E+04
320			-5.9739E+04
325			-5.9759E+04
330			-5.9760E+04
335			-5.9773E+04
340			-5.9788E+04
345			-5.9805E+04
350			-5.9830E+04
355			-5.9832E+04
360			-5.9846E+04
365			-5.9864E+04
370			-5.9874E+04
375			-5.9891E+04
380			-5.9892E+04
385			-5.9905E+04
390			-5.9918E+04
395			-5.9930E+04
400			-5.9946E+04
405			-5.9948E+04
410			-5.9962E+04
415			-5.9978E+04
420			-5.9986E+04
425			-5.9998E+04
430			-5.9999E+04
435			-6.0007E+04
440			-6.0018E+04
445			-6.0032E+04
450			-6.0050E+04
455			-6.0053E+04
460			-6.0071E+04
465			-6.0089E+04
470			-6.0096E+04
475			-6.0103E+04
480			-6.0104E+04
485			-6.0111E+04
490			-6.0121E+04
495			-6.0134E+04
500			-6.0158E+04
505			-6.0159E+04
510			-6.0173E+04
515			-6.0185E+04
520			-6.0192E+04
525			-6.0199E+04
530			-6.0200E+04
535			-6.0206E+04
540			-6.0216E+04
545			-6.0224E+04
550			-6.0239E+04
555			-6.0240E+04
560			-6.0252E+04
565			-6.0263E+04
570			-6.0269E+04
575			-6.0276E+04
580			-6.0278E+04
585			-6.0283E+04
590			-6.0292E+04
595			-6.0300E+04
600			-6.0314E+04
605			-6.0316E+04
610			-6.0328E+04
615			-6.0338E+04
620			-6.0344E+04
625			-6.0350E+04
630			-6.0351E+04
635			-6.0356E+04
640			-6.0364E+04
645			-6.0371E+04
650			-6.0385E+04
655			-6.0387E+04
660			-6.0399E+04
665			-6.0408E+04
670			-6.0413E+04
675			-6.0418E+04
680			-6.0420E+04
685			-6.0425E+04
690			-6.0432E+04
695			-6.0438E+04
700			-6.0449E+04
705			-6.0451E+04
710			-6.0460E+04
715			-6.0467E+04
720			-6.0472E+04
725			-6.0477E+04
730			-6.0479E+04
735			-6.0484E+04
740			-6.0491E+04
745			-6.0495E+04
750			-6.0505E+04
755			-6.0506E+04
760			-6.0515E+04
765			-6.0522E+04
770			-6.0526E+04
775			-6.0531E+04
780			-6.0532E+04
785			-6.0536E+04
790			-6.0543E+04
795			-6.0547E+04
800			-6.0558E+04
805			-6.0559E+04
810			-6.0566E+04
815			-6.0571E+04
820			-6.0576E+04
825			-6.0582E+04
830			-6.0583E+04
835			-6.0589E+04
840			-6.0596E+04
845			-6.0599E+04
850			-6.0609E+04
855			-6.0611E+04
860			-6.0618E+04
865			-6.0622E+04
870			-6.0628E+04
875			-6.0635E+04
880			-6.0637E+04
885			-6.0643E+04
890			-6.0651E+04
895			-6.0654E+04
900			-6.0663E+04
905			-6.0664E+04
910			-6.0671E+04
915			-6.0674E+04
920			-6.0684E+04
925			-6.0705E+04
930			-6.0707E+04
935			-6.0723E+04
940			-6.0737E+04
945			-6.0741E+04
950			-6.0745E+04
955			-6.0746E+04
960			-6.0749E+04
965			-6.0753E+04
970			-6.0766E+04
975			-6.0777E+04
980			-6.0779E+04
985			-6.0789E+04
990			-6.0798E+04
995			-6.0800E+04
1000			-6.0804E+04
1000			-6.0804E+04
