196 467
211 466
404 167
420 171
286 127
305 117
57 502
39 498
211 466
234 466
169 475
196 467
633 465
623 492
277 474
246 474
-2 367
9 342
432 449
413 454
603 395
609 412
58 237
85 225
10 414
-5 379
259 183
214 204
582 302
579 335
101 485
119 487
25 290
34 268
184 483
148 493
148 493
126 490
606 495
576 474
547 139
553 155
25 492
17 458
234 466
259 465
267 466
298 466
380 436
415 380
609 412
633 465
126 490
85 494
377 183
343 172
17 458
10 414
224 474
184 483
553 263
582 302
9 342
22 299
420 171
525 126
343 172
259 183
150 205
221 173
321 119
404 167
85 494
57 502
119 487
169 475
188 218
171 222
230 169
275 140
337 482
277 474
85 225
122 209
413 454
354 478
34 268
48 248
545 172
553 263
298 466
380 436
77 241
23 314
576 474
441 447
122 209
150 205
419 371
377 183
13 396
101 485
579 335
603 395
171 222
77 241
23 314
13 385
-5 379
-2 367
623 492
606 495
415 380
419 371
22 299
25 290
441 447
432 449
538 131
547 139
259 465
267 466
275 140
286 127
354 478
337 482
39 498
25 492
13 385
13 396
525 126
538 131
48 248
58 237
221 173
230 169
214 204
202 213
305 117
321 119
202 213
188 218
553 155
545 172
246 474
224 474
