1			-2.9497E+04
5			-3.1942E+04
10			-3.5538E+04
15			-3.8204E+04
20			-4.0593E+04
25			-4.3292E+04
30			-4.5449E+04
35			-4.6291E+04
40			-4.6564E+04
45			-4.7413E+04
50			-4.7786E+04
55			-4.8165E+04
60			-4.8488E+04
65			-4.8778E+04
70			-4.9016E+04
75			-4.9228E+04
80			-4.9534E+04
85			-4.9613E+04
90			-4.9911E+04
95			-5.0057E+04
100			-5.0219E+04
105			-5.0365E+04
110			-5.0511E+04
115			-5.0647E+04
120			-5.0747E+04
125			-5.0866E+04
130			-5.0974E+04
135			-5.1074E+04
140			-5.1179E+04
145			-5.1315E+04
150			-5.1360E+04
155			-5.1451E+04
160			-5.1596E+04
165			-5.1672E+04
170			-5.1757E+04
175			-5.1841E+04
180			-5.1922E+04
185			-5.2000E+04
190			-5.2077E+04
195			-5.2151E+04
200			-5.2208E+04
205			-5.2250E+04
210			-5.3350E+04
215			-5.3545E+04
220			-5.3894E+04
225			-5.4111E+04
230			-5.4113E+04
235			-5.4258E+04
240			-5.4518E+04
245			-5.4662E+04
250			-5.4755E+04
255			-5.4759E+04
260			-5.4832E+04
265			-5.5011E+04
270			-5.5089E+04
275			-5.5220E+04
280			-5.5225E+04
285			-5.5326E+04
290			-5.5405E+04
295			-5.5497E+04
300			-5.5541E+04
305			-5.5544E+04
310			-5.5584E+04
315			-5.5628E+04
320			-5.5758E+04
325			-5.5866E+04
330			-5.5869E+04
335			-5.5962E+04
340			-5.6063E+04
345			-5.6104E+04
350			-5.6149E+04
355			-5.6152E+04
360			-5.6193E+04
365			-5.6218E+04
370			-5.6329E+04
375			-5.6394E+04
380			-5.6397E+04
385			-5.6468E+04
390			-5.6523E+04
395			-5.6571E+04
400			-5.6596E+04
405			-5.6599E+04
410			-5.6628E+04
415			-5.6654E+04
420			-5.6749E+04
425			-5.6799E+04
430			-5.6802E+04
435			-5.6873E+04
440			-5.6915E+04
445			-5.6955E+04
450			-5.6986E+04
455			-5.6990E+04
460			-5.7019E+04
465			-5.7043E+04
470			-5.7124E+04
475			-5.7178E+04
480			-5.7180E+04
485			-5.7256E+04
490			-5.7293E+04
495			-5.7318E+04
500			-5.7350E+04
505			-5.7355E+04
510			-5.7383E+04
515			-5.7400E+04
520			-5.7444E+04
525			-5.7482E+04
530			-5.7484E+04
535			-5.7527E+04
540			-5.7552E+04
545			-5.7576E+04
550			-5.7592E+04
555			-5.7594E+04
560			-5.7611E+04
565			-5.7628E+04
570			-5.7666E+04
575			-5.7689E+04
580			-5.7691E+04
585			-5.7723E+04
590			-5.7754E+04
595			-5.7766E+04
600			-5.7789E+04
605			-5.7790E+04
610			-5.7802E+04
615			-5.7822E+04
620			-5.7867E+04
625			-5.7920E+04
630			-5.7921E+04
635			-5.7960E+04
640			-5.7978E+04
645			-5.7996E+04
650			-5.8007E+04
655			-5.8009E+04
660			-5.8021E+04
665			-5.8039E+04
670			-5.8062E+04
675			-5.8082E+04
680			-5.8084E+04
685			-5.8111E+04
690			-5.8125E+04
695			-5.8144E+04
700			-5.8153E+04
705			-5.8155E+04
710			-5.8165E+04
715			-5.8183E+04
720			-5.8201E+04
725			-5.8232E+04
730			-5.8233E+04
735			-5.8255E+04
740			-5.8271E+04
745			-5.8281E+04
750			-5.8297E+04
755			-5.8299E+04
760			-5.8306E+04
765			-5.8327E+04
770			-5.8341E+04
775			-5.8379E+04
780			-5.8381E+04
785			-5.8413E+04
790			-5.8427E+04
795			-5.8439E+04
800			-5.8445E+04
805			-5.8447E+04
810			-5.8453E+04
815			-5.8471E+04
820			-5.8481E+04
825			-5.8514E+04
830			-5.8516E+04
835			-5.8539E+04
840			-5.8550E+04
845			-5.8562E+04
850			-5.8566E+04
855			-5.8568E+04
860			-5.8574E+04
865			-5.8588E+04
870			-5.8598E+04
875			-5.8627E+04
880			-5.8629E+04
885			-5.8648E+04
890			-5.8657E+04
895			-5.8668E+04
900			-5.8672E+04
905			-5.8673E+04
910			-5.8679E+04
915			-5.8691E+04
920			-5.8701E+04
925			-5.8730E+04
930			-5.8732E+04
935			-5.8751E+04
940			-5.8758E+04
945			-5.8769E+04
950			-5.8772E+04
955			-5.8774E+04
960			-5.8779E+04
965			-5.8790E+04
970			-5.8798E+04
975			-5.8830E+04
980			-5.8831E+04
985			-5.8850E+04
990			-5.8856E+04
995			-5.8866E+04
1000			-5.8869E+04
1000			-5.8869E+04
