1			-5.9158E+04
5			-5.9165E+04
10			-5.9185E+04
15			-5.9228E+04
20			-5.9281E+04
25			-5.9297E+04
30			-5.9321E+04
35			-5.9329E+04
40			-5.9344E+04
45			-5.9369E+04
50			-5.9382E+04
55			-5.9396E+04
60			-5.9408E+04
65			-5.9421E+04
70			-5.9433E+04
75			-5.9441E+04
80			-5.9452E+04
85			-5.9461E+04
90			-5.9470E+04
95			-5.9479E+04
100			-5.9491E+04
105			-5.9495E+04
110			-5.9503E+04
115			-5.9516E+04
120			-5.9523E+04
125			-5.9531E+04
130			-5.9538E+04
135			-5.9545E+04
140			-5.9552E+04
145			-5.9559E+04
150			-5.9566E+04
155			-5.9571E+04
160			-5.9578E+04
165			-5.9584E+04
170			-5.9590E+04
175			-5.9595E+04
180			-5.9601E+04
185			-5.9607E+04
190			-5.9614E+04
195			-5.9617E+04
200			-5.9622E+04
205			-5.9685E+04
210			-5.9798E+04
215			-5.9845E+04
220			-5.9866E+04
225			-5.9907E+04
230			-5.9910E+04
235			-5.9929E+04
240			-5.9960E+04
245			-5.9980E+04
250			-6.0014E+04
255			-6.0015E+04
260			-6.0026E+04
265			-6.0039E+04
270			-6.0049E+04
275			-6.0065E+04
280			-6.0066E+04
285			-6.0074E+04
290			-6.0082E+04
295			-6.0094E+04
300			-6.0108E+04
305			-6.0110E+04
310			-6.0120E+04
315			-6.0130E+04
320			-6.0136E+04
325			-6.0145E+04
330			-6.0146E+04
335			-6.0152E+04
340			-6.0161E+04
345			-6.0166E+04
350			-6.0179E+04
355			-6.0180E+04
360			-6.0189E+04
365			-6.0195E+04
370			-6.0202E+04
375			-6.0211E+04
380			-6.0213E+04
385			-6.0222E+04
390			-6.0232E+04
395			-6.0236E+04
400			-6.0252E+04
405			-6.0254E+04
410			-6.0265E+04
415			-6.0271E+04
420			-6.0280E+04
425			-6.0283E+04
430			-6.0285E+04
435			-6.0288E+04
440			-6.0294E+04
445			-6.0307E+04
450			-6.0327E+04
455			-6.0329E+04
460			-6.0344E+04
465			-6.0354E+04
470			-6.0356E+04
475			-6.0362E+04
480			-6.0363E+04
485			-6.0368E+04
490			-6.0374E+04
495			-6.0378E+04
500			-6.0386E+04
505			-6.0387E+04
510			-6.0393E+04
515			-6.0400E+04
520			-6.0403E+04
525			-6.0410E+04
530			-6.0411E+04
535			-6.0417E+04
540			-6.0423E+04
545			-6.0427E+04
550			-6.0434E+04
555			-6.0435E+04
560			-6.0440E+04
565			-6.0446E+04
570			-6.0450E+04
575			-6.0457E+04
580			-6.0458E+04
585			-6.0464E+04
590			-6.0470E+04
595			-6.0474E+04
600			-6.0479E+04
605			-6.0480E+04
610			-6.0485E+04
615			-6.0492E+04
620			-6.0494E+04
625			-6.0501E+04
630			-6.0502E+04
635			-6.0507E+04
640			-6.0511E+04
645			-6.0517E+04
650			-6.0523E+04
655			-6.0525E+04
660			-6.0529E+04
665			-6.0535E+04
670			-6.0537E+04
675			-6.0544E+04
680			-6.0546E+04
685			-6.0552E+04
690			-6.0556E+04
695			-6.0560E+04
700			-6.0564E+04
705			-6.0565E+04
710			-6.0568E+04
715			-6.0574E+04
720			-6.0576E+04
725			-6.0584E+04
730			-6.0586E+04
735			-6.0591E+04
740			-6.0595E+04
745			-6.0599E+04
750			-6.0602E+04
755			-6.0603E+04
760			-6.0606E+04
765			-6.0611E+04
770			-6.0614E+04
775			-6.0621E+04
780			-6.0623E+04
785			-6.0629E+04
790			-6.0632E+04
795			-6.0636E+04
800			-6.0640E+04
805			-6.0641E+04
810			-6.0646E+04
815			-6.0652E+04
820			-6.0654E+04
825			-6.0664E+04
830			-6.0665E+04
835			-6.0672E+04
840			-6.0675E+04
845			-6.0681E+04
850			-6.0685E+04
855			-6.0686E+04
860			-6.0689E+04
865			-6.0695E+04
870			-6.0697E+04
875			-6.0705E+04
880			-6.0706E+04
885			-6.0712E+04
890			-6.0715E+04
895			-6.0720E+04
900			-6.0725E+04
905			-6.0726E+04
910			-6.0730E+04
915			-6.0735E+04
920			-6.0737E+04
925			-6.0744E+04
930			-6.0746E+04
935			-6.0750E+04
940			-6.0754E+04
945			-6.0758E+04
950			-6.0762E+04
955			-6.0763E+04
960			-6.0765E+04
965			-6.0771E+04
970			-6.0773E+04
975			-6.0778E+04
980			-6.0780E+04
985			-6.0784E+04
990			-6.0787E+04
995			-6.0791E+04
1000			-6.0794E+04
1000			-6.0794E+04
