1	487.075
2	646.007
3	584.127
4	564.598
5	575.319
6	555.464
7	559.123
8	592.795
9	456.849
10	543.944
11	519.753
12	664.409
13	683.342
14	841.135
15	922.183
16	815.767
17	1165.98
18	922.22
19	839.447
20	693.01
21	683.696
22	859.655
23	958.108
24	887.501
25	1030.08
26	915.738
27	858.92
28	798.052
29	1110.96
30	966.422
31	1144.82
32	1165.78
33	1006.93
34	775.819
35	671.108
36	828.81
37	675.323
38	622.038
39	831.654
40	776.41
41	894.197
42	849.22
43	927.775
44	821.993
45	622.384
46	393.044
47	555.731
48	615.593
49	614.157
50	524.751
51	716.432
52	584.486
53	535.354
54	725.82
55	523.906
56	565.772
57	592.033
58	634.083
59	593.248
60	599.529
61	547.672
62	579.189
63	592.517
64	712.95
65	843.303
66	848.388
67	477.536
68	554.805
69	760.115
70	704.658
71	607.66
72	510.786
73	629.006
74	677.576
75	548.613
76	586.042
77	615.545
78	683.321
79	797.009
80	727.842
81	801.569
82	825.396
83	620.921
84	784.305
85	719.772
86	747.504
87	602.739
88	775.608
89	594.994
90	600.327
91	658.099
92	719.985
93	686.894
94	552.465
95	484.545
96	538.957
97	674.282
98	466.11
99	657.675
100	550.568
101	576.686
102	629.994
103	593.702
104	653.504
105	521.94
106	646.573
107	645.568
108	550.306
109	642.848
110	600.644
111	565.435
112	473.558
113	514.62
114	387.969
115	453.782
116	637.122
117	566.656
118	734.575
119	626.423
120	631.631
121	554.701
122	597.604
123	542.817
124	556.167
125	419.904
126	553.456
127	535.145
128	636.975
129	411.642
130	482.032
131	414.609
132	621.371
133	531.296
134	630.389
135	516.254
136	552.484
137	480.863
138	433.18
139	577.765
140	650.895
141	505.26
142	590.142
143	574.227
144	406.102
145	411.451
146	466.131
147	521.945
148	593.904
149	616.379
150	662.292
151	635.574
152	707.289
153	565.373
154	611.702
155	697.361
156	592.428
157	570.516
158	554.405
159	603.491
160	445.343
161	627.927
162	507.764
163	622.841
164	568.856
165	572.496
166	433.607
167	476.66
168	657.076
169	668.848
170	621.87
171	703.481
172	617.057
173	544.314
174	693.09
175	794.651
176	834.18
177	600.884
178	576.871
179	686.36
180	700.693
181	605.351
182	635.325
183	553.639
184	572.991
185	532.232
186	568.974
187	553.566
188	705.138
189	483.145
190	501.476
191	544.429
192	631.017
193	567.324
194	680.952
195	483.639
196	653.356
197	639.268
198	664.201
199	511.896
200	575.445
201	480.425
202	680.28
203	642.648
204	561.279
205	569.477
206	529.857
207	654.192
208	464.543
209	592.268
210	765.152
211	686.375
212	869.147
213	639.454
214	599.956
215	714.46
216	660.381
217	709.706
218	633.358
219	762.941
220	680.232
221	717.548
222	816.475
223	556.297
224	646.091
225	606.951
226	667.057
227	661.002
228	654.287
229	525.271
230	772.661
231	903.665
232	530.828
233	602.386
234	503.89
235	643.957
236	807.394
237	807.34
238	538.752
239	666.996
240	460.345
241	499.427
242	596.313
243	531.763
244	520.377
245	672.312
246	569.376
247	589.91
248	629.595
249	679.689
250	618.077
251	678.618
252	674.398
253	627.282
254	512.795
255	578.98
256	553.574
257	477.8
258	598.352
259	687.389
260	513.102
261	699.371
262	667.412
263	504.252
264	436.613
265	473.524
266	431.972
267	586.38
268	790.164
269	509.446
270	610.109
271	699.665
272	694.58
273	555.821
274	495.098
275	509.722
276	468.111
277	678.314
278	499.157
279	571.409
280	614.369
281	561.497
282	589.336
283	583.382
284	624.621
285	491.55
286	581.406
287	502.57
288	726.353
289	557.311
290	656.861
291	666.659
292	576.191
293	620.31
294	588.017
295	643.527
296	605.825
297	624.898
298	652.985
299	602.644
300	581.303
301	475.817
302	636.249
303	669.985
304	658.789
305	569.866
306	728.046
307	482.164
308	559.204
309	478.861
310	521.179
311	555.268
312	495.472
313	422.33
314	580.784
315	459.68
316	550.392
317	503.596
318	437.396
319	443.046
320	562.718
321	545.012
322	620.916
323	583.059
324	534.519
325	514.082
326	696.247
327	614.421
328	581.696
329	622.688
330	464.343
331	615.947
332	525.182
333	574.354
334	634.407
335	493.552
336	509.148
337	697.163
338	755.127
339	765.601
340	769.751
341	825.593
342	568.386
343	511.137
344	790.805
345	733.148
346	669.326
347	755.638
348	782.881
349	663.479
350	803.817
351	485.777
352	693.264
353	924.073
354	674.127
355	737.073
356	548.421
357	591.972
358	777.752
359	707.38
360	606.689
361	722.642
362	540.187
363	572.319
364	543.407
365	589.902
366	774.242
367	602.113
368	594.37
369	642.105
370	579.726
371	687.976
372	608.048
373	699.528
374	481.514
375	670.893
376	471.466
377	484.505
378	519.973
379	483.741
380	496.859
381	530.313
382	574.646
383	591.812
384	522.914
385	615.846
386	483.377
387	545.892
388	367.231
389	514.19
390	475.906
391	523.078
392	378.807
393	431.122
394	480.092
395	480.773
396	596.686
397	357.215
398	554.532
399	546.3
400	370.161
401	423.574
402	469.034
403	486.336
404	649.766
405	489.401
406	544.952
407	543.518
408	511.631
409	605.227
410	617.016
411	635.721
412	614.264
413	728.85
414	525.677
415	556.748
416	516.873
417	691.751
418	560.028
419	768.608
420	614.174
421	370.615
422	469.633
423	465.965
424	585.167
425	503.67
426	484.439
427	454.388
428	568.424
429	604.764
430	661.667
431	639.14
432	567.734
433	576.774
434	557.602
435	419.764
436	684.177
437	654.543
438	479.183
439	512.031
440	504.693
441	547.004
442	466.131
443	612.516
444	618.805
445	682.838
446	678.634
447	654.633
448	621.558
449	634.416
450	646.195
451	605.654
452	674.46
453	560.18
454	821.116
455	828.157
456	884.511
457	782.814
458	867.166
459	709.607
460	697.846
461	646.099
462	557.657
463	650.077
464	668.15
465	846.094
466	713.698
467	859.222
468	920.108
469	840.451
470	813.42
471	694.74
472	810.092
473	811.881
474	738.147
475	789.574
476	822.768
477	777.717
478	807.015
479	824.239
480	916.673
481	783.457
482	877.402
483	831.074
484	803.053
485	672.283
486	1013.52
487	878.622
488	771.864
489	781.512
490	660.33
491	683.904
492	923.912
493	708.394
494	975.884
495	1129.68
496	639.614
497	551.196
498	592.81
499	653.572
500	610.891
501	574.907
502	753.75
503	736.042
504	699.681
505	711.043
506	731.332
507	637.211
508	800.733
509	707.857
510	549.097
511	734.116
512	597.218
513	780.079
514	928.243
515	471.236
516	655.143
517	449.906
518	697.494
519	531.7
520	632.041
521	705.07
522	589.035
523	588.729
524	470.502
525	596.446
526	564.91
527	608.88
528	576.13
529	634.472
530	582.216
531	619.399
532	709.727
533	618.184
534	710.232
535	653.581
536	739.819
537	713.726
538	700.918
539	685.626
540	750.954
541	554.834
542	735.245
543	671.953
544	615.809
545	740.716
546	589.918
547	582.786
548	651.296
549	524.252
550	675.21
551	717.295
552	634.853
553	689.363
554	702.309
555	659.056
556	655.158
557	709.625
558	709.893
559	537.42
560	743.729
561	618.367
562	716.441
563	729.938
564	600.287
565	643.112
566	569.633
567	595.727
568	708.981
569	607.397
570	684.782
571	680.239
572	666.011
573	623.228
574	766.984
575	647.807
576	692.224
577	725.796
578	627.592
579	788.548
580	726.861
581	837.213
582	680.668
583	710.466
584	637.356
585	664.707
586	735.675
587	935.594
588	720.164
589	1122.1
590	882.245
591	773.404
592	1001.1
593	855.914
594	824.597
595	640.636
596	712.168
597	601.188
598	738.956
599	874.568
600	759.442
601	717.412
602	673.397
603	708.412
604	870.116
605	754.899
606	737.263
607	652.461
608	704.731
609	801.543
610	666.658
611	702.899
612	664.987
613	637.31
614	626.931
615	626.671
616	712.187
617	892.119
618	930.252
619	790.283
620	873.611
621	716.901
622	676.012
623	683.044
624	738.284
625	727.316
626	846.444
627	792.808
628	646.891
629	822.598
630	805.773
631	784.722
632	758.084
633	728.655
634	724.974
635	672.698
636	741.091
637	745.926
638	678.411
639	832.49
640	830.896
641	760.269
642	853.834
643	873.233
644	900.385
645	739.32
646	800.239
647	799.995
648	595.16
649	766.176
650	807.675
651	880.058
652	787.66
653	680.295
654	841.153
655	615.74
656	592.83
657	929.938
658	691.108
659	806.103
660	1012.42
661	984.495
662	886.411
663	697.653
664	795.774
665	756.194
666	659.703
667	879.446
668	773.636
669	736.013
670	628.083
671	684.835
672	609.046
673	735.804
674	679.985
675	716.392
676	858.28
677	655.362
678	830.534
679	861.757
680	851.206
681	697.857
682	787.576
683	822.91
684	672.218
685	675.42
686	939.594
687	904.237
688	799.038
689	524.421
690	630.106
691	691.307
692	721.73
693	982.859
694	1125.62
695	1051.01
696	1012.61
697	1121.59
698	791.104
699	805.705
700	667.833
701	702.891
702	561.351
703	659.391
704	631.033
705	655.262
706	605.361
707	567.464
708	633.641
709	670.413
710	641.689
711	556.459
712	628.802
713	621.691
714	612.116
715	579.75
716	505.054
717	572.877
718	688.334
719	545.515
720	599.647
721	649.526
722	853.301
723	917.925
724	790.12
725	683.419
726	800.399
727	743.818
728	829.243
729	593.257
730	734.364
731	501.895
732	769.97
733	753.852
734	711.249
735	813.625
736	737.036
737	829.773
738	805.574
739	675.72
740	735.433
741	571.484
742	559.914
743	578.38
744	673.134
745	600.679
746	678.16
747	717.145
748	675.796
749	678.204
750	701.235
751	700.308
752	689.835
753	620.814
754	620.893
755	650.995
756	706.799
757	471.762
758	526.613
759	651.38
760	622.889
761	407.062
762	571.958
763	583.403
764	604.069
765	506.473
766	506.654
767	479.592
768	435.409
769	451.124
770	534.355
771	488.589
772	568.497
773	750.829
774	511.299
775	547.83
776	593.133
777	628.211
778	572.493
779	550.188
780	526.498
781	550.18
782	660.37
783	570.942
784	455.012
785	496.497
786	554.205
787	600.239
788	450.388
789	408.626
790	407.811
791	434.263
792	427.733
793	627.12
794	531.679
795	602.336
796	517.336
797	455.94
798	458.455
799	492.944
800	578.255
801	759.334
802	604.974
803	397.891
804	423.842
805	583.941
806	671.262
807	606.573
808	653.566
809	582.379
810	538.643
811	549.368
812	501.011
813	556.618
814	498.249
815	602.756
816	565.013
817	734.385
818	770.1
819	745.953
820	540.761
821	596.917
822	507.04
823	576.137
824	850.795
825	530.821
826	403.899
827	487.275
828	547.592
829	576.124
830	579.353
831	562.411
832	681.472
833	559.297
834	668.194
835	615.629
836	663.742
837	474.431
838	655.148
839	424.964
840	515.389
841	654.385
842	630.79
843	489.235
844	575.543
845	574.217
846	684.358
847	491.681
848	687.504
849	666.86
850	570.138
851	792.98
852	683.063
853	572.76
854	474.291
855	668.14
856	461.69
857	460.91
858	512.727
859	594.331
860	720.931
861	626.854
862	606.123
863	530.696
864	676.906
865	506.907
866	607.319
867	450.194
868	517.015
869	553.156
870	598.722
871	484.023
872	690.622
873	468.711
874	555.87
875	505.68
876	566.262
877	580.496
878	620.555
879	545.684
880	579.827
881	524.37
882	552.57
883	483.108
884	578.263
885	473.383
886	442.438
887	544.259
888	456.985
889	481.964
890	441.597
891	523.434
892	643.085
893	661.193
894	492.987
895	555.902
896	638.662
897	599.886
898	550.966
899	587.661
900	793.47
901	486.514
902	546.676
903	545.423
904	470.345
905	359.825
906	456.107
907	559.96
908	643.007
909	549.626
910	497.726
911	465.985
912	652.577
913	500.07
914	554.168
915	431.304
916	431.334
917	484.426
918	478.537
919	661.657
920	691.466
921	460.873
922	484.446
923	604.485
924	664.132
925	565.801
926	452.2
927	460.19
928	408.724
929	463.42
930	486.346
931	583.425
932	432.401
933	596.179
934	623.42
935	593.347
936	523.974
937	517.29
938	452.896
939	472.549
940	447.477
941	488.876
942	450.736
943	581.718
944	604.442
945	495.158
946	522.67
947	495.502
948	478.886
949	496.312
950	394.908
951	618.307
952	625.982
953	524.733
954	538.912
955	560.759
956	564.849
957	442.799
958	512.246
959	398.197
960	447.533
961	497.813
962	409.536
963	366.203
964	410.382
965	450.471
966	500.421
967	468.942
968	459.238
969	365.733
970	275.564
971	444.187
972	460.876
973	553.642
974	516.552
975	600.854
976	517.858
977	457.899
978	444.476
979	413.479
980	528.871
981	721.367
982	617.385
983	751.599
984	646.967
985	614.519
986	660.544
987	625.491
988	791.282
989	937.972
990	803.846
991	751.431
992	952.153
993	835.982
994	719.805
995	688.698
996	706.484
997	713.109
998	637.778
999	500.288
1000	565.517
