0.005176478284684389
-0.0028703401323822335
3.694302097127954e-5
-0.019196431610418518
-0.011756574368788795
-0.04604921153368877
0.0025183069914656267
0.0042731200120173524
-0.0007185144976876946
0.013101952128191917
0.012704885159098343
0.013708811353398053
-0.011965383006297802
-0.0024394624230829236
0.004139446210271503
0.004424135395157705
0.004869191755399142
-0.009039534005605372
0.002506098577011658
-0.017078868077593963
-0.010090007652358263
-0.15472936438672183
-0.0657776279912881
0.02093967151898595
0.004521998696559127
-0.012229501862338859
0.001043042501843575
-0.017606768697461923
-0.0018489472553780667
-0.004949334730760496
-0.08217693433668888
0.03196608822611759
0.1103197217627744
-0.02364015967506674
-0.01188839466531332
0.007022242229295202
-0.007399514715469635
0.01736920360209209
-0.009505277367654894
-0.004584711237671925
0.005532652890337974
0.025324878402884908
0.023842236944624555
-0.006565053343861764
0.02295106748856281
0.012401555930765392
-0.008607133636229254
-0.027344088053782533
0.002368800081847504
-0.002916622154500624
-0.0006910588127492196
0.003062312966640458
-0.0034004251026674625
-0.018585304698102056
-0.008903927884475917
-0.005352632945483733
0.008736562584066571
0.010108005091929155
0.015232960470627166
0.0002674024289404667
-0.00346435916959602
-0.0018374815407712292
-0.008594174267725248
-0.007337883442233125
0.00459474035793564
-0.013307688688145716
0.0003459115535397948
0.01162508708860839
0.0032307352431815606
0.006584554024469035
-0.016382399823121212
0.014947181545780827
-0.005062300097824241
-0.0019522805631178551
-0.0023880251417820082
-3.1428360724128585e-5
-0.016126930592624718
0.024193366629372336
-0.0071646382260053855
0.007656263750349439
-0.017722247632904795
-0.07407229945680553
-0.20995072485526603
-0.1645364613390675
0.006485254125358966
0.01585016772720016
0.01388615182352067
-0.100203108782546
0.009963087078373822
-0.08688828000557274
-0.03857730733298899
-0.0039505777504907375
-0.018076935704267584
-0.01723365912886684
0.09148237449936834
-0.06849967696509464
0.03755482784336649
-0.013978308545044556
0.004053844231146286
-0.07434552400264402
0.1278372312912951
-0.09899162597816136
0.0074612275681693275
0.01067986138654425
-0.004686771253658629
-0.007287124070776582
-0.007817627999126981
-0.0004188981408039484
0.010556679886258188
0.0033405975670770032
0.021229153423598594
0.0011733696777228237
0.001543370653024523
-0.01083146692139388
0.00043872919513144454
-0.010421350735091534
0.00660529673150156
-0.0019650750614866857
0.00514175713863327
-0.02053605157124869
0.029832122021987005
0.1534477976345147
-0.003882121987861619
0.008738965058859615
-0.01107480270989244
0.009308493676090834
0.0049573436113385235
0.09112532010800457
-0.13098051768145938
-0.005136143975356797
0.014023733842216333
0.027086522020833243
0.021370133097693277
0.04364147605588043
-0.03951511929298854
0.0014427520650736605
0.005310573528085316
-0.017263423338492536
-0.04980586552038246
-0.008683137055891871
-0.17588047346754254
-0.007828454913872117
-0.0027160831398912355
-0.02633696756657276
0.013213267836397674
0.00995274323088482
0.009989518170150938
-0.011726988016781235
-0.006068246201192302
3.1908170278034525e-5
0.004754129920218313
0.006971163878461309
0.025269667354358167
0.1434953475961212
0.08532680841190583
-0.11398761533462114
0.010595452347929852
0.0038178798863035693
-0.01845992554164654
-0.01674802575790129
0.012219068005951258
0.04206495213254539
0.005460848228251057
0.014985422429068225
0.03758383626415797
0.06593600794679484
-0.017093773852111808
-0.006197906107582464
0.023244823068128057
-0.008828073942000459
-0.022237620922269805
0.13022553881952612
0.036099429076248746
0.029966705448425505
0.013436615736991842
-0.005454998696287056
-0.01664075420309585
-0.04102034019851782
0.006089414384305145
0.017623890049143637
0.011708197483853105
-0.013569877263014557
-0.03416609244431224
-0.10419953783518421
-0.04570550250651703
0.03267453260016717
-0.015819689407367638
0.005487015837718007
-0.0006197790655739978
0.2324236406282811
0.0366938590860329
-0.1096452392591359
0.21473501680781482
-0.10575873355422376
-0.09701197968881425
0.06195353209764799
-0.10978930308311645
-0.08845969785747
0.0351289510798348
0.0010221262121356623
0.033771533177620876
-0.0010517990893221024
-0.003882346131679742
-0.011112725321815562
0.0033667393680712
0.004189482709647062
0.0028546565166954747
0.004242387581984803
-0.0038556477872303376
0.0027386468074899716
0.007251821675822587
-0.015102220707660298
-0.0067059170666586045
0.09434381571377042
-0.013834657838840065
0.03534722045256495
0.020357466016286206
0.020562299871709443
-0.0015289981730234779
-0.016292812214937953
0.03619890562713667
0.013657076317579519
0.020192891852019376
-0.021766082713295956
-0.01134586213035951
0.0476587272632529
0.19971826431449274
0.15940484308603506
-0.009824028762726532
0.004842089905118823
-0.03218681405090032
0.01699613784237421
0.002249432417633946
0.002817911685506924
-0.01461855737815933
0.0018664853575152342
0.010722406838348563
0.010148089419454944
-0.004462704317847901
0.0034653037601790797
-0.00618776512451329
-0.0033300201463441785
0.0007099140125864088
-9.27428751901591e-5
0.001927265590162582
0.006958789748407068
0.006462649342721235
0.005864354038383791
0.09364663965558766
0.008563554880693366
-0.020563033046759233
-0.0019605751765278006
-0.012605125307568597
0.02265023847389187
0.018448802878382565
0.023869115750515743
-0.006523989648240206
-0.016979759008128356
0.06496935378839097
0.04972652371830395
0.08656324103466612
0.00041644778871824297
0.012127239174993278
-0.012703825760348087
-0.008303468695301491
-0.00038275347184940254
0.018519571909659516
0.0004934063566685535
0.004455121220794771
-0.007680302475957123
0.006625775976089095
-0.006817499196693236
-0.00150660962733409
-0.011442950613086573
0.008366208781832033
-0.001659493397752762
0.008563081875866949
0.0035408507064189306
0.0026982370340609763
0.012675410730005682
-0.023372589657554666
-0.02215567884869799
-0.015447238269727749
0.00845783618868852
0.008254972221226523
0.09956092205145618
-0.11476386735415844
0.12953148696358566
-0.024085047935215945
-0.00816053740746727
0.04027316096933667
-0.03498702400474926
-0.005092240394356254
0.08273852338804849
-0.006350045106611812
-0.022955844530322733
0.05718320962433932
-0.04459644887032752
-0.18977982308090324
0.046256099268464926
-0.11761604232448618
0.14235547334463872
0.057728841679852566
0.00019570529951144777
-0.011694483785085367
-0.0016092591125568744
-0.004600749661152888
-0.011493972352681549
0.009712134841242736
-0.0020851922187135477
0.01249223344168296
-0.012960115414443227
-0.009902666900590272
-0.020414940953926215
0.014320127735745189
-0.007703707623893945
0.026462459668929596
0.010075409967278327
-0.21798810448525113
0.06961461188796995
-0.0342372042983927
0.0230390226221624
-0.005479568240074128
-0.011584930641254355
-0.026861271743103612
0.08881134663579082
0.12329154688491205
0.003978830690338423
0.020508856999686284
0.006214706064564576
-0.2502898000620999
-0.04947867726413443
0.10577315477064247
0.04098966202297234
-0.025859388002622344
0.01873136646842688
0.03997900059536483
-0.19168828370706556
-0.03759417843186858
-0.005398088633850909
0.021651223909232617
0.0042803974555389425
-0.012762760789450975
-0.00039645398495739544
-0.01995264025782196
0.034399678296138124
-0.011666430650383917
0.012556733606785142
-0.007656164204179752
0.007292395914576033
-0.0009878733388868721
-0.012997239675627898
-0.02035969395945136
0.012175367471889242
0.014065850740372046
-0.014126581836212172
0.019218275245934332
0.0004807517102684373
-0.08669404015315944
0.005315337000732281
