Frame	Volume
1	2074.06
2	2077.02
3	2071.14
4	2078.23
5	2063.61
6	2061.33
7	2080.55
8	2077.25
9	2072.84
10	2069.12
11	2080.8
12	2077.18
13	2073.26
14	2067.95
15	2070.38
16	2070.81
17	2074.7
18	2068.65
19	2072.5
20	2074.28
21	2065.88
22	2067.76
23	2077.69
24	2064.08
25	2078.12
26	2069.09
27	2075.22
28	2072.14
29	2079.27
30	2074.73
31	2069.94
32	2070.57
33	2070.28
34	2079.86
35	2070.31
36	2069.48
37	2069.06
38	2074.82
39	2077.42
40	2069.46
41	2068.55
42	2070.32
43	2076.12
44	2069.13
45	2069.93
46	2077.07
47	2069.41
48	2077.54
49	2068.45
50	2069.25
51	2070.94
52	2068.77
53	2070.28
54	2076.76
55	2068.13
56	2070.62
57	2070.17
58	2070.04
59	2068.28
60	2069.16
61	2070.77
62	2076.99
63	2069.57
64	2076.86
65	2069.17
66	2069.08
67	2069.75
68	2069.57
69	2068.98
70	2076.18
71	2076.87
72	2068.41
73	2077.01
74	2070.09
75	2077.17
76	2070.02
77	2069.22
78	2070.06
79	2069.56
80	2069.2
81	2070.43
82	2069.96
83	2070.75
84	2069.88
85	2070.71
86	2076.07
87	2069.29
88	2069.47
89	2069.5
90	2070.16
91	2069.57
92	2068.5
93	2070.3
94	2068.88
95	2070.35
96	2068.88
97	2069.63
98	2070.28
99	2070.84
100	2069.49
101	2070.6
102	2069.99
103	2070.39
104	2069.6
105	2070.05
106	2069.22
107	2069.41
108	2069.79
109	2069.16
110	2069.22
111	2070.04
112	2069.6
113	2069.28
114	2070.14
115	2070.04
116	2069.96
117	2070.1
118	2069
119	2069.84
120	2069.8
121	2069.23
122	2069.86
123	2069.62
124	2070.13
125	2070.22
126	2069.46
127	2070.2
128	2069.64
129	2070.1
130	2069.94
131	2070.05
132	2068.97
133	2069.92
134	2069.55
135	2069.39
136	2069.92
137	2070.42
138	2069.72
139	2069.59
140	2069.72
141	2070.02
142	2069.97
143	2070.12
144	2069.5
145	2069.78
146	2069.31
147	2070.07
148	2069.58
149	2069.84
150	2069.99
151	2069.78
152	2069.63
153	2069.78
154	2069.65
155	2070.11
156	2069.04
157	2069.69
158	2069.84
159	2069.41
160	2069.67
161	2069.95
162	2069.82
163	2069.26
164	2070.22
165	2070.23
166	2069.57
167	2069.44
168	2069.82
169	2069.84
170	2069.74
171	2069.64
172	2069.54
173	2069.47
174	2069.98
175	2069.51
176	2070.05
177	2069.99
178	2069.68
179	2069.65
180	2069.3
181	2069.68
182	2069.59
183	2069.88
184	2069.36
185	2069.87
186	2069.95
187	2069.47
188	2069.71
189	2069.6
190	2070.09
191	2069.6
192	2069.63
193	2069.61
194	2069.61
195	2070.15
196	2069.75
197	2069.63
198	2069.59
199	2069.69
200	2069.57
201	2069.82
202	2069.61
203	2069.69
204	2069.53
205	2069.49
206	2070.06
207	2069.86
208	2069.83
209	2069.69
210	2069.81
211	2069.94
212	2069.59
213	2070
214	2069.65
215	2070.05
216	2069.87
217	2069.51
218	2069.85
219	2069.72
220	2069.82
221	2069.64
222	2069.67
223	2069.87
224	2069.61
225	2069.82
226	2069.76
227	2069.89
228	2069.37
229	2069.56
230	2069.69
231	2069.69
232	2069.71
233	2069.79
234	2069.57
235	2070
236	2069.58
237	2069.87
238	2069.85
239	2069.89
240	2069.56
241	2069.61
242	2069.73
243	2069.83
244	2069.94
245	2069.87
246	2070
247	2069.51
248	2069.62
249	2069.51
250	2069.83
251	2069.37
252	2069.76
253	2069.34
254	2069.43
255	2069.78
256	2069.74
257	2069.48
258	2069.48
259	2070.01
260	2069.85
261	2069.53
262	2069.57
263	2069.92
264	2069.48
265	2069.67
266	2069.96
267	2069.45
268	2070.03
269	2069.76
270	2069.79
271	2070.03
272	2069.63
273	2069.9
274	2069.78
275	2069.8
276	2069.77
277	2069.78
278	2070.11
279	2069.71
280	2069.57
281	2069.83
282	2069.45
283	2069.81
284	2069.44
285	2069.67
286	2069.77
287	2069.88
288	2069.76
289	2069.64
290	2069.77
291	2069.65
292	2069.7
293	2069.89
294	2069.76
295	2069.64
296	2069.69
297	2069.82
298	2069.83
299	2069.72
300	2069.64
301	2069.8
302	2069.86
303	2069.9
304	2069.72
305	2069.6
306	2069.71
307	2069.85
308	2069.76
309	2069.69
310	2069.75
311	2069.68
312	2069.66
313	2069.76
314	2069.77
315	2069.84
316	2069.7
317	2069.65
318	2069.8
319	2069.75
320	2069.7
321	2069.76
322	2069.79
323	2069.71
324	2069.77
325	2069.85
326	2069.56
327	2069.76
328	2069.81
329	2069.77
330	2069.58
331	2069.71
332	2069.79
333	2069.94
334	2069.73
335	2069.72
336	2069.7
337	2069.73
338	2069.76
339	2069.78
340	2069.71
341	2069.73
342	2069.78
343	2069.68
344	2069.67
345	2069.72
346	2069.73
347	2069.79
348	2069.79
349	2069.67
350	2069.65
351	2069.83
352	2069.73
353	2069.69
354	2069.63
355	2069.86
356	2069.65
357	2069.64
358	2069.7
359	2069.72
360	2069.7
361	2069.68
362	2069.76
363	2069.8
364	2069.71
365	2069.71
366	2069.75
367	2069.7
368	2069.63
369	2069.6
370	2069.73
371	2069.78
372	2069.74
373	2069.81
374	2069.92
375	2069.74
376	2069.68
377	2069.54
378	2069.66
379	2069.78
380	2069.66
381	2069.76
382	2069.77
383	2069.7
384	2069.81
385	2069.78
386	2069.76
387	2069.79
388	2069.71
389	2069.72
390	2069.74
391	2069.67
392	2069.82
393	2069.66
394	2069.72
395	2069.66
396	2069.76
397	2069.61
398	2069.74
399	2069.74
