       0.000           0.0000
       1.000         466.0100
       2.000         923.8075
       3.000        1382.6177
       4.000        1842.6467
       5.000        2330.7585
       6.000        2798.7998
       7.000        3264.9702
       8.000        3778.3945
       9.000        4193.7661
      10.000        4642.9834
      11.000        5214.4336
      12.000        5636.0723
      13.000        6106.9014
      14.000        6546.6680
      15.000        6929.4526
      16.000        7618.3784
      17.000        7983.3926
      18.000        8493.9961
      19.000        9007.7314
      20.000        9393.5342
      21.000        9635.7031
      22.000        9795.3184
      23.000       10156.9775
      24.000       10300.5615
      25.000       10521.6611
      26.000       10943.0176
      27.000       11098.5508
      28.000       11240.8535
      29.000       11571.0918
      30.000       11809.6836
      31.000       12091.1670
      32.000       12274.1885
      33.000       12396.5879
      34.000       12689.4980
      35.000       13111.1406
      36.000       13264.3604
      37.000       13392.5527
      38.000       13795.9092
      39.000       13785.2598
      40.000       14349.8184
      41.000       14265.8008
      42.000       14171.1074
      43.000       14089.2734
      44.000       14274.3535
      45.000       14053.8818
      46.000       14166.4209
      47.000       14181.3926
      48.000       14262.3984
      49.000       14161.4844
      50.000       14251.7051
      51.000       14294.0010
      52.000       14362.0605
      53.000       14300.5859
      54.000       14249.4746
      55.000       14079.8057
      56.000       14015.7764
      57.000       14224.0146
      58.000       14203.9102
      59.000       14146.3330
      60.000       14233.3467
      61.000       14265.1934
      62.000       14059.9326
      63.000       14052.6699
      64.000       14113.8516
      65.000       14342.4102
      66.000       14212.0479
      67.000       14080.8770
      68.000       14216.3164
      69.000       14192.9795
      70.000       14195.5039
      71.000       14361.6465
      72.000       14239.1592
      73.000       14239.1152
      74.000       14190.3154
      75.000       14139.0166
      76.000       14229.6230
      77.000       14451.9404
      78.000       14264.3945
      79.000       14286.1797
      80.000       14136.0908
      81.000       13971.7754
      82.000       14207.0137
      83.000       14118.3379
      84.000       14087.4639
      85.000       14231.4512
      86.000       14103.3457
      87.000       14218.3389
      88.000       14310.6543
      89.000       14341.2588
      90.000       14236.7510
      91.000       14202.0078
      92.000       14202.8818
      93.000       14199.0332
      94.000       14065.0068
      95.000       14236.1309
      96.000       14181.8350
      97.000       14016.7031
      98.000       13974.2334
      99.000       14100.3818
     100.000       14234.9434
     101.000       14241.4277
     102.000       14188.3174
     103.000       14158.2744
     104.000       14288.2256
     105.000       14296.4590
     106.000       14293.0215
     107.000       14149.8379
     108.000       14251.6289
     109.000       14268.6006
     110.000       14053.7578
     111.000       14216.2266
     112.000       14181.0381
     113.000       14095.4336
     114.000       14081.8984
     115.000       14110.9961
     116.000       14191.8223
     117.000       14233.7676
     118.000       14135.1631
     119.000       14243.7900
     120.000       14073.3623
     121.000       14115.4922
     122.000       14270.3682
     123.000       14287.7441
     124.000       14174.6807
     125.000       14136.5781
     126.000       14220.4531
     127.000       14183.4551
     128.000       14356.1826
     129.000       14088.5566
     130.000       14224.1182
     131.000       14262.8691
     132.000       14319.1377
     133.000       14120.7168
     134.000       14250.7852
     135.000       14129.6465
     136.000       14232.0059
     137.000       14139.5908
     138.000       14266.1338
     139.000       14119.5146
     140.000       14254.3574
