       0.000      -95930.4673
       1.000      -74630.3010
       2.000      -74384.3335
       3.000      -74117.1543
       4.000      -73810.8303
       5.000      -73524.1499
       6.000      -73230.6100
       7.000      -72941.7471
       8.000      -72650.0675
       9.000      -72392.4885
      10.000      -72080.5344
      11.000      -71822.5741
      12.000      -71627.5054
      13.000      -71203.1676
      14.000      -70967.1085
      15.000      -70781.3733
      16.000      -70528.4091
      17.000      -70146.1714
      18.000      -69971.4727
      19.000      -69747.7611
      20.000      -69505.6227
      21.000      -69391.1956
      22.000      -69141.6583
      23.000      -68971.7724
      24.000      -68983.1753
      25.000      -68850.1540
      26.000      -68648.7493
      27.000      -68673.2045
      28.000      -68584.8862
      29.000      -68262.3213
      30.000      -68249.7315
      31.000      -68164.8135
      32.000      -67948.1030
      33.000      -67765.8747
      34.000      -67583.6625
      35.000      -67303.2597
      36.000      -67288.3558
      37.000      -66987.8884
      38.000      -66781.5527
      39.000      -66766.8108
      40.000      -66545.6268
      41.000      -66457.4810
      42.000      -66591.0298
      43.000      -66579.3358
      44.000      -66673.5144
      45.000      -66765.3119
      46.000      -66705.4093
      47.000      -66508.6063
      48.000      -66627.1290
      49.000      -66825.6330
      50.000      -66708.5933
      51.000      -66682.1241
      52.000      -66903.6621
      53.000      -66905.1313
      54.000      -66657.8507
      55.000      -66906.7962
      56.000      -66981.2365
      57.000      -67058.1781
      58.000      -67044.5407
      59.000      -66895.1004
      60.000      -66978.0891
      61.000      -67019.8210
      62.000      -67041.7662
      63.000      -67037.4008
      64.000      -67010.7426
      65.000      -66992.3668
      66.000      -67060.3219
      67.000      -66987.2523
      68.000      -67286.2846
      69.000      -66922.3790
      70.000      -67108.6200
      71.000      -67149.0945
      72.000      -67221.1763
      73.000      -67200.8033
      74.000      -67014.8118
      75.000      -67141.6511
      76.000      -66977.2928
      77.000      -67264.3345
      78.000      -67247.1924
      79.000      -67286.6243
      80.000      -67303.0298
      81.000      -67339.7561
      82.000      -67406.0933
      83.000      -67220.5621
      84.000      -67312.3733
      85.000      -67389.3388
      86.000      -67488.7199
      87.000      -67306.9748
      88.000      -67285.5876
      89.000      -67325.7137
      90.000      -67613.7966
      91.000      -67520.5132
      92.000      -67454.7732
      93.000      -67522.6919
      94.000      -67372.1773
      95.000      -67352.9680
      96.000      -67561.7902
      97.000      -67550.4580
      98.000      -67500.6463
      99.000      -67635.8750
     100.000      -67520.4898
     101.000      -67432.8521
     102.000      -67518.7696
     103.000      -67387.7569
     104.000      -67586.6777
     105.000      -67644.5342
     106.000      -67619.3606
     107.000      -67675.5321
     108.000      -67421.6083
     109.000      -67645.7956
     110.000      -67595.6921
     111.000      -67575.6227
     112.000      -67463.6951
     113.000      -67519.5552
     114.000      -67525.4804
     115.000      -67682.9143
     116.000      -67603.8647
     117.000      -67639.4076
     118.000      -67733.2111
     119.000      -67633.9719
     120.000      -67699.9617
     121.000      -67623.4055
     122.000      -67736.6442
     123.000      -67477.6632
     124.000      -67370.8041
     125.000      -67659.5821
     126.000      -67761.7235
     127.000      -67816.1814
     128.000      -67595.5053
     129.000      -67795.0485
     130.000      -67591.4755
     131.000      -67645.7294
     132.000      -67547.3238
     133.000      -67673.4375
     134.000      -67676.4631
     135.000      -67711.4296
     136.000      -67486.6047
     137.000      -67621.9126
     138.000      -67715.1256
     139.000      -67773.0786
     140.000      -67763.7231
