       0.000      -95603.5730
       1.000      -83790.5012
       2.000      -83484.2469
       3.000      -82837.3914
       4.000      -82120.8338
       5.000      -81339.6761
       6.000      -80539.0957
       7.000      -79727.1695
       8.000      -78819.0739
       9.000      -78109.7355
      10.000      -77266.9806
      11.000      -76250.3961
      12.000      -75315.9749
      13.000      -74501.4000
      14.000      -73621.2928
      15.000      -72756.1772
      16.000      -71610.5154
      17.000      -70681.3408
      18.000      -69679.8262
      19.000      -68548.3140
      20.000      -67543.1142
      21.000      -66979.0183
      22.000      -66493.0311
      23.000      -65689.7136
      24.000      -65245.4544
      25.000      -64594.7134
      26.000      -63642.8988
      27.000      -63234.0381
      28.000      -62739.3073
      29.000      -61914.0434
      30.000      -61184.7925
      31.000      -60303.3917
      32.000      -59782.0002
      33.000      -58988.7311
      34.000      -58046.8426
      35.000      -57180.4891
      36.000      -56404.0651
      37.000      -56058.9701
      38.000      -54933.5030
      39.000      -54566.9104
      40.000      -53185.1514
      41.000      -53293.2119
      42.000      -53436.0464
      43.000      -53330.9418
      44.000      -53310.8052
      45.000      -53311.3169
      46.000      -53338.8106
      47.000      -53249.5379
      48.000      -53188.9640
      49.000      -53472.4084
      50.000      -53469.7645
      51.000      -53529.9812
      52.000      -53255.1984
      53.000      -53150.8608
      54.000      -53386.5770
      55.000      -53423.2952
      56.000      -53795.6689
      57.000      -53518.7080
      58.000      -53415.1800
      59.000      -53450.7716
      60.000      -53349.8569
      61.000      -53372.3176
      62.000      -53511.8141
      63.000      -53457.2341
      64.000      -53593.6532
      65.000      -53112.6676
      66.000      -53358.2772
      67.000      -53508.2880
      68.000      -53307.2531
      69.000      -53645.4764
      70.000      -53406.5018
      71.000      -53461.2054
      72.000      -53642.0714
      73.000      -53352.5946
      74.000      -53614.6193
      75.000      -53657.9364
      76.000      -53230.8834
      77.000      -53029.6635
      78.000      -53410.4327
      79.000      -53360.6535
      80.000      -53679.3218
      81.000      -53882.0287
      82.000      -53302.1890
      83.000      -53734.9407
      84.000      -53646.5705
      85.000      -53596.0116
      86.000      -53613.1132
      87.000      -53832.9142
      88.000      -53596.8204
      89.000      -53546.4753
      90.000      -53716.8480
      91.000      -53581.1965
      92.000      -53609.7157
      93.000      -53730.9996
      94.000      -53738.6897
      95.000      -53623.8172
      96.000      -53817.8578
      97.000      -53894.8941
      98.000      -54049.8556
      99.000      -53667.9698
     100.000      -53515.6950
     101.000      -53437.8653
     102.000      -53409.0221
     103.000      -53833.1155
     104.000      -53596.2492
     105.000      -53515.7165
     106.000      -53254.5464
     107.000      -53722.4667
     108.000      -53768.6207
     109.000      -53692.6076
     110.000      -53808.6595
     111.000      -53739.2358
     112.000      -53796.6530
     113.000      -54017.8111
     114.000      -53974.9436
     115.000      -53718.8625
     116.000      -53855.5102
     117.000      -53726.3130
     118.000      -53673.6555
     119.000      -53723.2366
     120.000      -53926.7925
     121.000      -53646.1816
     122.000      -53599.6419
     123.000      -53533.3698
     124.000      -53911.3688
     125.000      -54073.9649
     126.000      -53918.2170
     127.000      -53727.6880
     128.000      -53633.6999
     129.000      -53596.7773
     130.000      -53803.1910
     131.000      -53793.7430
     132.000      -53867.5498
     133.000      -53737.5221
     134.000      -53600.2189
     135.000      -53949.5564
     136.000      -54048.3831
     137.000      -53940.0229
     138.000      -53712.8129
     139.000      -53863.4997
     140.000      -53889.7228
