       0.000       0.00
       1.000       9.85
       2.000      19.53
       3.000      29.23
       4.000      38.95
       5.000      49.27
       6.000      59.16
       7.000      69.01
       8.000      79.87
       9.000      88.65
      10.000      98.14
      11.000     110.22
      12.000     119.13
      13.000     129.09
      14.000     138.38
      15.000     146.47
      16.000     161.03
      17.000     168.75
      18.000     179.54
      19.000     190.40
      20.000     198.56
      21.000     203.68
      22.000     207.05
      23.000     214.69
      24.000     217.73
      25.000     222.40
      26.000     231.31
      27.000     234.60
      28.000     237.60
      29.000     244.59
      30.000     249.63
      31.000     255.58
      32.000     259.45
      33.000     262.03
      34.000     268.23
      35.000     277.14
      36.000     280.38
      37.000     283.09
      38.000     291.61
      39.000     291.39
      40.000     303.32
      41.000     301.54
      42.000     299.54
      43.000     297.81
      44.000     301.73
      45.000     297.07
      46.000     299.44
      47.000     299.76
      48.000     301.47
      49.000     299.34
      50.000     301.25
      51.000     302.14
      52.000     303.58
      53.000     302.28
      54.000     301.20
      55.000     297.61
      56.000     296.26
      57.000     300.66
      58.000     300.24
      59.000     299.02
      60.000     300.86
      61.000     301.53
      62.000     297.19
      63.000     297.04
      64.000     298.33
      65.000     303.16
      66.000     300.41
      67.000     297.64
      68.000     300.50
      69.000     300.01
      70.000     300.06
      71.000     303.57
      72.000     300.98
      73.000     300.98
      74.000     299.95
      75.000     298.86
      76.000     300.78
      77.000     305.48
      78.000     301.51
      79.000     301.98
      80.000     298.80
      81.000     295.33
      82.000     300.30
      83.000     298.43
      84.000     297.78
      85.000     300.82
      86.000     298.11
      87.000     300.54
      88.000     302.49
      89.000     303.14
      90.000     300.93
      91.000     300.20
      92.000     300.21
      93.000     300.13
      94.000     297.30
      95.000     300.92
      96.000     299.77
      97.000     296.28
      98.000     295.38
      99.000     298.05
     100.000     300.89
     101.000     301.03
     102.000     299.91
     103.000     299.27
     104.000     302.02
     105.000     302.19
     106.000     302.12
     107.000     299.09
     108.000     301.25
     109.000     301.60
     110.000     297.06
     111.000     300.50
     112.000     299.75
     113.000     297.94
     114.000     297.66
     115.000     298.27
     116.000     299.98
     117.000     300.87
     118.000     298.78
     119.000     301.08
     120.000     297.48
     121.000     298.37
     122.000     301.64
     123.000     302.01
     124.000     299.62
     125.000     298.81
     126.000     300.59
     127.000     299.80
     128.000     303.46
     129.000     297.80
     130.000     300.66
     131.000     301.48
     132.000     302.67
     133.000     298.48
     134.000     301.23
     135.000     298.67
     136.000     300.83
     137.000     298.88
     138.000     301.55
     139.000     298.45
     140.000     301.30
