Run semi-empirical minimization
 &qmmm
    qm_theory='AM1', grms_tol=0.0005,
 scfconv=1.d-10, ndiis_attempts=700,   qmcharge=0,
 /
   6    C1       36.5590       27.5960       10.5670 
   8    O1       36.4360       28.1650       11.7340 
   8    O2       37.4890       27.8280        9.8090 
   6    C2       35.4620       26.6220       10.2480 
   6    C3       34.3470       26.4880       11.2820 
   6    C4       33.2720       27.5500       11.1710 
   6    C5       32.1700       27.4310       12.2010 
   6    C6       30.9870       28.3610       11.9770 
   6    C7       30.7570       29.3990       13.0660 
   6    C8       31.7390       30.5370       13.0210 
   6    C9       31.6130       31.5240       14.1290 
   6    CA       32.9290       31.9420       14.7220 
   6    CB       33.5360       33.2310       14.2170 
   6    CC       34.8010       33.6690       14.9760 
   6    CD       36.1000       32.9040       14.6520 
   6    CE       36.1990       31.4890       15.2270 
   6    CF       37.5390       30.8220       15.0570 
   6    CG       37.7640       30.1310       13.7280 
   1   HG3       37.0150       29.3510       13.5920 
   1   HG2       37.6800       30.8590       12.9210 
   1   HG1       38.7590       29.6860       13.7130 
   1   HF2       38.3180       31.5730       15.1920 
   1   HF1       37.6630       30.0880       15.8530 
   1   HE2       35.9630       31.5280       16.2900 
   1   HE1       35.4390       30.8670       14.7540 
   1   HD2       36.2040       32.8440       13.5690 
   1   HD1       36.9440       33.4860       15.0210 
   1   HC2       34.9700       34.7270       14.7750 
   1   HC1       34.6070       33.5740       16.0440 
   1   HB2       33.7800       33.1160       13.1610 
   1   HB1       32.7910       34.0230       14.2870 
   1   HA2       32.8010       32.0290       15.8010 
   1   HA1       33.6470       31.1400       14.5500 
   1   H92       31.0950       32.4080       13.7580 
   1   H91       30.9900       31.0960       14.9150 
   1   H82       32.7490       30.1260       13.0340 
   1   H81       31.6210       31.0610       12.0730 
   1   H72       29.7460       29.7960       12.9720 
   1   H71       30.8190       28.9130       14.0400 
   1   H62       31.1290       28.8790       11.0290 
   1   H61       30.0850       27.7570       11.8780 
   1   H52       31.8090       26.4020       12.2100 
   1   H51       32.5900       27.6300       13.1870 
   1   H42       33.7360       28.5320       11.2650 
   1   H41       32.8300       27.5000       10.1760 
   1   H32       33.8850       25.5060       11.1780 
   1   H31       34.7840       26.5310       12.2800 
   1   H22       35.0130       26.9130        9.2980 
   1   H21       35.9100       25.6390       10.1010 
   1     H       36.8470       27.5980       12.4190 

