parm ../../../../../top_files/dry_4xcp.prmtop

trajin ../../vol2_4xcp.nc
rmsd first :6,10,13,14,15,18,21,22,25,63,66,67,70,74,80,84,85,88,89,92,95,96,99,100,104,105,110,113,114,117,121,132,136,139,143&!@H=
#rmsd first :6,10,13,14,15,18,21,22,25,63,66,67,70,74,80,84,85,88,89,92,95,96,99,100,104,105,110,113,114,117,121,132,136,139,143&@CA,C,O,N
#rmsd first :6,10,13,14,15,18,21,22,25,63,66,67,70,74,80,84,85,88,89,92,95,96,99,100,104,105,110,113,114,117,121,132,136,139,143&@CA
average avg_vol2_4xcp_poc_aa.pdb pdb
#average avg_vol2_4xcp_poc_bb.pdb pdb
#average avg_vol2_4xcp_poc_ca.pdb pdb
go
reference avg_vol2_4xcp_poc_aa.pdb [avg]
#reference avg_vol2_4xcp_poc_bb.pdb [avg]
#reference avg_vol2_4xcp_poc_ca.pdb [avg]
rms ref [avg] :6,10,13,14,15,18,21,22,25,63,66,67,70,74,80,84,85,88,89,92,95,96,99,100,104,105,110,113,114,117,121,132,136,139,143&!@H= RMSD out rms_vol2_poc_aa
#rms ref [avg] :6,10,13,14,15,18,21,22,25,63,66,67,70,74,80,84,85,88,89,92,95,96,99,100,104,105,110,113,114,117,121,132,136,139,143&@CA,C,O,N RMSD out rms_vol2_poc_bb
#rms ref [avg] :6,10,13,14,15,18,21,22,25,63,66,67,70,74,80,84,85,88,89,92,95,96,99,100,104,105,110,113,114,117,121,132,136,139,143&@CA RMSD out rms_vol2_poc_ca
go
