Run semi-empirical minimization
 &qmmm
    qm_theory='AM1', grms_tol=0.0005,
 scfconv=1.d-10, ndiis_attempts=700,   qmcharge=0,
 /
   6    C1       18.8030        5.4620        7.6090 
   8    O1       17.9020        4.6540        7.7630 
   8    O2       18.6630        6.6120        6.9800 
   6    C2       20.2170        5.2060        8.1100 
   6    C3       20.2340        4.9100        9.5940 
   6    C4       20.2980        6.1910       10.4240 
   6    C5       19.7850        5.9060       11.8170 
   6    C6       20.7240        6.4750       12.8570 
   6    C7       21.1350        7.9030       12.5690 
   6    C8       21.8350        8.4720       13.7990 
   6    C9       22.4270        9.8610       13.6440 
   6    CA       23.2060       10.2700       14.8950 
   6    CB       23.8190       11.6650       14.8740 
   6    CC       24.9500       11.8350       13.8770 
   6    CD       26.0980       12.7170       14.3500 
   6    CE       27.0700       13.1150       13.2420 
   6    CF       28.4970       12.6550       13.5070 
   6    CG       29.5550       13.5990       12.9420 
   1   HG3       29.4330       13.6780       11.8620 
   1   HG2       29.4410       14.5850       13.3930 
   1   HG1       30.5480       13.2100       13.1680 
   1   HF2       28.6450       12.5580       14.5820 
   1   HF1       28.6370       11.6640       13.0750 
   1   HE2       26.7280       12.6920       12.2970 
   1   HE1       27.0590       14.1990       13.1290 
   1   HD2       25.6870       13.6200       14.8010 
   1   HD1       26.6480       12.1920       15.1310 
   1   HC2       25.3470       10.8500       13.6290 
   1   HC1       24.5430       12.2560       12.9570 
   1   HB2       23.0370       12.3890       14.6460 
   1   HB1       24.1910       11.9010       15.8710 
   1   HA2       22.5380       10.2010       15.7530 
   1   HA1       24.0050        9.5460       15.0540 
   1   H92       23.0870        9.8840       12.7770 
   1   H91       21.6300       10.5810       13.4570 
   1   H82       21.1210        8.4930       14.6220 
   1   H81       22.6340        7.7880       14.0870 
   1   H72       21.8010        7.9370       11.7070 
   1   H71       20.2600        8.5040       12.3210 
   1   H62       20.2430        6.4320       13.8340 
   1   H61       21.6160        5.8510       12.9130 
   1   H52       18.7920        6.3390       11.9400 
   1   H51       19.6840        4.8300       11.9600 
   1   H42       21.3230        6.5590       10.4690 
   1   H41       19.6990        6.9720        9.9560 
   1   H32       19.3410        4.3460        9.8630 
   1   H31       21.0920        4.2800        9.8300 
   1   H22       20.6510        4.3670        7.5660 
   1   H21       20.8400        6.0760        7.9040 
   1     H       18.3130        4.0870        8.4880 

