Frame	Volume
1	1019.36
2	990.64
3	990.137
4	1001.64
5	1001.25
6	994.603
7	993.486
8	995.272
9	993.372
10	986.242
11	996.041
12	991.005
13	995.332
14	988.874
15	997.691
16	999.491
17	994.212
18	999.292
19	988.998
20	991.559
21	991.402
22	994.083
23	994.906
24	991.083
25	994.012
26	990.874
27	992.613
28	991.904
29	992.997
30	989.712
31	992.363
32	991.827
33	992.645
34	990.202
35	992.738
36	993.18
37	992.758
38	991.681
39	991.481
40	990.3
41	994.012
42	992.477
43	990.729
44	990.642
45	994.818
46	994.848
47	990.681
48	994.004
49	994.122
50	992.564
51	993.274
52	993.654
53	994.043
54	991.43
55	993.263
56	992.996
57	991.103
58	992.735
59	995.752
60	992.956
61	990.816
62	994.12
63	992.464
64	993.525
65	991.943
66	991.979
67	992.828
68	987.651
69	988.336
70	993.041
71	992.168
72	992.311
73	992.891
74	992.46
75	992.882
76	992.208
77	991.475
78	991.696
79	992.805
80	992.248
81	994.194
82	993.094
83	991.746
84	993.172
85	992.068
86	991.787
87	991.685
88	992.155
89	993.198
90	992.281
91	992.606
92	992.468
93	992.767
94	992.256
95	993.543
96	992.308
97	993.114
98	992.313
99	992.88
100	992.716
101	992.18
102	992.539
103	992.89
104	992.035
105	992.673
106	992.808
107	992.856
108	992.435
109	992.531
110	992.277
111	992.234
112	992.783
113	993.709
114	992.876
115	991.751
116	992.515
117	992.571
118	992.332
119	991.857
120	992.165
121	992.385
122	991.547
123	993.811
124	992.251
125	992.622
126	991.93
127	992.578
128	992.135
129	992.777
130	992.298
131	992.292
132	992.733
133	992.411
134	993.568
135	992.558
136	992.451
137	992.415
138	992.338
139	992.331
140	993.008
141	992.995
142	991.592
143	991.571
144	992.557
145	992.651
146	992.171
147	992.541
148	992.491
149	992.808
150	992.017
151	992.676
152	992.204
153	993.053
154	992.176
155	992.807
156	991.987
157	992.024
158	991.875
159	992.403
160	992.609
161	992.971
162	992.407
163	992.173
164	992.197
165	992.152
166	992.531
167	992.464
168	992.389
169	992.445
170	992.616
171	992.848
172	992.969
173	992.405
174	992.204
175	992.932
176	992.853
177	992.413
178	992.106
179	993.05
180	992.077
181	992.387
182	992.582
183	993.067
184	992.64
185	992.275
186	992.526
187	992.576
188	992.102
189	992.614
190	992.302
191	992.506
192	992.377
193	992.328
194	992.482
195	992.16
196	992.764
197	992.485
198	992.701
199	992.665
200	992.384
201	992.794
202	992.519
203	992.823
204	992.668
205	992.842
206	992.758
207	992.726
208	992.316
209	993.065
210	992.559
211	992.318
212	992.403
213	992.564
214	992.692
215	992.881
216	993.066
217	993.054
218	992.49
219	992.646
220	992.349
221	992.51
222	992.385
223	992.403
224	993.04
225	992.631
226	991.993
227	992.315
228	992.521
229	992.26
230	992.95
231	992.836
232	992.474
233	992.598
234	992.006
235	992.453
236	991.961
237	993.111
238	992.931
239	992.407
240	992.515
241	992.715
242	992.374
243	992.503
244	992.531
245	992.674
246	992.664
247	992.632
248	992.412
249	992.498
250	992.586
251	992.913
252	992.448
253	992.336
254	992.713
255	992.602
256	992.569
257	992.655
258	992.82
259	992.592
260	992.588
261	992.547
262	992.569
263	992.561
264	992.593
265	992.316
266	992.504
267	992.556
268	992.323
269	992.496
270	992.599
271	992.588
272	992.843
273	992.312
274	992.611
275	992.621
276	992.569
277	992.489
278	992.553
279	992.589
280	992.356
281	992.372
282	992.667
283	992.524
284	992.414
285	992.521
286	992.385
287	992.36
288	992.607
289	992.64
290	992.504
291	992.524
292	992.379
293	992.454
294	992.717
295	992.625
296	992.485
297	992.46
298	992.366
299	992.414
300	992.332
301	992.433
302	992.401
303	992.515
304	992.641
305	992.474
306	992.469
307	992.546
308	992.369
309	992.614
310	992.598
311	992.481
312	992.512
313	992.564
314	992.559
315	992.543
316	992.566
317	992.343
318	992.393
319	992.713
320	992.487
321	992.577
322	992.579
323	992.604
324	992.621
325	992.364
326	992.532
327	992.607
328	992.501
329	992.514
330	992.459
331	992.466
332	992.753
333	992.325
334	992.707
335	992.527
336	992.489
337	992.551
338	992.555
339	992.48
340	992.691
341	992.515
342	992.485
343	992.443
344	992.657
345	992.602
346	992.541
347	992.512
348	992.502
349	992.389
350	992.411
351	992.52
352	992.537
353	992.628
354	992.561
