 Eigenvector file: MWCOVAR nmodes 48 width 11
   54   54
   38.57749   28.96125   36.17907   39.24073   28.82388   36.20048   38.75033
   28.98056   36.18758   37.61939   29.10757   36.14481   36.64167   29.45212
   35.98416   35.62755   29.77865   35.77642   34.62293   30.17785   35.36856
   33.73177   30.63146   34.90448   32.92809   31.07839   34.20933   32.45061
   31.53466   33.29711   32.21392   31.98941   32.27743   32.26149   32.36049
   31.18213   32.56915   32.72079   30.16654   33.09802   32.91848   29.24401
   33.68426   32.98421   28.39108   34.29101   32.95689   27.63377   34.84000
   32.89740   26.93076   35.30860   32.73493   26.38328
 ****
    1     4.37179
    0.00014    0.02407   -0.07595    0.00144    0.02789   -0.08960    0.00123
    0.02361   -0.07410   -0.00281    0.02007   -0.06353   -0.00681    0.01484
   -0.04313   -0.01306    0.01427   -0.02259   -0.02129    0.00921   -0.00601
   -0.03231    0.00881    0.00977   -0.04199    0.00462    0.01807   -0.04746
    0.00426    0.01859   -0.04206    0.00319    0.01811   -0.03510    0.00221
    0.01760   -0.01326   -0.00316    0.02158    0.00757   -0.00907    0.03177
    0.03220   -0.01990    0.04198    0.05244   -0.03043    0.05515    0.07324
   -0.04167    0.06621    0.08786   -0.05280    0.07606
 ****
    2    10.22020
    0.01987   -0.01207    0.05187    0.02636   -0.00869    0.06835    0.00665
   -0.01354    0.09012    0.02899   -0.01379   -0.01658    0.02765   -0.01314
   -0.04324    0.03411   -0.00502   -0.06545    0.03492   -0.00774   -0.07146
    0.02802   -0.00247   -0.06022    0.01340   -0.00074   -0.04251   -0.01366
    0.01405   -0.01914   -0.04025    0.02847   -0.00756   -0.05901    0.03863
   -0.00623   -0.06718    0.04646   -0.00675   -0.05996    0.04369   -0.00735
   -0.03722    0.02191    0.00356   -0.01124   -0.00325    0.02031    0.02025
   -0.03904    0.04348    0.04831   -0.07374    0.06880
 ****
    3    13.29840
   -0.00128    0.04818   -0.00088    0.01342    0.10078   -0.01576   -0.01179
    0.04943    0.02481   -0.00473   -0.01087   -0.01823   -0.02218   -0.06218
   -0.00341   -0.02325   -0.07722   -0.00764   -0.02618   -0.08387   -0.00140
   -0.01925   -0.06100    0.00204   -0.00560   -0.03311    0.00422    0.00778
    0.00832    0.01454    0.02389    0.04236    0.02531    0.03255    0.06710
    0.03287    0.03662    0.07002    0.03467    0.02834    0.05118    0.02298
    0.01723    0.02742    0.00577   -0.00017   -0.00878   -0.01791   -0.01434
   -0.04546   -0.04280   -0.03105   -0.08230   -0.05919
 ****
    4    18.30108
   -0.04947    0.02343   -0.00710   -0.07567   -0.00147    0.05807   -0.04576
    0.05196   -0.07515   -0.02531    0.01017    0.01178   -0.00327    0.01176
   -0.03587    0.01439   -0.00268   -0.03339    0.01779   -0.00810   -0.04561
    0.03570   -0.01020   -0.04039    0.03237   -0.01143   -0.03103    0.05378
   -0.00502   -0.02600    0.05910    0.00404   -0.01652    0.05127    0.00067
   -0.01237    0.04579    0.00426   -0.00442    0.03202   -0.00423    0.00937
    0.00706   -0.01319    0.02297   -0.01680   -0.01838    0.05045   -0.05126
   -0.01972    0.07351   -0.08173   -0.01187    0.10169
 ****
    5    19.58880
    0.05306   -0.00209   -0.00022    0.04463   -0.08361    0.06131    0.11548
    0.09058   -0.10065   -0.01788   -0.03667    0.06583   -0.01984    0.00456
    0.02876   -0.04136   -0.02749    0.03566   -0.03850   -0.01107    0.01558
   -0.01864   -0.01239   -0.00308   -0.02412   -0.00272   -0.00695   -0.00720
    0.00461   -0.01685   -0.01125    0.01512   -0.01719   -0.01477    0.02462
   -0.01991   -0.01543    0.03350   -0.01750   -0.01248    0.02901   -0.01360
   -0.00860    0.02270   -0.00903    0.00138   -0.00012   -0.00281    0.00441
   -0.01374   -0.00059    0.01110   -0.03481    0.00125
 ****
    6    21.59168
    0.00331    0.00376   -0.01490   -0.00189    0.01153   -0.12724    0.02878
    0.00910    0.05851   -0.02430   -0.01287    0.01108   -0.03384   -0.02296
    0.08231   -0.02741   -0.01099    0.06292   -0.01064   -0.00462    0.04581
    0.01512    0.00525   -0.00192    0.05176   -0.00042   -0.03692    0.04976
   -0.00185   -0.03807    0.04794   -0.00133   -0.03934    0.02701    0.00336
   -0.03271   -0.01211    0.00745   -0.04167   -0.03826    0.02002   -0.04774
   -0.03988    0.01988   -0.03186   -0.03374    0.00852   -0.00293   -0.01305
   -0.00723    0.04662    0.01145   -0.02660    0.10806
 ****
    7    22.54701
    0.02530   -0.02172   -0.00276    0.04715    0.03958    0.01910    0.02030
   -0.15075   -0.04341    0.01005    0.08399    0.02795    0.00370    0.04949
    0.02231   -0.02029    0.04584    0.02141   -0.01792    0.01186    0.00579
   -0.03952   -0.02851   -0.00335   -0.02575   -0.03465   -0.02392   -0.01375
   -0.04889   -0.03652   -0.01389   -0.02377   -0.02948    0.01946    0.01636
   -0.01793    0.02320    0.03177   -0.00577    0.03091    0.05602    0.00097
    0.02619    0.03854    0.01233    0.00402    0.01784    0.00922   -0.02099
   -0.02037    0.01829   -0.05818   -0.06263    0.02577
 ****
    8    23.66602
   -0.02272    0.00510   -0.01372   -0.01716    0.09362    0.04983   -0.04988
   -0.05632   -0.11722    0.00740   -0.00851    0.05481    0.00247   -0.04390
    0.03256    0.02133   -0.02344    0.04001    0.01855   -0.02529    0.02190
    0.04295   -0.00236    0.00570    0.04063    0.00774    0.00283    0.03500
    0.01933    0.00955    0.00828    0.01750    0.01348   -0.02433    0.00756
    0.00773   -0.05372    0.00178   -0.00519   -0.06806   -0.00420   -0.02518
   -0.05552   -0.00324   -0.03440   -0.01537   -0.00109   -0.02901    0.03327
    0.00281   -0.01787    0.09688    0.01293    0.00418
 ****
    9    24.50241
   -0.04289    0.00072   -0.01068   -0.09785   -0.05490   -0.03381   -0.01828
    0.03370   -0.00753   -0.01486    0.01589    0.01112    0.02903    0.05318
    0.03279    0.03924    0.03949    0.02476    0.04804    0.02079    0.01042
    0.03616   -0.01737    0.00007    0.02827   -0.05554   -0.01376    0.01410
   -0.08119   -0.01623   -0.00833   -0.05624   -0.00285   -0.01977   -0.00814
    0.01659   -0.02211    0.03559    0.03588   -0.02340    0.06396    0.04021
   -0.01071    0.06593    0.02953   -0.00063    0.03255    0.00065    0.02291
   -0.00675   -0.03760    0.04107   -0.08168   -0.07958
 ****
   10    31.57123
    0.00655    0.00000    0.00720   -0.09884    0.07348   -0.01562    0.13852
   -0.04014    0.00665   -0.05494   -0.02693    0.03175   -0.00683   -0.03787
    0.02941   -0.00650   -0.01324   -0.00815    0.04162    0.01808   -0.03324
    0.02324    0.01353   -0.03975    0.03277    0.02488   -0.04002   -0.01282
    0.02083   -0.00999   -0.04769    0.00575   -0.01481   -0.04007    0.01229
    0.00169   -0.01430   -0.00450    0.00961    0.01294   -0.02691    0.02947
    0.03592   -0.02713    0.04487    0.02073   -0.02741    0.03772    0.00997
    0.00133    0.00870   -0.04026    0.03395   -0.04548
 ****
   11    33.97626
   -0.00305    0.00063    0.00144    0.03327   -0.05248   -0.06169   -0.05685
    0.00459   -0.00870    0.03119    0.05290    0.08316    0.00368    0.04929
    0.09272    0.02615   -0.00467    0.00138    0.00917   -0.03784   -0.02679
    0.01930   -0.06066   -0.08643    0.00203   -0.04313   -0.05092   -0.03018
    0.03449   -0.00614   -0.02022    0.05539    0.01369   -0.03293    0.06624
    0.02596   -0.01904    0.03460    0.01442    0.01688   -0.04347    0.01377
    0.01244   -0.05314    0.00588    0.02262   -0.05311    0.00229    0.00100
   -0.01871   -0.00136   -0.01547    0.06908   -0.01269
 ****
   12    35.02043
   -0.00034   -0.00240   -0.00169    0.07943    0.02928   -0.00973   -0.07850
    0.03492   -0.02249    0.01657   -0.08691    0.03413   -0.03313   -0.07487
    0.05166    0.02782    0.01445    0.00674    0.01335    0.03537    0.01305
    0.04550    0.07193   -0.03061    0.02553    0.02955   -0.02410   -0.04065
    0.00160   -0.01620   -0.03972   -0.05032   -0.03350   -0.05509   -0.04227
   -0.02175   -0.01530   -0.01699   -0.01414    0.03397    0.02625    0.02196
    0.05343    0.02837    0.02754    0.03903    0.04263    0.02757    0.00407
   -0.00104    0.00983   -0.07597   -0.03957   -0.01828
 ****
   13    40.40979
   -0.00184    0.00032    0.00532   -0.06126    0.00084   -0.01673    0.02079
    0.00950   -0.01017    0.03109   -0.01123    0.04912    0.04118   -0.02116
    0.03511    0.04867    0.01801   -0.00941    0.02720   -0.03730   -0.03116
   -0.01016    0.00452   -0.02160   -0.03492    0.00006    0.00470   -0.11187
    0.00019    0.06111   -0.04789    0.04301    0.05066    0.05405   -0.02758
    0.03142    0.02097   -0.05538   -0.01356    0.02721    0.03201   -0.05443
    0.01993   -0.00328   -0.06401   -0.00068    0.07552   -0.06942   -0.00192
    0.02386   -0.02940   -0.02054   -0.05192    0.08246
 ****
   14    42.32491
    0.00516   -0.00081   -0.00158    0.00598   -0.00165    0.00945    0.02188
   -0.00227    0.00232   -0.01613    0.00155   -0.01666   -0.03872   -0.04971
   -0.01218    0.01974    0.10158    0.00059   -0.03393   -0.05454    0.01347
    0.02709    0.08878   -0.00371   -0.00190   -0.06827   -0.01628   -0.04764
   -0.06444   -0.00971    0.07264    0.05335    0.00529    0.02974    0.00035
    0.01032   -0.04594    0.00358   -0.02539    0.02878    0.07226    0.04439
   -0.04148   -0.10064    0.00818    0.00127    0.03419    0.01614   -0.01115
   -0.06950    0.00115    0.02463    0.05619   -0.02579
 ****
   15    44.65259
    0.00149    0.01206    0.00396    0.01156   -0.02993   -0.01719    0.00570
   -0.01758   -0.00122   -0.01207    0.09636    0.03393   -0.03145    0.00803
   -0.00095   -0.02596   -0.02595   -0.03257   -0.03176   -0.08222   -0.04121
    0.00647   -0.00335   -0.03013    0.03261    0.04750    0.01266    0.02980
    0.06659    0.02649    0.05997    0.02858    0.01018    0.00256   -0.05035
   -0.00616   -0.04637   -0.10905   -0.03626   -0.01951    0.00740    0.02739
   -0.01054    0.01236    0.04581    0.01216    0.07454    0.05357    0.01848
    0.04210    0.01518   -0.00313   -0.07708   -0.06349
 ****
   16    46.51576
   -0.00309    0.00587   -0.00028   -0.06117   -0.00972    0.00159   -0.00540
    0.00068    0.00942    0.06232    0.02916   -0.01549    0.06340   -0.00160
   -0.02017    0.01849   -0.03629    0.04853   -0.00608   -0.05710    0.03767
   -0.00742   -0.00640    0.06805   -0.02080   -0.00903    0.04486    0.03213
    0.02601   -0.00322    0.00618    0.03123   -0.02135   -0.08562   -0.04252
   -0.06962   -0.08526    0.06637   -0.05542    0.03614    0.01253   -0.02360
    0.02599   -0.01087   -0.02453    0.09389    0.02052   -0.00042    0.01239
   -0.03753    0.01203   -0.07609    0.01870    0.01194
 ****
   17    46.77792
   -0.00717    0.00562   -0.00995    0.02276   -0.01713    0.02128   -0.02199
    0.01530   -0.00152   -0.01959    0.01779   -0.05546    0.01223    0.00064
   -0.01219   -0.04104   -0.01002    0.06762    0.02743   -0.00838   -0.00398
   -0.01569   -0.01454    0.06183    0.08083    0.02243   -0.07687    0.04043
   -0.07153   -0.03730   -0.10778    0.08972    0.02845    0.03170    0.02680
    0.01312   -0.01908   -0.06015    0.02089   -0.03795    0.03508   -0.03016
    0.04679   -0.07056    0.02040    0.00322    0.01795   -0.00137    0.05235
    0.02237   -0.00454   -0.04743   -0.00141   -0.00025
 ****
   18    49.74293
    0.00296    0.00271    0.00408   -0.00866   -0.01254   -0.00964    0.00645
    0.00262    0.00335    0.00876    0.01896    0.01920   -0.00321   -0.04092
   -0.02016    0.01638    0.07029    0.03903   -0.02113   -0.08103   -0.05564
    0.01415    0.05738    0.04795   -0.03914   -0.06049   -0.00346    0.08463
    0.06680   -0.02330   -0.04372   -0.06073   -0.00961   -0.09393    0.08142
    0.00438    0.09327   -0.06504    0.02817   -0.01918    0.01166    0.01394
    0.02579   -0.00124   -0.04275   -0.02368    0.00899    0.00418    0.00078
    0.00226   -0.02303   -0.00051   -0.00110    0.02330
 ****
   19    50.28197
    0.00027    0.00210    0.01119    0.01036    0.00303   -0.04090   -0.01523
    0.00676   -0.00019    0.01018   -0.00383    0.07969    0.01704   -0.02436
    0.01170   -0.00244   -0.02184    0.01115    0.04287    0.01600   -0.13612
   -0.03974   -0.02378    0.03812   -0.05020    0.10577    0.06491    0.03966
   -0.06194   -0.03072   -0.01806   -0.00135    0.00217    0.01907   -0.02704
   -0.03417    0.00780   -0.01083   -0.00656    0.01453    0.09601    0.01811
   -0.02913   -0.01584    0.00118   -0.01038   -0.02813    0.02794   -0.03018
   -0.06095   -0.00661    0.03356    0.05021   -0.01089
 ****
   20    50.86176
   -0.00143    0.01007    0.00012   -0.01687   -0.01691    0.00962    0.00219
    0.00073    0.00297    0.01162    0.04904   -0.01331   -0.01096   -0.00044
   -0.03483   -0.01090   -0.06066   -0.00207   -0.01368    0.00585    0.07039
    0.03899   -0.02628   -0.03517    0.04700    0.07770    0.02778   -0.03282
   -0.01226   -0.00217   -0.03234   -0.11207   -0.04022    0.01129    0.12155
    0.05711   -0.03477   -0.06299   -0.02200    0.05031    0.04388    0.02680
   -0.03064   -0.02327   -0.04654    0.04099    0.02903   -0.00102   -0.01871
   -0.04986   -0.02682    0.00073    0.02688    0.02934
 ****
   21    51.49825
    0.00047    0.00688   -0.00168   -0.00043   -0.02016    0.00367   -0.00254
    0.00154   -0.00719    0.00699    0.04198   -0.00104   -0.00448   -0.01106
    0.01726   -0.01431   -0.00938   -0.03609    0.00366   -0.04071   -0.00362
   -0.03003    0.03067    0.04737    0.06221   -0.01367   -0.07229   -0.00124
    0.10227    0.07208   -0.08705   -0.08061   -0.03617    0.08007   -0.07804
   -0.01155    0.00465    0.06550    0.03255   -0.00412    0.03093   -0.02828
   -0.00337   -0.00438    0.04053   -0.01982    0.01622   -0.01243   -0.01985
   -0.08330    0.00647    0.02918    0.04530   -0.00959
 ****
   22    53.47915
    0.00237    0.00285    0.00463   -0.02101   -0.00778   -0.00219   -0.00578
    0.00767   -0.00543    0.03707    0.00569    0.02469    0.01206   -0.03776
    0.01743    0.03581    0.04035   -0.06288   -0.01553   -0.03592    0.01981
   -0.05049    0.00537    0.02974    0.01818    0.02252    0.03432   -0.04362
   -0.02468    0.01525    0.04560   -0.04815   -0.02354    0.03419    0.06642
    0.00702   -0.01221   -0.00826   -0.04666   -0.08845    0.04135   -0.05394
    0.05181    0.02392    0.02288   -0.04438   -0.09480   -0.00242    0.10767
    0.01672    0.05872   -0.06330    0.02450   -0.03742
 ****
   23    55.61571
    0.00251    0.01230    0.00309    0.00307   -0.02448   -0.00258    0.01151
   -0.00287   -0.00389   -0.00733    0.06838    0.01817   -0.03657   -0.04581
    0.00506   -0.00380    0.01032   -0.05655   -0.02006   -0.04046    0.00044
   -0.00140    0.01102    0.00322    0.06424    0.09161    0.03289   -0.00664
   -0.07002   -0.03428    0.02437   -0.01604   -0.00197   -0.07749   -0.03838
   -0.00134    0.02741    0.10087    0.06776    0.00597   -0.04532    0.02731
    0.03829   -0.05909    0.00886   -0.04464    0.03177   -0.08389    0.01939
    0.03449   -0.03863    0.00118   -0.01831    0.05634
 ****
   24    55.99096
   -0.00220   -0.01175    0.00212    0.01128    0.02176   -0.00818    0.00214
    0.00516   -0.00402   -0.02340   -0.06797    0.02019   -0.00376    0.03911
    0.03795    0.01875    0.02257   -0.08067    0.01185    0.05577   -0.01743
   -0.05866   -0.05523    0.03024   -0.02623   -0.02807    0.02114    0.07217
    0.03121    0.00752    0.02094   -0.04627   -0.01346    0.01803    0.05083
    0.00321   -0.03290    0.02036    0.01867   -0.02536   -0.01547   -0.00838
   -0.02505   -0.12377   -0.00817    0.02919    0.13104   -0.00881    0.04929
   -0.00492    0.01246   -0.03607   -0.02436   -0.00438
 ****
   25    56.85996
   -0.00340    0.00606   -0.00001    0.01561   -0.01114   -0.00054   -0.00057
    0.00922   -0.00383   -0.02347    0.01973    0.00666   -0.01848   -0.06945
   -0.00316    0.00552    0.07674    0.01841    0.04260   -0.02423   -0.07694
   -0.04951    0.00216    0.07162    0.02951    0.00573   -0.01870    0.00103
   -0.03077    0.02172   -0.00731   -0.01684   -0.02806    0.04809    0.05271
    0.04460   -0.08277    0.03292   -0.02366    0.05750   -0.11653    0.00438
   -0.05522    0.06555   -0.02131    0.07365   -0.02052    0.00318   -0.03273
    0.04854    0.00381   -0.00004   -0.02986    0.00183
 ****
   26    58.61205
    0.00000   -0.00572   -0.00796   -0.00830    0.00530    0.02074    0.00342
    0.00649   -0.00727    0.00492   -0.03540   -0.03824    0.00313    0.00953
    0.07809    0.03121    0.06357   -0.09966   -0.00199   -0.01482    0.05906
   -0.09526   -0.07654    0.03900    0.08567    0.01603   -0.01998    0.01006
    0.01523   -0.00998   -0.00396    0.05452   -0.00604   -0.07468   -0.02040
   -0.01186    0.03000   -0.06193   -0.02090    0.04487    0.04171    0.04215
   -0.01456    0.03393   -0.03854    0.00362   -0.03225    0.03433   -0.05067
   -0.01006   -0.02853    0.03251    0.01082    0.01560
 ****
   27    59.91268
    0.00366    0.00088    0.01007   -0.00693    0.00156   -0.01969   -0.00177
   -0.00974   -0.00341    0.02373    0.01422    0.05965   -0.00018    0.03622
    0.02053   -0.00091   -0.10843   -0.12764   -0.02532   -0.00124    0.02701
    0.02131    0.13255    0.07426   -0.00552   -0.04414   -0.01708    0.01424
   -0.05795   -0.03473   -0.04261    0.02416    0.01225    0.01645    0.01738
   -0.00173    0.02132    0.00252    0.01074    0.00343   -0.00099   -0.00786
   -0.05481   -0.00494   -0.03410    0.05007   -0.03138    0.03955   -0.01508
    0.05106   -0.00283   -0.00106   -0.02175   -0.00498
 ****
   28    61.11528
    0.00070   -0.00966   -0.00233   -0.00463    0.01269    0.00153    0.00512
   -0.00190    0.00326   -0.00014   -0.04313   -0.01324    0.00205    0.05252
    0.01282    0.02115    0.04811   -0.00173   -0.05615   -0.08866    0.00835
    0.03113   -0.00381   -0.03002    0.01264    0.07689    0.02825   -0.00066
   -0.05294   -0.03457   -0.04450    0.01397    0.02791    0.01273    0.00071
    0.00462    0.06450    0.01276    0.03658   -0.04104   -0.07751   -0.06739
   -0.03522    0.05690   -0.02567    0.04813    0.06779    0.03095   -0.00814
   -0.08824    0.07584   -0.00766    0.02353   -0.05517
 ****
   29    61.93258
    0.00739    0.01692    0.00171   -0.02163   -0.02537    0.00208   -0.00716
    0.00558   -0.00233    0.05767    0.07282    0.00550    0.00612   -0.12280
   -0.01579    0.00210   -0.01243    0.03066    0.03671    0.07731    0.03889
   -0.04035   -0.03428   -0.01045   -0.00451   -0.00503   -0.02848   -0.04451
    0.00938   -0.00883   -0.00281    0.02123   -0.01445   -0.01967   -0.00214
   -0.01698    0.09839    0.02590    0.00446   -0.00887   -0.01310   -0.01012
   -0.06863   -0.04787   -0.05692   -0.00947    0.04119    0.06891    0.00707
    0.01846    0.08129    0.01216   -0.02577   -0.06915
 ****
   30    62.68405
    0.00515   -0.01061    0.00293   -0.01357    0.01530   -0.00647   -0.00348
    0.00193    0.00675    0.03562   -0.05221    0.00785    0.01150    0.02964
   -0.02612    0.02837    0.05882    0.03042   -0.06253   -0.06498    0.03211
    0.02529   -0.03189   -0.03367   -0.00962    0.04701    0.01019    0.02261
    0.03059   -0.01893   -0.07692   -0.02521   -0.02211    0.05095   -0.01652
   -0.03012   -0.01220    0.04127    0.00375    0.06074    0.04537    0.01640
   -0.05487   -0.08301    0.01021   -0.01683   -0.06506    0.00844   -0.00865
    0.13157    0.03211    0.01846   -0.05199   -0.02376
 ****
   31    64.75485
   -0.00193   -0.01104   -0.00604   -0.00013    0.01612    0.01134   -0.01433
   -0.00139   -0.00288    0.00940   -0.04865   -0.02844    0.06999    0.09139
    0.03485   -0.03840   -0.06156    0.04990    0.02991   -0.05439   -0.05780
   -0.03505    0.05410    0.04945    0.03435    0.02015   -0.03516   -0.08030
   -0.00383    0.00977    0.05273   -0.01741   -0.05416   -0.04551    0.03816
    0.00825    0.02594    0.00278   -0.03351    0.05366   -0.02333    0.04527
   -0.00875   -0.02757   -0.00979   -0.08498    0.03418   -0.01974    0.00824
    0.00744    0.07083    0.02516   -0.01515   -0.03214
 ****
   32    65.13913
   -0.00374   -0.00374   -0.00883    0.01737    0.00254    0.01320    0.00320
   -0.00505    0.00055   -0.03622   -0.00756   -0.04393   -0.00320    0.04070
    0.02413   -0.02677    0.00445    0.03912    0.02054   -0.02936   -0.05005
    0.00193    0.00576   -0.01592    0.02980    0.01774   -0.00542   -0.05161
    0.01008    0.04474    0.05128   -0.04467    0.00267   -0.01114   -0.04329
    0.01976    0.05334    0.04825    0.01879   -0.07592    0.04635   -0.00330
   -0.05057   -0.03469   -0.07455    0.09120   -0.04424    0.09697    0.04265
    0.03574   -0.09068   -0.05213    0.00100    0.03275
 ****
   33    66.46403
   -0.00790    0.00706   -0.01318    0.01902   -0.00921    0.01773    0.01191
   -0.00292   -0.00150   -0.05840    0.03538   -0.05784   -0.04653   -0.00169
    0.05801    0.00014   -0.01173   -0.01778    0.02705    0.00826   -0.02410
    0.04198    0.00140   -0.01477   -0.01822   -0.01937    0.02794    0.04141
    0.00815    0.01832   -0.02920   -0.00394    0.03903   -0.01816   -0.04074
    0.01034   -0.00510   -0.01408    0.02112    0.08149    0.04204    0.02500
   -0.07695    0.03441   -0.07652   -0.01358   -0.03921   -0.08823    0.10690
   -0.00993    0.09441   -0.05586    0.01613   -0.01796
 ****
   34    68.99101
    0.00231   -0.01015    0.02838    0.00854    0.01422   -0.04599   -0.00204
   -0.00042    0.00451   -0.00257   -0.04371    0.13271    0.01248    0.03319
   -0.15960   -0.02721    0.02506    0.00649   -0.03330    0.02043    0.01871
   -0.02713   -0.02318    0.01326    0.06868   -0.01044   -0.05819   -0.00282
    0.00327    0.01876    0.01591    0.01737    0.00809   -0.02419   -0.04150
    0.03752    0.00274   -0.00568    0.01809    0.01695    0.00648    0.04209
   -0.03283    0.03353   -0.05279   -0.00476   -0.00393   -0.02321    0.06693
   -0.03081    0.00741   -0.03770    0.01625    0.00375
 ****
   35    79.49098
   -0.02262    0.00363    0.00645    0.03975    0.00051   -0.01591    0.00265
   -0.00121    0.00174   -0.11825    0.01151    0.03521   -0.02714    0.02486
   -0.05452    0.02413    0.00164   -0.01332    0.06255   -0.01384    0.01221
    0.04293   -0.03279    0.03888    0.04175   -0.02777    0.04353   -0.03424
   -0.00708    0.05490   -0.00095   -0.00811    0.01059   -0.05579    0.01484
   -0.01729    0.02268    0.01109   -0.02530   -0.01130    0.05269   -0.08204
    0.05445   -0.03964   -0.01506    0.04266   -0.01515   -0.02772   -0.09819
    0.03446    0.08249    0.03493   -0.00966   -0.03484
 ****
   36    83.14672
   -0.01584    0.00328    0.00211    0.02556   -0.00197   -0.00791   -0.00094
   -0.00261    0.00277   -0.07557    0.01353    0.01535   -0.01747    0.01296
   -0.02130    0.05279   -0.00449   -0.01482    0.04729   -0.03021    0.03575
    0.05325   -0.02837    0.03666   -0.01443   -0.00934    0.05042   -0.02105
   -0.00189    0.01160   -0.06282    0.03262   -0.03607    0.02858    0.00914
   -0.04985    0.01055    0.03450   -0.07241    0.03534   -0.05149    0.01799
    0.00329    0.01298   -0.02511   -0.11460    0.03066    0.11012    0.07541
   -0.02146   -0.07159   -0.00933    0.00216    0.01629
 ****
   37    96.20928
   -0.01372    0.00291    0.00276    0.01698   -0.00137   -0.00230   -0.00159
    0.00171    0.00141   -0.05769    0.00764    0.00964    0.03702   -0.00887
   -0.01561    0.05357   -0.00893    0.00690    0.04596   -0.03002    0.03938
    0.00036   -0.01284    0.03247   -0.03455    0.01475   -0.00650   -0.05668
    0.03357   -0.04928    0.01218    0.03038   -0.07475    0.00850    0.01492
   -0.05172    0.06175   -0.04441    0.03127   -0.03314   -0.00154    0.03142
   -0.10998    0.01077    0.12325    0.06867   -0.00695   -0.08589    0.02564
   -0.00576   -0.02053   -0.02328    0.00405    0.02810
 ****
   38   105.82692
   -0.02368    0.00616    0.00133    0.02933   -0.00405   -0.00207   -0.00167
    0.00344   -0.00071   -0.10188    0.01944    0.00610    0.12867   -0.03175
    0.00376    0.02074   -0.00606   -0.01377    0.02753   -0.03829    0.06273
   -0.04754    0.03480   -0.04182   -0.06617    0.03221   -0.02296    0.02793
    0.02210   -0.06539    0.00579   -0.00474   -0.02806    0.03694   -0.04084
    0.07107   -0.04247    0.00894    0.03143   -0.03741    0.00257    0.05498
    0.06289   -0.00127   -0.08669   -0.00201   -0.00586    0.01203   -0.02464
    0.00333    0.02963    0.00764   -0.00011   -0.01159
 ****
   39   112.99570
    0.01614   -0.00364   -0.00259   -0.01642    0.00017    0.00695    0.01137
   -0.00611    0.00252    0.05117   -0.00483   -0.01240   -0.15087    0.04523
   -0.01166    0.10422   -0.03321    0.02407    0.01269   -0.00107   -0.01620
    0.02424   -0.03621    0.07736   -0.03732    0.02593   -0.04099   -0.03505
    0.02752   -0.04915    0.01332    0.01891   -0.05057    0.03514   -0.02961
    0.03242   -0.01731   -0.00369    0.02452   -0.06074    0.00146    0.07365
    0.05727    0.00169   -0.06499    0.00978   -0.00165   -0.01670   -0.01981
    0.00035    0.03116    0.00218   -0.00123   -0.00739
 ****
   40   118.96323
   -0.00497    0.00097    0.00032    0.00590   -0.00118    0.00149    0.00715
   -0.00107    0.00035   -0.02890    0.00702   -0.00056   -0.01111    0.00427
   -0.01322    0.07702   -0.02270    0.01807   -0.00109   -0.00475    0.00768
   -0.02669   -0.00145    0.03520   -0.02095    0.03028   -0.07068   -0.03596
    0.03274   -0.07365    0.06762   -0.04979    0.09351   -0.02472    0.01072
   -0.01942   -0.05506   -0.01849    0.09712    0.08851    0.01305   -0.12216
   -0.01677    0.00553    0.01536   -0.03958   -0.00475    0.05743    0.01804
   -0.00049   -0.02359    0.00157    0.00011   -0.00324
 ****
   41   133.96973
   -0.00244    0.00108   -0.00188    0.00345   -0.00093    0.00065    0.00394
   -0.00255    0.00224   -0.01714    0.00808   -0.00691   -0.00502    0.00018
    0.00435    0.07231   -0.01871    0.00204   -0.03836    0.00201    0.02048
    0.00591   -0.00375   -0.00055   -0.08982    0.06849   -0.11810    0.07675
   -0.06950    0.12956    0.01217    0.01099   -0.04794   -0.05722   -0.01014
    0.07901    0.03399    0.01206   -0.05829    0.01664    0.00946   -0.03840
   -0.01714   -0.00782    0.04188   -0.00392   -0.00043    0.00150    0.00618
    0.00051   -0.01063   -0.00030    0.00097    0.00098
 ****
   42   144.72670
   -0.00858    0.00233   -0.00235    0.00725   -0.00108    0.00081    0.00505
   -0.00154    0.00143   -0.03979    0.01183   -0.00599    0.01737   -0.00571
   -0.00049    0.08607   -0.02871    0.02646   -0.05585    0.01608   -0.01052
   -0.04092    0.01207   -0.00687    0.02606    0.01621   -0.05166    0.00015
   -0.00587    0.01144   -0.01388   -0.05513    0.15662    0.02100    0.03136
   -0.09724    0.02266    0.02572   -0.09620   -0.04048   -0.01949    0.10078
    0.00273   -0.00207   -0.00615    0.02083    0.00557   -0.03132   -0.00919
   -0.00182    0.00850   -0.00048    0.00025    0.00275
 ****
   43   148.30048
    0.00607   -0.00253    0.00050   -0.00217    0.00107    0.00159    0.00177
    0.00004   -0.00074    0.01807   -0.00765    0.00316   -0.07582    0.03320
   -0.03011    0.03548   -0.02515    0.03165    0.09162   -0.03411    0.02703
   -0.11427    0.05676   -0.06658    0.02209   -0.02291    0.05224    0.03570
    0.01738   -0.07372   -0.02834   -0.01157    0.03588   -0.01566   -0.03128
    0.10719    0.03253    0.02818   -0.09321    0.01035    0.00461   -0.03240
   -0.02527   -0.00903    0.05266    0.00171    0.00390   -0.00749    0.00741
   -0.00102   -0.01069   -0.00126    0.00010    0.00303
 ****
   44   163.63185
    0.00743   -0.00148    0.00366   -0.00648    0.00051   -0.00246   -0.00575
    0.00271   -0.00221    0.03197   -0.01122    0.00763   -0.00498   -0.00179
    0.00367   -0.12492    0.05380   -0.05552    0.09026   -0.03750    0.04453
    0.08471   -0.04530    0.06233   -0.07738    0.04621   -0.07495   -0.01238
    0.02221   -0.05076    0.01671   -0.03823    0.09323   -0.00509   -0.00853
    0.02636    0.01443    0.02168   -0.07737   -0.00856   -0.00128    0.01532
   -0.00425   -0.00399    0.01560    0.00526    0.00305   -0.01037    0.00019
   -0.00098    0.00130   -0.00118    0.00013    0.00001
 ****
   45   165.69902
   -0.00784    0.00415   -0.00257    0.00394   -0.00170    0.00146    0.00271
   -0.00114    0.00100   -0.03543    0.01252   -0.00916    0.06136   -0.02552
    0.02492    0.02945   -0.00791   -0.00130   -0.12416    0.06123   -0.06495
    0.06603   -0.04542    0.06861    0.03849   -0.02524    0.02760   -0.03585
    0.04606   -0.09054   -0.01034    0.00105   -0.00178   -0.00852   -0.04215
    0.12512    0.02403    0.02181   -0.07775    0.00453    0.00793   -0.02584
   -0.01085   -0.00848    0.03120   -0.00089    0.00412   -0.00178    0.00365
   -0.00060   -0.00302   -0.00033   -0.00073   -0.00121
 ****
   46   375.54383
   -0.01631   -0.22874   -0.08590    0.00556    0.06530    0.02484    0.00647
    0.07836    0.02930    0.00643    0.07968    0.02961    0.00097    0.00449
    0.00257   -0.00055    0.00452    0.00045    0.00028    0.00251    0.00143
    0.00055   -0.00023    0.00065   -0.00090   -0.00089   -0.00032   -0.00129
   -0.00184   -0.00149   -0.00119   -0.00273   -0.00124   -0.00130   -0.00253
   -0.00079   -0.00039   -0.00170   -0.00113   -0.00090   -0.00101   -0.00071
    0.00008   -0.00004    0.00015    0.00033    0.00077    0.00054    0.00079
    0.00151    0.00094    0.00137    0.00256    0.00110
 ****
   47   436.19646
   -0.13549    0.08402   -0.19541    0.03258   -0.01971    0.04933    0.04014
   -0.02498    0.06043    0.04325   -0.02731    0.06264    0.00140    0.00018
    0.00071   -0.00231    0.00018    0.00195    0.00162   -0.00069    0.00181
    0.00094   -0.00116    0.00215    0.00053   -0.00056    0.00085    0.00119
   -0.00054    0.00142    0.00161   -0.00130    0.00212    0.00120   -0.00127
    0.00194    0.00218   -0.00135    0.00160    0.00151   -0.00091    0.00123
    0.00246   -0.00153    0.00192    0.00229   -0.00099    0.00159    0.00251
   -0.00113    0.00183    0.00239   -0.00096    0.00190
 ****
   48   513.59365
   -0.20947   -0.03249    0.12969    0.05476    0.01050   -0.03501    0.06714
    0.01149   -0.04163    0.07127    0.01031   -0.04384    0.00348    0.00131
   -0.00246    0.00530    0.00002   -0.00148    0.00393    0.00003   -0.00191
    0.00436   -0.00099   -0.00035    0.00317   -0.00117   -0.00041    0.00225
   -0.00088   -0.00006    0.00167   -0.00094    0.00004    0.00049   -0.00085
    0.00127    0.00055   -0.00041   -0.00068   -0.00147    0.00000    0.00027
   -0.00090    0.00046   -0.00057   -0.00220    0.00098   -0.00067   -0.00194
    0.00116   -0.00104   -0.00238    0.00148   -0.00116
